note.starts,note.ends,note.durs,INI,pk.amps,pk.times,qpk.amps,qpk.times,note.rmss,rel.pk.amps,rel.qpk.amps,rel.note.rmss,rel.pk.tm,rel.qpk.tm,rel.INI,max.Hz,min.Hz,FMa,FMb,FMc,FM.resid,note.DF,arcL,chordL
993.50528,1009.79712,16.29184,40.0384000000001,0.0942854285240173,0.00626688,0.0504673086106777,0.00119808,0.0222412306558558,0.0885423412702633,0.0473932582367175,0.081055006491625,0.000384663733500943,7.35386549340039e-05,2.4575738529227,41198.73046875,11444.091796875,280273085.23754,-5254244.47651212,36994.1795265282,6270.55321904211,14686.5844726562,38040.2406601055,11210.0927783602
1049.83552,1068.14464,18.3091199999999,40.4172800000001,0.0712763741612434,0.00334848,0.0712763741612434,0.00334848,0.0193281394009075,0.0669348078943524,0.0669348078943524,0.0704386591215496,0.00018288590604027,0.00018288590604027,2.20749440715886,29373.1689453125,9918.212890625,-29280607.2428613,175902.271991249,20108.9041573661,6440.34800605948,12969.970703125,7123.30997432434,6594.94282127648
1108.56192,1124.1472,15.58528,40.67328,0.0609502196311951,0.00177152,0.0609502196311951,0.00177152,0.0177245955551736,0.057237637157348,0.057237637157348,0.0645947713063157,0.000113666228646518,0.000113666228646518,2.60972404730617,29754.638671875,9918.212890625,209677984.820565,-3152357.69999521,27976.1932708405,7047.62373039135,27084.3505859375,25497.3199891187,1800.60485408849
1164.82048,1182.39232,17.5718399999998,29.2864000000002,0.0984545946121216,0.0015872,0.0984545946121216,0.0015872,0.0233265570609784,0.0924575562972736,0.0924575562972736,0.0850103244402559,9.03263403263412e-05,9.03263403263412e-05,1.66666666666669,31661.9873046875,8773.8037109375,-56578673.3703205,26985.0076350216,22704.2606898716,6941.85985013675,17166.1376953125,17002.0332327218,16995.5959011489
1211.67872,1233.14176,21.4630399999999,34.3859199999999,0.0668520852923393,0.01057792,0.0558807477355003,0.00249856,0.0207207665314897,0.0627800100529346,0.0524769554944941,0.07551389092218,0.000492843511450385,0.000116412213740459,1.60209923664123,39291.3818359375,9155.2734375,135856238.539657,-3909832.31113868,40496.8104249306,6365.01881222736,39100.6469726562,34927.8576297485,21333.0690398293
1267.52768,1286.99392,19.46624,31.8771200000001,0.079960860311985,0.00346112,0.079960860311985,0.00346112,0.0242179984881887,0.0750903070902855,0.0750903070902855,0.088259056121855,0.000177801157285639,0.000177801157285639,1.63755917937928,37002.5634765625,8773.8037109375,127133813.065512,-3486674.63356341,37123.7362132353,8627.45617957902,11444.091796875,28114.3767738369,19697.0573651539
1318.87104,1340.3136,21.44256,33.2390400000002,0.0694440901279449,0.0089088,0.0665110051631927,0.00421888,0.0235828881490877,0.0652141314258879,0.0624597056997788,0.085944486687489,0.000415472779369628,0.000196752626552054,1.55014326647566,36239.6240234375,8773.8037109375,98791517.335711,-3450673.58244176,40365.7171133256,5352.87139117026,36048.8891601562,31695.4453067754,28568.5776398474
1373.55264,1396.04992,22.4972799999998,32.3686400000001,0.150045782327652,0.00582656,0.0974520295858383,0.0037888,0.0290217117208911,0.140906236233889,0.0915160592272338,0.105765506789326,0.000258989531178882,0.000168411470186619,1.4387801547565,25558.4716796875,8773.8037109375,59478279.4281252,-1667707.30237789,25909.8253752056,4366.06365652527,21171.5698242188,15965.3465440116,7415.27888054382
1428.41856,1449.86112,21.44256,32.6758399999999,0.139710888266563,0.00709632,0.122138522565365,0.00325632,0.0368512862744,0.131200858305678,0.114698855555114,0.134299279316623,0.000330945558739256,0.000151862464183381,1.52387774594078,27084.3505859375,9155.2734375,73642502.4848109,-1950279.51591324,26662.3324777074,5017.17469721206,16021.728515625,17865.3506583855,7959.38688024728
1482.53696,1504.88064,22.3436800000002,29.22496,0.16278563439846,0.0078336,0.121468752622604,0.00519168,0.0366489325249803,0.152870082052321,0.114069882448953,0.133561829814543,0.00035059578368469,0.000232355637030246,1.30797433547203,29754.638671875,8773.8037109375,-9438041.45030933,-420132.11393973,22543.5223495751,5603.12938132812,15830.9936523438,14099.1456644897,14099.145664489
1534.1056,1559.94112,25.8355199999999,32.9932800000001,0.179064080119133,0.0114688,0.0708336234092712,0.00622592,0.0339098173147269,0.168156979708857,0.0665190258504833,0.123579513431796,0.000443915973047961,0.000240982956797465,1.27705112960762,40054.3212890625,9155.2734375,61835046.3362085,-2109086.09409523,31395.7016189377,5257.56828448933,14877.3193359375,22752.5936510951,13216.0444554165
1592.9344,1613.63968,20.7052799999999,33.9865600000001,0.168506801128387,0.0082432,0.10440281778574,0.0038912,0.0381468796203657,0.158242762698687,0.0980434629896957,0.139020885269669,0.000398120672601387,0.000187932739861524,1.64144411473789,23651.123046875,8773.8037109375,21458092.0725871,-934624.269667293,22924.6476117302,4929.26230781773,14877.3193359375,10152.3881606294,10152.3881606155
1647.62624,1672.05888,24.43264,34.2732799999999,0.141015887260437,0.0077824,0.11697044223547,0.00441344,0.0308423765188372,0.132426367571337,0.109845571867008,0.112400661080024,0.000318524727577536,0.000180637049455155,1.40276613579212,23269.6533203125,8773.8037109375,45011253.3940612,-1221253.87811281,23410.7684372063,4872.37161976768,16307.8308105469,13598.8351297562,2968.81321355919
1706.33216,1727.71328,21.38112,34.1094399999999,0.119719788432121,0.00551936,0.0918654799461365,0.00305152,0.0298806773654879,0.112427450668694,0.0862697959131126,0.108895885093305,0.000258141762452107,0.00014272030651341,1.59530651340996,23269.6533203125,9536.7431640625,76363637.3490883,-1664234.51559093,24036.9231831302,3584.27365580673,15640.2587890625,17461.4001756376,673.386012038847
1761.82272,1786.33728,24.5145600000001,44.4723200000001,0.112738244235516,0.00825344,0.103711076080799,0.00565248,0.0314691226644992,0.105871164310067,0.0973938564590945,0.11468474839926,0.000336675020885546,0.000230576441102756,1.8141186299081,27465.8203125,9536.7431640625,68629885.6295633,-1831078.45592855,27626.4391447368,4313.86699459428,20217.8955078125,20783.0136497889,3644.01596880479
1830.8096,1848.55552,17.7459199999998,57.0572800000002,0.0598637573421001,0.00797696,0.0525715127587318,0.00075776,0.0140093412855305,0.0562173531507498,0.0493692916991083,0.0510550547499984,0.000449509521061747,4.27005193306409e-05,3.21523369878827,27084.3505859375,20599.365234375,10370215.0651802,-332135.471750748,26501.2468610491,2174.80460937705,26321.4111328125,2690.50419976074,2628.28547626092
1905.6128,1927.19872,21.58592,52.51072,0.0719155743718147,0.00229376,0.0719155743718147,0.00229376,0.0198509058771819,0.0675350733231722,0.0675350733231722,0.0723438073025867,0.000106261859582543,0.000106261859582543,2.4326375711575,31280.517578125,11062.6220703125,110936371.887854,-2692442.21001632,35627.8552359472,5024.27951274465,31089.7827148438,26245.1687209372,6427.82420315732
1979.70944,2001.75616,22.0467199999998,46.7456000000002,0.0934174731373787,0.00400384,0.0934174731373787,0.00400384,0.0230338228686073,0.0877272545357151,0.0877272545357151,0.0839434962494013,0.000181607059916397,0.000181607059916397,2.12029725963774,33569.3359375,9536.7431640625,29187751.8599854,-467305.698780913,19942.323981916,6879.61319644339,18310.546875,7625.2394801079,3884.37839242229
2048.50176,2067.73248,19.23072,45.81376,0.11959008872509,0.00392192,0.11959008872509,0.00392192,0.0245134463925795,0.112305651193394,0.112305651193394,0.0893357740507717,0.000203940362087327,0.000203940362087327,2.38232161874334,28228.759765625,9155.2734375,-69774682.3330193,680624.210873516,18702.1143296186,5997.92806150104,18119.8120117188,16034.8580601774,12715.2206828456
2113.54624,2133.07392,19.5276799999997,42.3424,0.12887766957283,0.00376832,0.12887766957283,0.00376832,0.031400048514071,0.121027509553366,0.121027509553366,0.11443301746773,0.000192973256423705,0.000192973256423705,2.1683272155218,28610.2294921875,9536.7431640625,47993642.3864301,-921224.655418547,21081.8122414982,5322.4469016448,15068.0541992188,9153.37594626285,312.049107640215
2175.41632,2200.0128,24.5964800000002,58.7468800000001,0.114877335727215,0.00662528,0.109838709235191,0.00589824,0.0292446899100874,0.107879960068132,0.103148244962478,0.106578119133151,0.000269358867610323,0.000239800166527892,2.38842631140715,33569.3359375,9155.2734375,56648708.3624895,-1155250.01198928,24548.8675913416,8059.45867785313,15068.0541992188,17636.2790642006,5856.63858979319
2258.75968,2271.80544,13.04576,60.3647999999998,0.0504634417593479,0.00508928,0.0476030334830284,0.00129024,0.0162009050722743,0.0473896269219381,0.0447034510224495,0.0590418977313943,0.000390109890109891,9.89010989010991e-05,4.62715855572998,32806.396484375,9155.2734375,405399619.597974,-4681747.99938094,31301.3250177557,7842.67946724407,26130.6762695312,34952.2739346307,7918.75208079974
2332.17024,2357.06368,24.8934400000003,44.0627199999999,0.136555194854736,0.00796672,0.0815230756998062,0.0055296,0.0304255785646236,0.128237383595021,0.0765573652579311,0.110881700128302,0.000320032908268199,0.000222130810366102,1.7700534759358,32806.396484375,9536.7431640625,45949421.8325722,-956775.992981431,24270.6397911171,5644.66829969025,23651.123046875,14617.8223970997,4656.64610840573
2401.1264,2426.34752,25.2211199999997,38.9939200000003,0.14690700173378,0.00939008,0.0839918330311775,0.00592896,0.0364720900509412,0.137958644152422,0.0788757463436369,0.132917352532551,0.000372310190824203,0.000235079171741781,1.54608201380434,32424.9267578125,9536.7431640625,90874372.6581424,-2288708.91464934,30217.6042036577,5876.94309905001,15163.4216308594,28902.8432304321,81.8310144130426
2465.34144,2491.51488,26.17344,35.5942399999999,0.193811550736427,0.01148928,0.0985879525542259,0.00590848,0.0413705099811478,0.182006156582853,0.09258279117827,0.150768948309112,0.000438967136150234,0.000225743348982785,1.35993740219092,27847.2900390625,9536.7431640625,70764386.224399,-2019851.58818129,29305.5447665128,4375.97355529986,15163.4216308594,24437.2595756022,4389.39506273498
2527.10912,2555.65824,28.5491200000001,35.4918399999997,0.22228641808033,0.01038336,0.106723889708519,0.00666624,0.0473836721552463,0.208746570891381,0.100223154438488,0.172683063881149,0.000363701578192251,0.000233500717360114,1.2431850789096,28610.2294921875,9536.7431640625,51890858.7596541,-1769134.09826742,30212.6285115721,4384.6943631426,15163.4216308594,21944.409722931,8213.46033712351
2591.15008,2617.46688,26.3168000000001,35.9423999999999,0.218296334147453,0.00797696,0.145877987146378,0.00555008,0.0465279272564913,0.204999529818202,0.136992308609421,0.16956442312799,0.000303112840466925,0.000210894941634241,1.36575875486381,28610.2294921875,9536.7431640625,44479528.6486128,-1300940.09701469,26045.0555940323,4813.94044476775,19741.0583496094,15593.7698094939,3431.21695047965
2653.40928,2682.19392,28.7846400000003,35.9935999999998,0.211013674736023,0.01069056,0.100704431533813,0.00633856,0.0507348835273585,0.198160469689227,0.0945703517911408,0.184896077797708,0.00037139807897545,0.000220206332266095,1.25044468160795,32806.396484375,9918.212890625,63253248.5514841,-1985913.26456464,31333.2900699419,4841.9913404556,15163.4216308594,26420.1226988336,4754.97141605851
2718.18752,2748.29312,30.1055999999999,33.4950400000002,0.209528133273125,0.01211392,0.136108949780464,0.00717824,0.0518163202161114,0.196765415106158,0.12781832007402,0.188837220227435,0.000402380952380954,0.000238435374149661,1.11258503401362,28610.2294921875,9155.2734375,44828937.6007595,-1790493.61471922,31567.4491550612,3112.29988364165,15163.4216308594,22483.3696219567,13273.3046743816
2781.78816,2814.13632,32.34816,35.0412799999999,0.312158912420273,0.00403456,0.312158912420273,0.00403456,0.0762565219509177,0.293144777371717,0.293144777371717,0.277906064524942,0.000124723013611902,0.000124723013611902,1.0832541943653,30899.0478515625,8773.8037109375,26503428.8747381,-1159688.68418814,31929.4725727831,5330.88204226742,29468.5363769531,15591.2569635691,9780.51555226845
2849.1776,2880.64512,31.4675200000001,36.3417599999998,0.228632375597954,0.0127488,0.218037471175194,0.00342016,0.0645603742497212,0.214705985246367,0.204756434633815,0.235281115280153,0.000405141555483239,0.000108688577936869,1.15489749430523,30517.578125,8773.8037109375,5957495.53161927,-654858.897295819,29457.9399956597,5736.3605407476,29563.9038085938,14707.6446874149,14707.6446874129
2916.98688,2949.12,32.13312,38.5536000000002,0.266180694103241,0.01461248,0.150727465748787,0.00781312,0.0618401732221797,0.249967171235173,0.141546397148012,0.225367728950164,0.000454748247291269,0.00024314850223072,1.1998087954111,29373.1689453125,8773.8037109375,29663706.9753062,-1321339.85932921,30951.2146517762,3898.99209727872,16021.728515625,17598.9904085302,11829.8853582899
2987.6736,3020.32896,32.6553599999997,36.16768,0.227664604783058,0.0135168,0.173636808991432,0.0029696,0.0639709950053389,0.213797163012589,0.163060292979234,0.233133206325895,0.000413922859830671,9.0937597993102e-05,1.10755722797116,31280.517578125,8773.8037109375,30290811.7681082,-1421214.34195119,32188.8719868456,4942.2648113909,16117.0959472656,19231.9942886657,14108.9761888608
3056.49664,3091.67104,35.1744000000003,35.67616,0.266233801841736,0.01379328,0.193207278847694,0.0048128,0.0617506259097414,0.250017044090179,0.181438691931848,0.225041386487226,0.000392139737991263,0.000136826783114991,1.01426491994177,31280.517578125,8773.8037109375,23007526.9555177,-1326343.56811791,32058.6991166573,4097.29497539214,16117.0959472656,20043.1702784197,18187.5430106434
3127.3472,3161.61024,34.2630399999998,40.6937600000001,0.271344780921936,0.0134144,0.169821321964264,0.0059904,0.0590994918648238,0.2548167046637,0.159477213814613,0.215379704966722,0.000391512253436942,0.000174835624626421,1.18768679019726,30899.0478515625,9155.2734375,42030572.8104902,-1762120.46246625,34295.3185534046,5348.95688816027,16593.9331054688,25904.6464876873,11033.5645370441
3202.304,3236.72064,34.4166399999999,172.07296,0.27439671754837,0.01557504,0.235447496175766,0.00684032,0.0643721514681711,0.257682742592818,0.221105985134419,0.234595164083635,0.00045254388574829,0.000198750371913122,4.99970246950314,31280.517578125,8773.8037109375,22840182.4888359,-1279596.81942969,33207.284210155,5937.26877951846,16593.9331054688,18858.9123126316,16985.1102334946
3408.7936,3417.36448,8.57088000000022,186.43968,0.0460887365043163,0.00249856,0.0404911153018475,0.001536,0.0146098184432113,0.0432813924713819,0.0380247319823816,0.0532434084731803,0.000291517323775381,0.000179211469534046,21.7526881720425,27465.8203125,22888.18359375,-89875197.2315596,457345.907177238,24895.4409644717,1917.25169537094,24795.5322265625,3846.01720388234,2682.37365943309
3603.80416,3634.95424,31.1500799999999,58.7571199999998,0.110078357160091,0.01591296,0.0630582347512245,0.00264192,0.0286407723666332,0.103373295521015,0.0592172494588711,0.104377227412611,0.000510848126232743,8.4812623274162e-05,1.88625904010519,42724.609375,9918.212890625,51031777.7022899,-1880339.28707872,33369.2110501803,6100.32625354929,13542.1752929688,25586.7310567136,9055.18275746197
3693.71136,3723.02848,29.3171200000002,53.16608,0.163444399833679,0.01316864,0.0919313281774521,0.00580608,0.0404379632874251,0.153488720954379,0.0863316332156573,0.147370414321357,0.000449179182675513,0.00019804400977995,1.81348236115961,40817.2607421875,9918.212890625,47994734.48069,-1725622.14621106,33134.7921620245,4502.57581869847,14591.2170410156,21682.7565171373,9339.1080103949
3776.19456,3812.49536,36.3008,42.6291200000001,0.278419196605682,0.00754688,0.278419196605682,0.00754688,0.0609487455944405,0.261460205547809,0.261460205547809,0.222119047558777,0.000207898448519041,0.000207898448519041,1.17433004231312,33187.8662109375,9918.212890625,37379051.0564401,-1618083.39863938,35503.4626176205,3616.86432675463,26893.6157226562,25540.6765343929,9481.54905162944
3855.12448,3888.82432,33.6998400000002,40.0179199999998,0.224565163254738,0.00510976,0.224565163254738,0.00510976,0.0562030879467417,0.210886513786682,0.210886513786682,0.204824172225969,0.000151625645700394,0.000151625645700394,1.1874810088119,31661.9873046875,9918.212890625,46150845.9992228,-1814751.75790243,33894.6797763326,3439.32986619666,18882.7514648438,26935.7050871836,8744.28727777978
3928.84224,3961.96864,33.1264000000001,35.8604799999998,0.26211029291153,0.01113088,0.206503838300705,0.00713728,0.0578098468377218,0.246144705165227,0.193925335130473,0.210679776817012,0.000336012364760432,0.000215455950540958,1.08253477588871,31280.517578125,9155.2734375,25688310.5209362,-1366618.5101219,31425.8393787202,4358.07663025461,22983.5510253906,19270.1970664611,17081.8686736352
3997.82912,4033.19808,35.3689600000002,35.25632,0.238268598914146,0.0134144,0.217806205153465,0.00577536,0.0577670908031797,0.223755249663736,0.204539255422344,0.210523958521208,0.000379270411117542,0.000163288940359003,0.996815286624196,31280.517578125,9155.2734375,33733465.8730575,-1588993.65997037,33545.3244330913,4908.0462127813,27561.1877441406,23422.5483438531,14001.7243488091
4068.4544,4104.5504,36.096,36.1984000000002,0.244277685880661,0.01282048,0.204981416463852,0.00787456,0.0581472080486392,0.229398312830981,0.192495646620316,0.211909241839161,0.000355177304964539,0.000218156028368794,1.00283687943263,30899.0478515625,9155.2734375,47653440.3795258,-1994113.56378013,34873.0040301243,3790.5636463194,27561.1877441406,31832.1580027557,9890.84471239803
4140.7488,4176.20992,35.4611199999999,37.2633599999999,0.277535557746887,0.0131072,0.24579843878746,0.00521216,0.0651285165626999,0.260630390648308,0.230826434068477,0.237351629253917,0.000369621715275773,0.000146982385215132,1.05082298585042,30136.1083984375,9155.2734375,25961764.4678882,-1310009.34808557,31759.7036878464,4801.78627098963,27561.1877441406,19243.2807950002,13807.7127093364
4213.47328,4248.85248,35.3791999999994,38.4102400000002,0.334507197141647,0.01230848,0.235877722501755,0.00405504,0.0787231134524351,0.314131789719027,0.221510005636584,0.286895206954209,0.000347901591895809,0.000114616497829235,1.08567293777137,32424.9267578125,9536.7431640625,40272521.0250434,-1743420.6601554,33684.4345618939,3664.20761765181,17642.9748535156,26464.635296326,11272.2052739416
4287.26272,4324.39296,37.1302400000004,37.0585599999995,0.408710718154907,0.0118272,0.244008138775826,0.00845824,0.0799353816268809,0.38381544692739,0.229145184302869,0.291313146153245,0.000318532818532815,0.000227799227799225,0.998069498069473,31280.517578125,9155.2734375,26743599.9875717,-1380489.27616072,31631.69037646,4161.88988931813,28324.1271972656,21242.3423067661,14387.7077229386
4361.45152,4397.74208,36.2905600000004,35.7273599999999,0.422568082809448,0.01263616,0.285120010375977,0.0088064,0.0855932288605146,0.396828735720327,0.26775286125215,0.311932366885532,0.000348194130925504,0.000242663656884873,0.98448081264107,32424.9267578125,9155.2734375,23629225.6725198,-1345183.67561959,32147.7504786599,3625.81842196981,18119.8120117188,20592.1782175259,17697.6665570617
4433.46944,4471.84896,38.3795200000004,38.6969599999993,0.454655349254608,0.01422336,0.249976798892021,0.00806912,0.0905444086547422,0.426961511701649,0.234750283088624,0.329976238493718,0.000370597652081106,0.000210245464247596,1.00827107790819,31661.9873046875,8773.8037109375,23294306.7875328,-1370975.75314326,33297.6925757623,3333.75075238204,16307.8308105469,22038.9100629734,18305.1673269033
4510.54592,4549.71392,39.1680000000006,38.2054399999997,0.488713413476944,0.01452032,0.239190831780434,0.00482304,0.0915279603847312,0.458945040785472,0.224621307743502,0.333560653092562,0.000370718954248361,0.000123137254901959,0.975424836601286,31280.517578125,9155.2734375,19417435.5073584,-1239087.025826,32881.1522453062,3507.22566709562,16307.8308105469,20791.3529824417,18743.6471083134
4587.91936,4628.34688,40.4275200000002,42.3628799999997,0.474232465028763,0.01401856,0.260904639959335,0.00301056,0.0988504243752471,0.445346151757892,0.245012490603361,0.36024633319137,0.000346757852076999,7.44680851063826e-05,1.04787234042552,32043.45703125,9155.2734375,18216964.6610617,-1217305.08559945,32427.5836217438,3231.23444734795,18119.8120117188,21232.6459278802,19439.1033222999
4670.70976,4709.13024,38.4204800000007,40.9292799999994,0.485748916864395,0.01328128,0.302322387695312,0.00293888,0.0996399430488493,0.456161116748939,0.283907412248124,0.363123621872211,0.000345682302771849,7.64925373134315e-05,1.06529850746265,32806.396484375,9155.2734375,25642923.348048,-1438752.69153866,33053.7365328881,3287.81029712607,18119.8120117188,22936.9978950484,17425.196371741
4750.05952,4792.64768,42.5881600000002,39.3932800000002,0.489311397075653,0.01632256,0.332856595516205,0.00528384,0.104524888895327,0.45950660017699,0.312581729071173,0.380926113264172,0.000383265207982686,0.000124068285645587,0.924981966818947,32806.396484375,8773.8037109375,17686578.631039,-1267682.17528262,34870.8208869485,3270.55688108824,16307.8308105469,23521.2510687739,21909.1950488099
4832.04096,4875.68384,43.6428799999994,40.192,0.543155193328857,0.01610752,0.314094752073288,0.00585728,0.104558894019741,0.510070678399568,0.294962701709391,0.381050040110792,0.000369075551384331,0.000134209291412484,0.920929141248253,32043.45703125,9918.212890625,27598315.224122,-1534705.95573225,35802.2695162049,2563.67873175192,18978.1188964844,28259.0383559098,14412.4499540662
4915.87584,4958.93504,43.0592000000006,41.3081599999996,0.484271258115768,0.01560576,0.330386161804199,0.00534528,0.107659568563659,0.454773464730488,0.310261773716054,0.392350008137493,0.000362425683709864,0.000124137931034481,0.959334126040405,32043.45703125,8773.8037109375,17781311.0597032,-1271558.26916676,34144.3090242134,2728.53939452637,18215.1794433594,23681.1126048167,21784.0471463953
5000.2432,5043.72224,43.4790400000002,39.9462400000002,0.47482231259346,0.01846272,0.315237194299698,0.00512,0.106768292581359,0.445900070695192,0.296035555819255,0.389101879396376,0.000424634950541685,0.000117757889778615,0.918747056052757,32424.9267578125,8773.8037109375,15644758.4989036,-1157296.92054811,33838.8223941921,3268.48123893806,16307.8308105469,22061.7730402313,20742.886487821
5083.66848,5126.8608,43.1923200000001,40.3148799999999,0.571242451667786,0.01622016,0.356437504291534,0.00557056,0.119764392993164,0.536447093632787,0.334726284226016,0.436464321679544,0.000375533428165006,0.000128971076339497,0.933380749170218,31661.9873046875,9155.2734375,17992321.559652,-1219029.95765693,33772.4561815138,3154.48172657369,18215.1794433594,22209.6531782998,19086.6796129939
5167.17568,5212.9792,45.8035199999995,38.0416000000005,0.587291419506073,0.01696768,0.347246915102005,0.00495616,0.118012275435676,0.551518491298558,0.326095509595907,0.430078978071823,0.000370444891571656,0.000108204784261124,0.830538788285287,31280.517578125,9155.2734375,15996337.9104658,-1123501.51732836,33035.3765107183,3197.06781642275,18882.7514648438,21553.9153301152,17900.6080351031
5251.0208,5295.55456,44.5337599999993,40.5401600000005,0.649954080581665,0.01657856,0.346939384937286,0.005888,0.122709221079216,0.61036426215322,0.325806711621271,0.44719632942341,0.000372269487238451,0.000132214302138425,0.910324212462659,32043.45703125,9155.2734375,18021334.0784186,-1224518.93154623,33855.3848052893,3064.14627499409,18215.1794433594,22810.4727923309,18791.5172433833
5336.09472,5382.31808,46.22336,41.0419199999997,0.695837676525116,0.01831936,0.36283665895462,0.00591872,0.127281587937356,0.653453009527339,0.340735655397043,0.463859671083913,0.000396322552060257,0.000128046078865751,0.887904297740357,31280.517578125,9155.2734375,15670330.5612239,-1154612.95873367,34079.0927212292,2950.66590536924,18215.1794433594,22647.9192307272,19888.8776936455
5423.36,5471.62112,48.2611200000001,38.9939199999999,0.755416095256805,0.01908736,0.411809891462326,0.00646144,0.135467061213258,0.709402404532105,0.386725844270191,0.493690465961289,0.000395501803522172,0.000133884998939104,0.807977933375765,31661.9873046875,9155.2734375,13031536.2604697,-1052566.47029687,33822.3272946173,2698.62400933362,18167.4957275391,22062.4839215356,20445.8203533035
5510.61504,5559.57248,48.9574400000001,40.0998399999999,0.749740481376648,0.01911808,0.466698080301285,0.00674816,0.145315616744077,0.704072502033256,0.438270699333853,0.529582127930701,0.000390504078644634,0.000137837272537126,0.819075507216058,31661.9873046875,9155.2734375,11668335.8699252,-991079.53124152,33352.3460727954,2900.65364967187,18167.4957275391,21536.2365473578,20553.6883555836
5599.67232,5652.03968,52.3673600000002,40.0384000000004,0.791229128837585,0.02072576,0.604536771774292,0.00784384,0.152192158829361,0.743034004779062,0.56771339956553,0.554642708974398,0.000395776300351974,0.000149784904184591,0.764567852952683,30899.0478515625,9155.2734375,10917190.4652426,-947254.467698276,33567.5747967763,2986.80789124763,18167.4957275391,21428.7592811878,19666.5633266895
5692.07808,5743.23712,51.1590399999995,40.9292800000003,0.823361158370972,0.02072576,0.587591409683228,0.008704,0.153080417544577,0.77320881725209,0.551800208559212,0.557879841714131,0.000405124099279427,0.000170136108887111,0.800040032025633,30899.0478515625,9155.2734375,14975458.1972742,-1108920.02803058,34815.6254465987,3972.21974636878,18167.4957275391,23520.5335721252,17536.805433799
5784.1664,5836.71808,52.5516799999996,44.56448,0.781177282333374,0.02105344,0.731319665908813,0.00991232,0.153154433129643,0.733594433495304,0.68677373004736,0.55814958100243,0.000400623538581453,0.000188620420888544,0.848012470771636,32043.45703125,9155.2734375,13277030.8792195,-1091992.01643181,35651.9485966968,3326.11962778858,17404.5562744141,24187.2605923867,20719.1167083428
5881.28256,5934.4384,53.1558400000004,44.0729600000004,0.808618426322937,0.01021952,0.808618426322937,0.01021952,0.166874382162322,0.759364090312968,0.759364090312968,0.608149986785541,0.000192255827393565,0.000192255827393565,0.829127335773456,33187.8662109375,9155.2734375,11894381.6716369,-1058340.2872912,36154.8358004441,3202.3529268339,18167.4957275391,24435.7140602633,22648.8762264211
5978.51136,6033.94048,55.4291199999998,43.79648,0.824416816234589,0.02287616,0.627285540103912,0.01026048,0.157830914943361,0.774200173183629,0.589076501377241,0.575192354832443,0.00041271014225014,0.000185109920561612,0.790134860520971,32043.45703125,9155.2734375,8187919.68251103,-878778.059325357,34723.6918260549,2528.91011494525,18167.4957275391,23604.5102959884,23553.4336977518
6077.73696,6134.44608,56.7091199999995,45.7113600000002,0.665297091007233,0.02299904,0.611504852771759,0.00851968,0.162247563977214,0.624772703483767,0.574257042791581,0.591288204996919,0.000405561574575662,0.000150234741784039,0.806067172264366,32043.45703125,9155.2734375,13573636.5878856,-1094764.05013243,35757.6603946007,3252.11565170593,18167.4957275391,25717.0721128014,18431.3182681782
6180.15744,6236.42624,56.2687999999998,45.7215999999999,0.849047958850861,0.00943104,0.849047958850861,0.00943104,0.173976837028089,0.797330990633867,0.797330990633867,0.634033874874244,0.000167606915377617,0.000167606915377617,0.81255686988171,33187.8662109375,9155.2734375,11790495.2977727,-1039874.8819097,35936.6526479365,3089.18838463628,18215.1794433594,24674.7050998903,21181.7066623788
6282.14784,6338.95936,56.8115200000002,47.7183999999997,0.794584572315216,0.02316288,0.690036296844482,0.009984,0.18618236453568,0.746185062436225,0.648005001838747,0.67851518648283,0.000407714491708722,0.000175739005046863,0.839942321557311,32043.45703125,9155.2734375,14522962.5845,-1142177.47525665,36519.0669324872,3111.08553845404,18167.4957275391,26898.8305914546,18015.2679487252
6386.67776,6447.6672,60.9894400000003,47.2985600000002,0.838809967041016,0.02569216,0.653144896030426,0.01072128,0.182724107059641,0.787716612474483,0.613360719557268,0.665912058242879,0.00042125587642713,0.000175789120214909,0.775520483546003,32806.396484375,9155.2734375,10483075.8701556,-976268.704219995,35931.491561936,2784.02610916993,18119.8120117188,24910.9566577493,20548.0606344442
6494.96576,6556.3648,61.3990400000002,46.1516799999999,0.845218122005463,0.01149952,0.845218122005463,0.01149952,0.193622348893457,0.79373443572307,0.79373443572307,0.705629152870226,0.000187291527685123,0.000187291527685123,0.751667778519009,32806.396484375,9155.2734375,8418179.95664664,-892827.357282583,35588.2433461874,2511.03284060101,18405.9143066406,24262.8562610188,23083.5333082502
6602.51648,6665.00096,62.4844800000001,44.1958399999994,0.860090970993042,0.02650112,0.755306601524353,0.01030144,0.199307171311397,0.807701353955656,0.709299580250797,0.72634668083078,0.00042412323828253,0.000164863979023271,0.707309078990485,33187.8662109375,9155.2734375,6369440.60480239,-785640.71637561,34994.4951582928,1932.55065662224,18453.5980224609,24230.4894214886,24222.0794476924
6709.1968,6771.03616,61.8393599999999,45.0867200000002,0.825518190860748,0.02793472,0.730513274669647,0.01139712,0.185388910338274,0.77523446119125,0.686016457482412,0.675623555344397,0.000451730418943534,0.000184302036761053,0.729094220897504,32043.45703125,9155.2734375,6737967.40973493,-771837.221073254,34630.6392124721,2476.55373761292,18405.9143066406,22243.9549580593,21963.215176256
6816.12288,6879.44704,63.3241600000001,45.18912,0.936864495277405,0.0266752,0.643171310424805,0.01196032,0.203308189510401,0.87979847112552,0.603994642166463,0.740927823444308,0.000421248382923673,0.000188874514877102,0.713615782664941,32424.9267578125,9155.2734375,5679574.42944113,-737370.495965357,34378.1983008047,1903.48296965502,18119.8120117188,23918.5621007641,23918.5621006846
6924.63616,6988.58496,63.9488000000001,47.7183999999997,0.806885719299316,0.02743296,0.687707960605621,0.01412096,0.204657482235889,0.757736925447638,0.645818488555831,0.745845129159796,0.000428983186549239,0.000220816653322658,0.746196957566048,32043.45703125,9536.7431640625,7717058.12894606,-812874.013742958,34838.9111503977,2762.21310282472,18167.4957275391,22388.117401197,20423.8019163317
7036.30336,7102.14656,65.8432000000003,46.3257599999997,0.851305723190308,0.02914304,0.768457353115082,0.00974848,0.220893306081573,0.799451230672869,0.721649296994251,0.805014283401821,0.000442612752721616,0.00014805598755832,0.703576982892684,32424.9267578125,9155.2734375,8439897.88046606,-862091.839881502,35492.6429213768,2884.6855408496,18215.1794433594,23855.9393451222,20173.1683894988
7148.47232,7216.34304,67.8707199999999,48.3635199999999,0.852002382278442,0.02955264,0.796110451221466,0.01572864,0.223944969132348,0.800105455060416,0.747617997439748,0.816135636002233,0.000435425467712735,0.000231744115872058,0.71258298129149,33187.8662109375,9155.2734375,6891540.62811232,-804739.671961347,36001.182375291,2416.30691065844,18167.4957275391,24112.7362501571,22872.8295224237
7264.70656,7334.98368,70.2771200000007,40.4172799999997,0.83455616235733,0.03105792,0.697703719139099,0.01492992,0.221835471517871,0.783721914333996,0.655205388283405,0.808447871530868,0.000441935013842339,0.000212443537811451,0.575112924377085,32043.45703125,9155.2734375,4514756.29473052,-643020.390467374,33738.1349153505,2069.46790575529,18215.1794433594,22891.8104894257,22891.8104892937
7375.40096,7451.09504,75.6940800000002,45.1686399999999,0.870358884334564,0.03695616,0.748580694198608,0.01854464,0.213645644841101,0.817343831074875,0.702983359482531,0.778601211302283,0.000488230519480518,0.000244994588744588,0.596726190476187,38528.4423828125,9155.2734375,5115003.64555147,-680517.681368036,36104.404041462,3149.90554123433,18215.1794433594,23064.93997873,22204.2669113444
7496.26368,7568.62976,72.3660799999998,41.6358399999999,0.854284048080444,0.04472832,0.680752217769623,0.0137728,0.231399050308495,0.802248140682872,0.639286431952659,0.843300976242189,0.000618084052639028,0.00019032121126362,0.575350219329277,32043.45703125,9155.2734375,3664660.86909422,-576090.264097833,32942.0669789076,1650.68793551131,18358.2305908203,22498.116572438,22498.1165723815
7610.2656,7690.30144,80.0358400000005,49.152,0.963525831699371,0.04067328,0.72482293844223,0.01711104,0.238464939221592,0.904835819792751,0.68067272939974,0.869051604909375,0.000508188331627428,0.000213792221084953,0.614124872057315,40435.791015625,9155.2734375,3848359.38001191,-636561.550730951,37416.5548157582,2336.15928205,27608.8714599609,26296.1654173331,26296.1654172319
7739.45344,7817.14432,77.6908800000001,50.9030399999992,0.990393102169037,0.03641344,0.905447423458099,0.01733632,0.257234191378548,0.930066558711433,0.850295067065276,0.937453478841853,0.000468696454461578,0.000223144853038091,0.655199683669424,33569.3359375,9155.2734375,4857185.62849279,-681600.632483901,36007.1917553543,2339.7829035414,18405.9143066406,24187.1311378376,23636.7981559394
7868.04736,7946.46528,78.4179200000008,52.0703999999996,0.976360142230988,0.0398336,0.873264908790588,0.01639424,0.245488632376002,0.916888370445044,0.820072844594281,0.894648457126543,0.000507965526247057,0.000209062418385999,0.664011491250968,33187.8662109375,9155.2734375,3064221.46366287,-569842.443809763,35392.0995590234,1315.66443266595,18167.4957275391,25842.8270866708,25842.8270866385
7998.53568,8082.2272,83.6915200000003,49.48992,0.915380001068115,0.0403456,0.869694888591766,0.01978368,0.249833920680526,0.859622634327861,0.816720280452248,0.910484243247418,0.000482075125412943,0.000236388107182184,0.591337330233694,33187.8662109375,9536.7431640625,3953603.49812604,-590723.418032777,35180.4953355056,2736.98556741773,18262.8631591797,22384.7218655705,21746.4323255808
8131.71712,8214.26176,82.5446399999992,50.3603199999998,0.841574132442474,0.0429568,0.791493713855743,0.01769472,0.242447267178045,0.79031240781778,0.743282473469712,0.883564633588259,0.000520406897407275,0.000214365463342019,0.610098002729193,32043.45703125,9155.2734375,2759344.85974051,-500368.699389881,33905.1306029379,2211.71060363022,25844.5739746094,22501.6334778886,22501.6334778214
8264.62208,8350.63808,86.0160000000014,49.2543999999998,0.87957090139389,0.05342208,0.872910976409912,0.01762304,0.236785964127496,0.82599472836646,0.819740470842292,0.862932818622007,0.000621071428571418,0.000204880952380949,0.572619047619036,33569.3359375,9155.2734375,3969978.4234137,-597244.739591797,35252.0622614519,2090.76365482406,25320.0531005859,22925.1240152525,21999.7167043926
8399.89248,8487.79264,87.9001599999992,50.4627199999995,0.987162053585052,0.04381696,0.917182803153992,0.0203776,0.247394875055472,0.927032318841472,0.861315624644915,0.901595487852937,0.000498485554520042,0.000231826654240449,0.574091332712022,32806.396484375,9155.2734375,2668054.651927,-486347.457133878,33518.6730783091,2457.37343914796,18262.8631591797,22135.4601076687,22135.4601075307
8538.25536,8633.02656,94.771200000001,49.9404799999993,1.00604844093323,0.02272256,1.00604844093323,0.02272256,0.274096232109692,0.944768303925514,0.944768303925514,0.998904791589473,0.000239762290653698,0.000239762290653698,0.526958400864384,32043.45703125,9155.2734375,2851219.10447603,-488143.703305618,34028.0317456931,2455.74552386001,18239.0213012695,21132.8736089635,20653.511054225
8682.96704,8775.80288,92.8358399999997,45.3734400000012,0.987348675727844,0.04831232,0.741312205791473,0.01747968,0.257932203423977,0.927207573509286,0.696157607177661,0.939997284611819,0.000520405912199428,0.000188285903375249,0.488749172733304,32806.396484375,9155.2734375,2180963.1980289,-428786.959228887,32736.3904476687,2493.60263714712,18262.8631591797,21010.1810747972,21010.1810746711
8821.17632,8919.92064,98.7443199999998,50.6265600000006,0.899153172969818,0.05210112,0.714849710464478,0.02035712,0.234615641055701,0.844384210175742,0.671306987853077,0.855023384409698,0.000527636627605518,0.000206159908742093,0.512703515503481,40435.791015625,9155.2734375,2592597.15268554,-475275.945066648,35026.082356236,2877.14501233986,19836.42578125,21912.0721967441,21651.8351282961
8970.5472,9067.97056,97.4233599999989,51.3536000000004,0.989229679107666,0.05296128,0.855968534946442,0.01866752,0.248899354829977,0.92897400174527,0.803830022563129,0.907078350729363,0.000543619928526389,0.000191612360731556,0.527117931469423,33187.8662109375,9155.2734375,2125727.82069119,-423826.630184285,33404.8267919889,2520.43382043638,18477.4398803711,21114.6703662991,21114.6703660788
9119.32416,9212.28288,92.9587200000005,50.9849599999998,1.06486260890961,0.05202944,0.679288446903229,0.01913856,0.274396753742212,1,0.637911821881701,1,0.000559704780788717,0.000205882352941175,0.548468825732535,32806.396484375,9536.7431640625,2429516.05743316,-464543.085651976,35270.0030016312,2554.92948918173,18215.1794433594,22189.0961253494,22189.096125175
9263.26784,9360.71168,97.4438399999999,52.2444799999994,1.01826548576355,0.05358592,0.682814657688141,0.02024448,0.271119630428513,0.956241187589663,0.641223245116406,0.98805698949056,0.000549915931063473,0.000207755359394704,0.536149642707014,33187.8662109375,9155.2734375,1117791.18882103,-366345.238753932,34506.3069383331,1876.75543243202,18191.3375854492,25084.3219707864,25084.3219707738
9412.95616,9512.71424,99.7580799999996,56.2790400000013,0.87862753868103,0.06086656,0.51710033416748,0.01820672,0.245310413771182,0.825108827495336,0.485602865422215,0.893998964731354,0.000610141654691031,0.000182508725107781,0.564155204270185,33187.8662109375,9155.2734375,1834818.74348651,-416979.763806479,35278.889919416,2517.05110699569,18429.7561645508,23337.5816884017,23337.5816883283
9568.99328,9670.73792,101.744639999999,59.7811199999996,0.968776702880859,0.05397504,0.657678842544556,0.02035712,0.252982183995304,0.909766851399602,0.617618495608558,0.921957641791103,0.000530495169082131,0.000200080515297909,0.587560386473432,33569.3359375,9155.2734375,1746411.05937763,-413702.369596594,35082.3072751054,2280.87675370188,18334.3887329102,24013.2006787585,24013.2006786936
9730.51904,9829.70368,99.1846400000013,73.9123199999995,0.850726723670959,0.06767616,0.53173440694809,0.02473984,0.204992621152781,0.79890749900786,0.499345551716359,0.747066495346974,0.000682325005162081,0.00024943217014247,0.74519925665908,33569.3359375,9155.2734375,2152280.50781884,-439506.728933359,35473.7662336379,2884.53980809359,18000.602722168,22419.0574342709,22419.0574340774
9903.616,9981.45024,77.8342400000001,0,0.819118678569794,0.0418816,0.314288198947906,0.00822272,0.180406063565027,0.769224754176082,0.295144365402904,0.657464277928424,0.000538087093803446,0.000105643994211288,0,32043.45703125,9155.2734375,3509768.8723407,-570034.620781983,34281.3085337154,1968.98051720033,18596.6491699219,23105.4387963964,23105.4387963008
