note.starts,note.ends,note.durs,INI,pk.amps,pk.times,qpk.amps,qpk.times,note.rmss,rel.pk.amps,rel.qpk.amps,rel.note.rmss,rel.pk.tm,rel.qpk.tm,rel.INI,max.Hz,min.Hz,FMa,FMb,FMc,FM.resid,note.DF,arcL,chordL
998.83008,1020.78464,21.95456,34.2016,0.304098904132843,0.00724992,0.26251807808876,0.00436224,0.0963988807035971,0.134227187997669,0.115873694188039,0.22804196871246,0.000330223880597015,0.000198694029850746,1.55783582089552,33950.8056640625,21362.3046875,41590398.1361125,-1415770.69984962,35058.6031981666,891.595419794432,25558.4716796875,13061.0591803823,11035.9383810634
1054.98624,1078.016,23.0297600000001,39.97696,0.417762368917465,0.0046592,0.417762368917465,0.0046592,0.109529217817363,0.184397468287292,0.184397468287292,0.259103199957335,0.000202312138728323,0.000202312138728323,1.73588261449532,33187.8662109375,21362.3046875,42148946.8714116,-1369272.90054536,34014.3839518229,805.774305805669,28610.2294921875,13061.9735993129,9179.49582727135
1117.99296,1129.3184,11.3254400000001,36.1369599999998,0.115558870136738,0.00710656,0.0990399122238159,0.00173056,0.0516828827920343,0.05100689932071,0.04371554364935,0.122261443852958,0.000627486437613016,0.000152802893309221,3.19077757685349,24414.0625,20980.8349609375,28836961.6785755,-612818.317495899,24851.0187322443,582.5778161082,23269.6533203125,3269.89690262125,3241.64714779086
1165.45536,1190.05184,24.5964800000002,31.8668799999998,0.466155588626862,0.00636928,0.405418217182159,0.00605184,0.13098350497721,0.20575790632724,0.178948843668366,0.309855634482972,0.000258950874271439,0.000246044962531222,1.2955870108243,32043.45703125,20980.8349609375,24469754.1178624,-1042464.62390352,33229.7418350564,852.037525208922,25558.4716796875,11368.5470084143,10837.0813373198
1221.91872,1244.19072,22.2720000000002,91.8118399999998,0.327678352594376,0.0072192,0.279689013957977,0.0044032,0.101497447704361,0.144634996176238,0.12345282849497,0.240103179879856,0.00032413793103448,0.000197701149425286,4.12229885057468,32043.45703125,20980.8349609375,34959422.1247419,-1241511.89042634,32756.203099301,554.029466006583,22697.4487304688,11735.2595054646,10309.6117133489
1336.00256,1360.50688,24.50432,30.12608,0.489412724971771,0.00631808,0.344855725765228,0.00600064,0.124398279882888,0.216023448129692,0.152216971864328,0.294277572954008,0.000257835353113247,0.000244880902632679,1.22941913915587,32424.9267578125,20980.8349609375,27235900.2355337,-1141935.96423647,33915.8137041823,888.140963571768,25558.4716796875,12311.0703175824,11628.2493671567
1390.63296,1412.84352,22.21056,41.8099200000001,0.315114796161652,0.0075264,0.247957393527031,0.00423936,0.101287505413541,0.139089527816122,0.109446707054971,0.239606538705548,0.000338865836791148,0.000190871369294606,1.88243430152145,31661.9873046875,20217.8955078125,30849076.3034389,-1181235.57489707,32405.6367509997,593.939319129518,22506.7138671875,11597.4484125958,11017.777383618
1454.65344,1471.55968,16.90624,31.54944,0.249398425221443,0.0065536,0.179250434041023,0.00258048,0.0929491652991559,0.110082768643907,0.0791199224387133,0.219881294163289,0.000387643852210781,0.000152634766807995,1.86614173228346,25558.4716796875,20217.8955078125,24733240.2089323,-710441.655554737,25939.94140625,568.629635979297,22506.7138671875,5261.80281482747,4941.61889854952
1503.10912,1532.06784,28.9587199999999,25.6614400000001,0.60771244764328,0.0100864,0.504296779632568,0.00722944,0.175311757042927,0.268240141117721,0.222593168625132,0.414718904646139,0.0003483026874116,0.000249646393210751,0.886138613861393,33187.8662109375,20217.8955078125,21188897.9290403,-1063662.01372789,34688.8666567595,980.88134064663,24414.0625,13664.2868133269,13033.1224721733
1557.72928,1587.23072,29.50144,28.66176,0.590075373649597,0.01062912,0.492477476596832,0.0037888,0.177857495142978,0.260455256613025,0.217376208652511,0.420741123202255,0.000360291565428671,0.000128427629295384,0.971537660534535,34332.275390625,20217.8955078125,25382795.1818592,-1212492.52786194,35878.0570652174,941.291351764895,24795.5322265625,15280.6093640102,13678.7414792738
1615.89248,1640.68352,24.7910400000001,30.43328,0.515741050243378,0.00835584,0.274170577526093,0.0058368,0.129090130949379,0.227644591836123,0.121017028186817,0.305376653631074,0.000337050805452292,0.00023543990086741,1.22759190417183,31280.517578125,20599.365234375,24977153.7015773,-1003886.92382442,31453.1828227796,890.388172279298,24414.0625,10637.6663654683,9536.55051295592
1671.1168,1699.47136,28.35456,28.32384,0.619839131832123,0.01252352,0.288504511117935,0.0026624,0.167016288098578,0.273592777040714,0.127343928983993,0.395095076489058,0.000441675695196822,9.38967136150235e-05,0.998916576381366,32424.9267578125,20217.8955078125,21439654.1175496,-1023646.30104458,33999.054799438,1147.50086282211,24700.1647949219,12649.2721505182,11787.9643440293
1727.7952,1754.83904,27.04384,29.1635199999998,0.51535964012146,0.01071104,0.295048445463181,0.00212992,0.161505054130163,0.227476240002416,0.130232377096321,0.382057657018838,0.000396062097690268,7.87580461946231e-05,1.07837940174176,33187.8662109375,20217.8955078125,26316202.0993499,-1163840.11575143,34234.7001302451,1085.22946465972,24223.3276367188,13507.7015943049,12227.8440430563
1784.00256,1811.98848,27.9859200000001,29.2454399999999,0.592132747173309,0.01092608,0.256651937961578,0.00646144,0.17128908107103,0.261363367293451,0.11328441983364,0.405202829963236,0.000390413465056713,0.00023088181485547,1.0450054884742,32424.9267578125,20599.365234375,21972511.018132,-1022208.36475719,33390.6633580626,836.692645054045,24509.4299316406,12379.3508486546,11398.3134107607
1841.23392,1870.73536,29.50144,26.3987200000001,0.64087963104248,0.01148928,0.430882006883621,0.00258048,0.182566249799279,0.282879910288126,0.190188387254153,0.431880191147539,0.000389448108295731,8.74696286011801e-05,0.894828184658109,33569.3359375,20217.8955078125,24755904.7105859,-1123669.14919529,34161.4432956861,910.582181273318,24795.5322265625,13897.7109296878,11603.9285974879
1897.13408,1926.18496,29.05088,28.25216,0.784209728240967,0.01303552,0.597589910030365,0.0031744,0.21047791278399,0.346144840351738,0.263772121862418,0.497908245940448,0.000448713429679239,0.00010927035600987,0.972506168487839,34713.7451171875,20599.365234375,26153870.4615255,-1231563.6714221,35669.0779976223,742.771370249429,25558.4716796875,15291.2937415229,13705.3545483736
1954.43712,1984.1024,29.6652799999999,30.09536,0.69776850938797,0.01098752,0.526200473308563,0.0037376,0.203596389491857,0.307990274268,0.232261310038779,0.481629259007979,0.000370383154987919,0.000125992405937177,1.01449775629962,35095.21484375,20217.8955078125,26423433.364173,-1232147.06271584,35866.4471170177,1052.06449162311,25558.4716796875,15429.4278828033,13298.6042710149
2014.19776,2041.57952,27.38176,31.5289599999999,0.708363950252533,0.0099328,0.447988092899323,0.0022016,0.208173208383986,0.312667029802195,0.19773889727681,0.492456218646759,0.000362752430815258,8.04038893044129e-05,1.15145848915482,34713.7451171875,20217.8955078125,26477873.8524678,-1200205.84880601,34800.5504812782,831.007290204532,25558.4716796875,14190.1697858453,13011.6771317924
2073.10848,2102.51776,29.4092800000003,29.1839999999997,0.686028063297272,0.01138688,0.669575393199921,0.0037888,0.200387715978158,0.302808121214583,0.295546024534169,0.474038795097207,0.000387186629526458,0.000128830083565458,0.992339832869062,35476.6845703125,20217.8955078125,30285078.6672171,-1337173.92914666,36319.2350968071,990.790368654698,25558.4716796875,16388.4706138276,13131.583808943
2131.70176,2160.72192,29.02016,29.4809599999999,0.695083558559418,0.01199104,0.550124228000641,0.00375808,0.220372557072812,0.306805155233598,0.242821092645758,0.521315096174223,0.000413196894848271,0.000129498941425547,1.01587861679604,35858.154296875,20599.365234375,26805836.5516498,-1288900.35378435,36758.7545643682,697.246088889954,25558.4716796875,16157.950611907,14829.031527828
2190.20288,2222.26432,32.0614400000004,25.4156799999996,0.675398766994476,0.01150976,0.644766569137573,0.00448512,0.209079417131455,0.298116422120215,0.284595578326829,0.494599953359536,0.000358990737783451,0.000139891408495687,0.792717981475545,35476.6845703125,20217.8955078125,25678290.9894724,-1253729.42242203,36707.6906383547,1053.21439054353,25558.4716796875,16805.6174443304,13800.732599036
2247.68,2277.9904,30.3104000000003,28.9894399999998,0.968780338764191,0.01058816,0.579883277416229,0.00531456,0.225607999801,0.427613052505251,0.255956534655747,0.533700101664983,0.000349324324324321,0.000175337837837836,0.956418918918904,35095.21484375,20217.8955078125,24974110.8169329,-1171599.07358641,35218.018751878,798.551647768741,25749.2065429688,14914.0220066612,12567.412775351
2306.97984,2337.20832,30.2284800000002,32.2559999999999,0.962148249149323,0.00784384,0.924536406993866,0.00734208,0.21823358118198,0.424685693256487,0.408084081940802,0.516255117576818,0.000259485094850947,0.000242886178861787,1.06707317073169,36239.6240234375,19836.42578125,23473672.585112,-1248981.72550268,37309.7933255709,931.278245839558,28038.0249023438,16922.2731536703,16305.4925016942
2369.46432,2399.40608,29.9417600000002,28.2828799999997,0.956755459308624,0.0080384,0.939659655094147,0.00730112,0.213817535906918,0.422305352499116,0.414759380793589,0.505808485301649,0.000268467852257181,0.000243844049247605,0.944596443228441,35858.154296875,19836.42578125,26135063.7473872,-1229583.4277349,35894.6427055027,1000.00946767976,27275.0854492188,15538.7028564296,13385.5722398994
2427.68896,2458.88,31.1910400000002,29.77792,1.06061089038849,0.00956416,0.638905107975006,0.00570368,0.227052553900944,0.468146433419441,0.282008369235587,0.5371173504801,0.000306631648063032,0.000182862770847012,0.954694681549568,36239.6240234375,19454.9560546875,23706586.5063621,-1247145.59147417,37496.1266150841,1174.82084401606,26512.1459960938,16968.5630598661,15836.0810049115
2488.65792,2520.48384,31.8259199999998,29.9622400000003,0.978334188461304,0.0101376,0.595073640346527,0.00566272,0.236256187953,0.431830056782372,0.262661457538032,0.558889541331498,0.000318532818532821,0.000177927927927929,0.941441441441457,35858.154296875,20599.365234375,21606235.5256855,-1163916.36435371,36986.6526024974,990.188986755903,26512.1459960938,16191.799895202,15157.9868310407
2550.44608,2584.08448,33.6383999999998,28.4672,0.861366450786591,0.01032192,0.789010405540466,0.00835584,0.217048829950385,0.380201292912617,0.348263826660595,0.513452460519854,0.000306849315068495,0.00024840182648402,0.846270928462715,36239.6240234375,20599.365234375,25322302.9304005,-1283581.97699828,37622.9757791037,923.577324369624,26416.7785644531,18007.8528423181,14524.3958232721
2612.55168,2644.64384,32.0921600000001,31.78496,0.888990223407745,0.00996352,0.770571649074554,0.00796672,0.228041276296813,0.392394238268332,0.340125084965189,0.539456280144203,0.000310465858328014,0.000248245054243777,0.990427568602419,36239.6240234375,20599.365234375,22637657.8822678,-1189645.83765604,37181.3651842949,998.986128745514,26416.7785644531,16395.2881917978,14863.6282825879
2676.4288,2708.92032,32.49152,31.0579199999997,0.876866459846497,0.01114112,0.533778607845306,0.00346112,0.225345932626816,0.387042891490495,0.235606247081665,0.533080153446709,0.000342893161046328,0.000106523794516231,0.955877718247706,36239.6240234375,20599.365234375,22146700.8405346,-1203081.6193641,37283.3512787126,667.267393248086,26416.7785644531,16967.9801450739,15709.7034033451
2739.97824,2773.28896,33.3107199999999,30.3820800000003,0.875502705574036,0.01069056,0.612674117088318,0.00807936,0.217216471242878,0.386440939630016,0.270430188264654,0.513849034111773,0.000320934521979712,0.000242545342760529,0.912081155856144,35858.154296875,19836.42578125,22184126.7374734,-1196570.7632439,37064.2786643153,759.106514422102,26416.7785644531,17027.379276613,15243.0364057065
2803.67104,2837.18656,33.5155199999999,29.8700799999997,0.804369509220123,0.00964608,0.639738261699677,0.00786432,0.212960620542331,0.35504323056198,0.282376117623077,0.503781359412488,0.000287809349220899,0.000234647112740605,0.891231286281691,35095.21484375,20599.365234375,19676296.9504691,-1085539.11701427,35837.893084292,570.790483120265,25558.4716796875,15664.3253280966,14280.2187943911
2867.05664,2900.45952,33.4028800000001,30.33088,0.862564384937286,0.0108032,0.608134686946869,0.00536576,0.227489044170421,0.380730052899151,0.268426514674523,0.538149915377626,0.000323421213979153,0.000160637645616186,0.908031882280806,35858.154296875,20599.365234375,22218016.3291897,-1194696.24913328,36874.4753510379,629.137302730226,26416.7785644531,17003.8283865368,15116.4905749566
2930.7904,2964.93056,34.1401599999999,30.9760000000001,0.932870745658875,0.01252352,0.617074191570282,0.00710656,0.23661899212668,0.411762802342687,0.272372351214496,0.559747793807246,0.000366826634673066,0.000208158368326335,0.907318536292747,35858.154296875,18692.0166015625,20269247.9448427,-1150761.11843938,36957.2548117217,728.392373221947,26416.7785644531,17004.1714268146,15662.3361254048
2995.90656,3030.3232,34.4166399999999,31.7747200000003,0.880423724651337,0.01155072,0.608972430229187,0.00709632,0.232364646545062,0.388613043981108,0.268796288861544,0.549683679629421,0.00033561440047605,0.00020618863433502,0.923237131806022,36239.6240234375,20217.8955078125,21371477.7002492,-1171799.54482612,37135.1487400366,751.178442876343,26416.7785644531,17110.1417191252,15014.7785660186
3062.09792,3097.23136,35.1334400000001,32.2969599999997,0.855082094669342,0.01094656,0.652140378952026,0.00642048,0.217371386863994,0.377427420864641,0.287850327826982,0.514215503752973,0.000311570970562518,0.000182745555231711,0.919265520256474,35095.21484375,19073.486328125,18062918.6634521,-1046077.51623657,35973.4095180367,832.96303051862,25558.4716796875,15834.5523852136,14456.1825461597
3129.52832,3164.35456,34.8262400000003,31.6211199999998,0.837937474250793,0.01255424,0.741162478923798,0.00610304,0.230336806025405,0.369859902018654,0.327144077283042,0.544886603761298,0.000360482211114375,0.000175242575713024,0.907968244633917,35476.6845703125,19073.486328125,18771561.7123055,-1076978.96865786,36248.6022381294,959.158719172545,25558.4716796875,16154.982006864,14739.7204382341
3195.97568,3231.55968,35.5839999999998,31.5596800000003,0.807028651237488,0.01222656,0.68553102016449,0.00627712,0.215495891522634,0.356216957762659,0.302588729756343,0.509778816865811,0.00034359712230216,0.000176402877697843,0.886906474820156,35095.21484375,18692.0166015625,17257982.4298602,-1014253.35806253,35486.0803763855,952.848079115892,25558.4716796875,15565.1213862489,14238.7707565745
3263.11936,3299.584,36.4646399999997,32.4505600000002,0.805793225765228,0.01291264,0.706264913082123,0.0068608,0.217847568675597,0.355671649361778,0.311740529071486,0.515341963282281,0.000354114012917723,0.000188149396237014,0.889918562201642,35095.21484375,19073.486328125,16968167.9903555,-1027891.75783447,36014.1246776863,800.763978600013,25558.4716796875,16213.9957058878,14919.6394801622
3332.03456,3368.83712,36.8025600000001,36.3519999999999,0.798686146736145,0.01236992,0.737951636314392,0.00622592,0.224510112539516,0.352534633016155,0.325726833193351,0.531102930715427,0.000336115748469671,0.000169170840289371,0.987757373400105,35095.21484375,18692.0166015625,16566016.528254,-1014138.76593738,35860.9548532658,815.352825335604,25558.4716796875,16156.3693033236,14885.419147422
3405.18912,3441.26464,36.0755199999999,33.87392,0.830556631088257,0.0125952,0.708907842636108,0.00628736,0.217200571798101,0.366602048046493,0.312907100201096,0.513811422257133,0.000349134260573376,0.000174283281294352,0.938972466647747,34713.7451171875,18692.0166015625,17038284.3870098,-1027665.06385803,35707.8213997075,795.1382297127,25558.4716796875,16092.6525390767,14899.1931759902
3475.13856,3511.7568,36.6182400000002,35.8297600000001,0.879095256328583,0.01268736,0.74088442325592,0.00630784,0.22412126487345,0.388026667098837,0.327021345402398,0.530183069544305,0.000346476510067112,0.000172259507829976,0.978467561521248,34713.7451171875,18692.0166015625,15949143.0256454,-979085.157392733,35447.5575714863,806.303907925292,25558.4716796875,15585.7722630199,14466.2411508208
3547.58656,3584.45056,36.864,34.4371199999996,0.869251668453217,0.0123392,0.688238501548767,0.00567296,0.222014774587695,0.38368177436045,0.303783793624804,0.525199939155952,0.000334722222222222,0.000153888888888889,0.934166666666655,34713.7451171875,18692.0166015625,15483962.2005299,-952061.69380264,35032.1598922848,666.584096994597,25558.4716796875,15214.9138192987,14054.8022320847
3618.88768,3656.9088,38.0211200000003,37.6115199999999,0.861554563045502,0.01307648,0.754938125610352,0.00666624,0.232635029347805,0.380284324384281,0.333224554037334,0.550323299365599,0.000343926743872876,0.000175329921896039,0.989227040129265,35095.21484375,18692.0166015625,14304508.2814855,-950274.114460302,35758.9414042811,764.626592169533,25558.4716796875,16112.3965313344,15451.8093474489
3694.52032,3731.90656,37.3862399999998,33.8329600000002,0.881075084209442,0.01299456,0.795173525810242,0.00641024,0.242973736702687,0.388900549659923,0.350984186030065,0.574780628765496,0.000347576006573543,0.000171459874007122,0.904957545877851,35095.21484375,18692.0166015625,15809362.596186,-1002713.46858097,35904.9999674117,792.186717722448,25558.4716796875,16408.2635323311,15390.4511241315
3765.73952,3804.23168,38.4921599999998,35.5840000000003,0.868231534957886,0.01333248,0.732999682426453,0.00649216,0.234423341827569,0.383231494373907,0.323541074427243,0.554553745773088,0.000346368715083801,0.000168661878159086,0.92444799148711,34713.7451171875,18692.0166015625,13239361.0526321,-901758.288077408,35358.7058282667,762.257474347431,25558.4716796875,15615.671702632,15094.5729095018
3839.81568,3878.15424,38.3385599999997,37.5910400000002,0.928498864173889,0.0142336,0.72576367855072,0.00744448,0.243332056306334,0.409833083589961,0.320347151531173,0.57562827250625,0.000371260683760687,0.000194177350427352,0.980502136752151,35858.154296875,18692.0166015625,13468709.5242693,-938770.516767259,35937.0631556357,645.213976685948,25558.4716796875,16522.0297121284,16194.191969587
3915.74528,3955.26144,39.5161600000001,34.5087999999996,0.888741016387939,0.01385472,0.823076784610748,0.00371712,0.250314222555638,0.392284239984737,0.36330049468446,0.592145341228911,0.000350608966053381,9.40658201606631e-05,0.873283233998433,35476.6845703125,18692.0166015625,13352932.6515679,-916434.783701919,35521.2919173702,748.895120012945,25558.4716796875,16085.2386448384,15363.0199977725
3989.77024,4027.79136,38.0211200000003,37.0278399999997,0.858628392219543,0.00636928,0.858628392219543,0.00636928,0.263318428793065,0.378992732483648,0.378992732483648,0.6229081962567,0.000167519525989764,0.000167519525989764,0.973875572313478,35858.154296875,18692.0166015625,15565924.87549,-1003854.66868825,36070.2699230563,704.673737358158,25558.4716796875,16704.0798382342,15665.4911800095
4064.8192,4105.22624,40.4070400000001,33.10592,0.886148691177368,0.0086016,0.886148691177368,0.0086016,0.261295096507294,0.391140005268131,0.391140005268131,0.618121785102969,0.000212873796249366,0.000212873796249366,0.819310694374048,35476.6845703125,18692.0166015625,14524734.9389099,-986804.234622834,36487.6912136581,640.999702427422,27847.2900390625,17362.6450466042,16158.8839488397
4138.33216,4178.71872,40.3865599999999,36.4134400000003,0.887652397155762,0.00862208,0.887652397155762,0.00862208,0.267278520167782,0.391803730859746,0.391803730859746,0.632276220312377,0.000213488843813388,0.000213488843813388,0.901622718052747,35858.154296875,18692.0166015625,13257504.4413412,-941082.099316999,36535.7944343097,685.323938890377,25558.4716796875,17018.1958490812,16383.0948387746
4215.13216,4256.0512,40.9190399999998,35.4816000000001,0.926149904727936,0.00843776,0.926149904727936,0.00843776,0.265130420528384,0.408796268866639,0.408796268866639,0.627194658501871,0.000206206206206207,0.000206206206206207,0.867117117117124,36239.6240234375,18692.0166015625,14570839.3121033,-992491.388366837,36799.142704928,701.274942154392,27847.2900390625,17586.8759062281,16214.8501541213
4291.5328,4334.00832,42.47552,35.9731199999997,1.06667697429657,0.01069056,1.01937460899353,0.0081408,0.288979809766913,0.470823961598839,0.449945019274562,0.683612965798058,0.00025168756027001,0.000191658630665381,0.846914175506261,35858.154296875,18692.0166015625,12553585.7724795,-910468.768155515,36054.5718642571,663.725404570336,27847.2900390625,16992.76525243,16023.8340479632
4369.98144,4411.58656,41.6051200000002,37.2633599999999,1.09172058105469,0.01122304,1.07709109783173,0.00867328,0.294104098829234,0.48187803929125,0.475420684897038,0.695735025281471,0.000269751415210435,0.000208466650258429,0.895643613093767,36239.6240234375,18692.0166015625,13372662.1863811,-965197.133878751,36878.891807189,661.114151449485,27847.2900390625,17823.2144309136,17009.2514147835
4448.84992,4492.8,43.9500800000005,35.60448,1.04025304317474,0.00812032,1.04025304317474,0.00812032,0.279836628154509,0.459160618120372,0.459160618120372,0.66198378172486,0.00018476234855545,0.00018476234855545,0.810111835973894,35476.6845703125,18692.0166015625,12435939.7238857,-917651.667241846,36028.0525784533,646.977808641922,27847.2900390625,17547.4052896998,16309.484477357
4528.40448,4569.66144,41.2569599999997,37.4988800000001,1.12668931484222,0.010496,0.936133742332458,0.00804864,0.281170187924847,0.49731300055007,0.413203066881587,0.66513846145977,0.000254405559692233,0.000195085629188386,0.908910399602888,35858.154296875,18692.0166015625,12794520.7760677,-922342.47150351,36081.2095397296,656.744398258649,27847.2900390625,16970.3945800309,16275.0224615295
4607.16032,4649.48224,42.3219200000003,41.29792,1.17178308963776,0.0111104,0.960710823535919,0.00982016,0.277750838993405,0.517217086045756,0.424051223367182,0.657049622083736,0.00026252117106218,0.000232034841519476,0.975804500362925,35476.6845703125,18692.0166015625,11173638.6617934,-844905.090605348,35570.8134638799,795.140903349222,27847.2900390625,16199.741682617,15744.3996092166
4690.78016,4732.7744,41.99424,41.22624,1.23246705532074,0.01031168,1.23246705532074,0.01031168,0.293737049628278,0.544002575764639,0.544002575764639,0.694866730735003,0.000245549865886369,0.000245549865886369,0.981711777615215,35095.21484375,18692.0166015625,12242028.9403023,-869678.561705267,35188.1780544249,706.195513792947,27084.3505859375,15958.6951474028,14932.473969593
4774.00064,4819.9168,45.9161599999998,38.1337599999997,1.20411694049835,0.00756736,1.20411694049835,0.00756736,0.30037305777807,0.531489027901416,0.531489027901416,0.710564925069058,0.000164808206958074,0.000164808206958074,0.830508474576269,35858.154296875,16403.1982421875,11218529.5928589,-854159.520772961,35345.9104535251,838.603324687759,27084.3505859375,16949.3466000962,15567.7694061729
4858.05056,4900.54656,42.4960000000001,41.8918400000002,1.32220804691315,0.0105984,1.32220804691315,0.0105984,0.303565527818701,0.583613639092606,0.583613639092606,0.718117057913419,0.000249397590361445,0.000249397590361445,0.985783132530124,35095.21484375,17929.0771484375,11231093.708781,-833891.371774148,34993.5090113815,627.025614595439,27084.3505859375,15802.8699305043,15154.7031156515
4942.4384,4985.78432,43.3459199999998,41.7382400000006,1.37835538387299,0.00939008,1.37835538387299,0.00939008,0.301995461322527,0.608396691748345,0.608396691748345,0.714402895962743,0.000216631230805576,0.000216631230805576,0.962910465390995,34713.7451171875,16021.728515625,10020490.7891667,-773598.545378911,34194.9676599155,925.072726643018,27084.3505859375,15156.3985167508,14705.1533496544
5027.52256,5073.87904,46.3564799999995,37.9596799999999,1.46686196327209,0.01025024,1.46686196327209,0.01025024,0.304505772619417,0.647462893929873,0.647462893929873,0.720341308587926,0.000221117738016349,0.000221117738016349,0.818864590236368,35476.6845703125,18692.0166015625,11213442.3258906,-851116.891339247,35481.0708390983,710.470847793397,27084.3505859375,16942.5615272188,15357.9563591287
5111.83872,5158.88128,47.0425599999999,39.7516800000003,1.47318935394287,0.01040384,1.47318935394287,0.01040384,0.322453247079938,0.650255761137083,0.650255761137083,0.762797998743678,0.000221158032215934,0.000221158032215934,0.845015237266008,35858.154296875,16403.1982421875,10964166.2444404,-843314.59797119,35490.0694729989,981.817356314629,27084.3505859375,17024.0550902511,15407.9507980124
5198.63296,5246.59712,47.9641600000004,43.5711999999994,1.62821805477142,0.0106496,1.62821805477142,0.0106496,0.32418718858485,0.718684375276574,0.718684375276574,0.766899824735084,0.000222032450896667,0.000222032450896667,0.908411614005103,35476.6845703125,18692.0166015625,9938375.85807563,-788141.355283479,35035.3584494081,684.518047135583,27132.0343017578,16312.2182625604,14938.7016981172
5290.16832,5338.08128,47.9129600000006,40.9087999999992,1.61361598968506,0.01020928,1.61361598968506,0.01020928,0.327786385200366,0.712239123061376,0.712239123061376,0.775414113241288,0.000213079717888435,0.000213079717888435,0.853814917717435,35858.154296875,16021.728515625,8602075.02966151,-746200.503208287,34752.397154259,1261.01286255493,27132.0343017578,16359.8575159378,16005.3063875558
5378.99008,5428.85888,49.8688000000002,41.9737599999999,1.53850734233856,0.01127424,1.53850734233856,0.01127424,0.329949597824289,0.679086676963692,0.679086676963692,0.780531426449723,0.000226078028747432,0.000226078028747432,0.84168377823408,35476.6845703125,16403.1982421875,9059289.98420442,-760874.647305462,35166.284156785,917.81753155597,27132.0343017578,16537.911769378,15414.3825941644
5470.83264,5519.57504,48.7424000000001,43.4995200000003,1.70109462738037,0.01069056,1.70109462738037,0.01069056,0.330141153190312,0.750851598766251,0.750851598766251,0.780984571366621,0.000219327731092437,0.000219327731092437,0.892436974789921,35858.154296875,16403.1982421875,9212376.92315805,-777073.440872273,35214.1345560792,1101.94524187555,27132.0343017578,16784.0138119379,15989.4607921973
5563.07456,5611.93984,48.86528,42.5472,1.50838482379913,0.01051648,1.50838482379913,0.01051648,0.32419303670872,0.665790802154525,0.665790802154525,0.766913659104018,0.000215213746856664,0.000215213746856664,0.87070410729254,35476.6845703125,16403.1982421875,7106690.76929335,-665337.321170051,34458.9171621964,1335.5125065837,27132.0343017578,15602.430308887,15542.4274849804
5654.48704,5706.58816,52.1011200000003,44.4825599999995,1.69070470333099,0.011776,1.69070470333099,0.011776,0.31321694292812,0.746265556956485,0.746265556956485,0.740948523241116,0.000226022012578615,0.000226022012578615,0.853773584905646,35476.6845703125,16021.728515625,5457224.85760322,-609752.734723046,34555.043077635,1495.37270672348,27132.0343017578,16955.017789715,16955.0177896715
5751.07072,5800.73472,49.6640000000007,47.5647999999992,1.59651684761047,0.01050624,1.59651684761047,0.01050624,0.334797804274879,0.7046916780471,0.7046916780471,0.792000382682903,0.000211546391752574,0.000211546391752574,0.957731958762857,35858.154296875,15640.2587890625,6475997.27224639,-648508.169472075,34290.9623736795,1628.95191128289,27132.0343017578,16234.3789423904,16234.3789422805
5848.29952,5899.1104,50.81088,45.3529600000002,1.7248603105545,0.00984064,1.7248603105545,0.00984064,0.329208132017307,0.761341609680312,0.761341609680312,0.778777408964011,0.000193671906489319,0.000193671906489319,0.892583635630797,35476.6845703125,15640.2587890625,6358984.52971391,-626438.476060242,33708.969602889,1549.1134161419,26178.3599853516,15443.3594132371,15412.6103726907
5944.46336,5995.40736,50.9440000000004,42.6495999999997,1.64968729019165,0.01120256,1.64968729019165,0.01120256,0.336897066840142,0.728160749771032,0.728160749771032,0.796966415117438,0.000219899497487435,0.000219899497487435,0.837185929648229,35095.21484375,15640.2587890625,5268314.16399498,-581305.747815674,34056.3002938848,1848.24963820888,27132.0343017578,15941.2309653642,15941.2309653237
6038.05696,6089.728,51.6710400000002,45.4655999999995,1.77257370948792,0.01076224,1.77257370948792,0.01076224,0.342780362600186,0.782401979453447,0.782401979453447,0.810883986958996,0.000208283789139912,0.000208283789139912,0.879904875148621,35858.154296875,15640.2587890625,5676484.8604916,-599446.984153496,34117.2833060554,1803.98011434989,27132.0343017578,15818.4227462825,15818.4227461975
6135.1936,6188.51328,53.3196800000005,46.7353599999997,1.71699190139771,0.01050624,1.71699190139771,0.01050624,0.366852690384573,0.757868547394396,0.757868547394396,0.867829679475096,0.000197042442865372,0.000197042442865372,0.876512387171101,35858.154296875,15640.2587890625,7045767.22072207,-662923.898360802,34381.1762177396,1335.14042534537,26178.3599853516,15870.8404831791,15315.8565260204
6235.24864,6288.76288,53.5142400000004,48.8345599999993,1.92170810699463,0.01149952,1.92170810699463,0.01149952,0.352304097175897,0.848228888195966,0.848228888195966,0.833413410187652,0.000214887102946803,0.000214887102946803,0.912552621507826,35476.6845703125,15640.2587890625,5879373.20701808,-608312.016217276,34394.4987566059,1486.35283083336,27132.0343017578,15753.4807861951,15716.1597934656
6337.59744,6391.95136,54.3539200000005,48.5171200000004,1.75204360485077,0.0109056,1.75204360485077,0.0109056,0.34046663284093,0.773340130899273,0.773340130899273,0.805410609202758,0.00020064054257724,0.00020064054257724,0.892614920874152,35476.6845703125,15640.2587890625,5166894.91335284,-553564.445008966,33554.3006613549,1696.98532973981,27132.0343017578,14829.9664994656,14823.5887052862
6440.46848,6495.06816,54.5996799999994,49.0496000000003,1.75888514518738,0.0101376,1.75888514518738,0.0101376,0.351595304744297,0.776359940272063,0.776359940272063,0.831736685101936,0.000185671417854466,0.000185671417854466,0.898349587396865,35858.154296875,15640.2587890625,5374012.34231198,-569600.108678475,33710.7020971171,1808.86762039635,26178.3599853516,15107.0317709807,15079.380816439
6544.11776,6600.71424,56.5964800000002,50.3500800000002,1.77744317054749,0.01030144,1.77744317054749,0.01030144,0.352376023340765,0.784551326446176,0.784551326446176,0.833583559302648,0.000182015559978288,0.000182015559978288,0.889632712140402,35858.154296875,15640.2587890625,5030917.5223703,-542282.239910883,33413.9083842201,1990.44830653557,26178.3599853516,14649.8591846064,14576.4243848013
6651.06432,6709.23776,58.1734399999996,50.7596800000001,1.7310699224472,0.01149952,1.7310699224472,0.01149952,0.350713729768536,0.764082490135935,0.764082490135935,0.829651224237943,0.000197676465411021,0.000197676465411021,0.872557648301364,35858.154296875,15640.2587890625,4647271.51393612,-527112.902128331,33665.4385482313,1927.32410987153,27132.0343017578,14956.7583612604,14936.9109743513
6759.99744,6818.77504,58.7776000000003,49.8483199999991,1.94897496700287,0.01143808,1.94897496700287,0.01143808,0.370123165273148,0.860264294751832,0.860264294751832,0.875566341216103,0.000194599303135887,0.000194599303135887,0.84808362369336,35858.154296875,15258.7890625,4934753.99230137,-541621.87137238,33863.1958421865,1872.71111814039,27132.0343017578,14936.6772126343,14786.6147140461
6868.62336,6930.23744,61.6140800000003,52.5721599999997,1.89669466018677,0.01200128,1.89669466018677,0.01200128,0.342323622909516,0.837188122900469,0.837188122900469,0.809803519867581,0.000194781452551104,0.000194781452551104,0.853249127472154,35858.154296875,15640.2587890625,4031839.39694718,-491551.108508934,33637.2609041175,1839.51599589387,26607.5134277344,14983.8835538894,14980.4181681064
6982.8096,7042.03776,59.2281600000006,52.0089600000001,1.88605141639709,0.01224704,1.88605141639709,0.01224704,0.348946233594393,0.832490267480256,0.832490267480256,0.825470021050712,0.000206777316735821,0.000206777316735821,0.878112033195014,35476.6845703125,15640.2587890625,3874716.63627484,-479929.694530508,33444.0614204513,2327.25079584218,26607.5134277344,14832.9438886328,14832.943888549
7094.04672,7156.7872,62.7404799999995,53.1968000000006,1.75155234336853,0.01299456,1.75155234336853,0.01299456,0.339299399904877,0.77312329142226,0.77312329142226,0.802649393566842,0.000207116043740821,0.000207116043740821,0.847886404439384,35476.6845703125,15640.2587890625,4039856.54484348,-494935.790749344,33945.842665069,1896.65041157883,26607.5134277344,15167.948401343,15150.1477374398
7209.984,7275.1104,65.1263999999992,51.8656000000001,1.7738790512085,0.01492992,1.7738790512085,0.01492992,0.328410170754963,0.78297814841081,0.78297814841081,0.776889745374009,0.000229245283018871,0.000229245283018871,0.796383647798753,34713.7451171875,15258.7890625,3425810.54278784,-448815.386070845,33541.8563083286,1867.14998731358,26178.3599853516,14699.3331636246,14699.3331633928
7326.976,7390.13632,63.16032,53.2172800000008,2.00228595733643,0.01455104,2.00228595733643,0.01455104,0.348017560720057,0.883795403297749,0.883795403297749,0.823273145018464,0.00023038261997406,0.00023038261997406,0.842574578469533,35476.6845703125,15258.7890625,3112515.11284149,-432038.710096201,33933.2021871249,2546.75405040679,27132.0343017578,14871.1768986775,14871.1768986182
7443.3536,7508.74624,65.39264,50.5036799999998,1.93134665489197,0.01419264,1.93134665489197,0.01419264,0.347463645458429,0.852483277682603,0.852483277682603,0.821962798613613,0.000217037269025994,0.000217037269025994,0.772314437832756,36239.6240234375,15640.2587890625,4359796.29902898,-519450.159519994,34711.1904782947,1748.95264584601,27132.0343017578,15620.3562518875,15324.8678286294
7559.24992,7624.2432,64.9932799999997,51.1795199999997,2.06689596176147,0.0149504,2.06689596176147,0.0149504,0.359717339774973,0.912313819814971,0.912313819814971,0.850950236595774,0.000230029935402554,0.000230029935402554,0.787458641878052,36621.09375,15640.2587890625,4293668.87720949,-514043.146748327,34789.6247967336,2035.51425512371,27132.0343017578,15498.5833793051,15272.3499178592
7675.42272,7743.0272,67.6044800000009,49.7868799999997,2.01846385002136,0.01564672,2.01846385002136,0.01564672,0.358014724564507,0.890936215097184,0.890936215097184,0.846922516338855,0.000231445016661615,0.000231445016661615,0.736443501969086,36239.6240234375,15640.2587890625,4019749.4146004,-486818.071655239,34374.968503064,1942.58580399456,26607.5134277344,14939.0729100688,14539.3576773286
7792.81408,7862.26176,69.4476800000002,51.5174399999996,2.25494027137756,0.01523712,2.25494027137756,0.01523712,0.375186818515928,0.995315299122192,0.995315299122192,0.88754496011637,0.000219404305514597,0.000219404305514597,0.74181657328221,36239.6240234375,15640.2587890625,3963663.18322446,-494052.221534788,34787.7562057411,1883.70825285415,26607.5134277344,15596.5461339054,15194.1113049907
7913.7792,7988.30592,74.5267199999998,54.5484800000004,2.17372274398804,0.01480704,2.17372274398804,0.01480704,0.354047253734036,0.959466434922216,0.959466434922216,0.837537035383202,0.000198680956306678,0.000198680956306678,0.731931849409185,35858.154296875,15258.7890625,3036223.6390388,-423009.930037656,33493.6146250786,1673.53821025141,26178.3599853516,14805.4516530776,14661.6521365633
8042.8544,8115.6608,72.8063999999995,52.3673600000002,2.08543944358826,0.01432576,2.08543944358826,0.01432576,0.359935108907142,0.92049878657239,0.92049878657239,0.851465393009026,0.000196765119549931,0.000196765119549931,0.71926863572434,35858.154296875,15258.7890625,3267273.11577508,-441163.030951633,33752.8385026856,1802.62347911577,26607.5134277344,14983.5582486478,14800.4226373389
8168.02816,8218.33728,50.3091199999999,10.4345599999997,1.86405670642853,0.01265664,1.62258064746857,0.01258496,0.422724296092826,0.822781952094103,0.716196062035138,1,0.000251577447588032,0.000250152656218197,0.207408915123137,35858.154296875,21362.3046875,10869073.8999369,-806240.082538969,36100.2766392692,720.691725387789,26130.6762695312,16850.8944753046,13051.5209028707
8228.77184,8243.2512,14.4793600000012,57.2211200000002,0.158703312277794,0.00617472,0.116207607090473,0.00351232,0.0627353012985273,0.070050562640826,0.0512932473997942,0.14840713410225,0.000426449787835892,0.000242574257425723,3.95190947666164,20217.8955078125,15258.7890625,-5101923.98928669,-278536.159615888,20815.2519477593,1821.69793105305,20027.1606445312,5102.65321271036,5102.65321271005
8300.47232,8352.8704,52.398079999999,12.3084799999997,1.81799948215485,0.0150016,1.76973748207092,0.00796672,0.418906287984826,0.80245260655153,0.781150087961794,0.990968089264588,0.000286300566738329,0.000152042212233734,0.234903263631032,36239.6240234375,20980.8349609375,10553845.317599,-800088.990030817,36630.7634094451,654.252869629203,26130.6762695312,17380.5231067054,12946.9241512433
8365.17888,8377.23136,12.0524800000003,59.3305600000003,0.167038142681122,0.00268288,0.167038142681122,0.00268288,0.0595922487006224,0.0737295000926606,0.0737295000926606,0.140971903558476,0.00022259983007646,0.00022259983007646,4.92268479184358,20217.8955078125,15258.7890625,-20185873.1750027,-59971.529425998,20224.8313210227,1779.41142807236,19836.42578125,3655.05150211623,3655.05150210873
8436.56192,8493.98784,57.4259199999997,11.3254400000005,1.93641686439514,0.01522688,1.79073178768158,0.01371136,0.406800970860047,0.854721233672977,0.790416831668477,0.962331653562485,0.000265156918687591,0.000238766048502141,0.197218259629112,35858.154296875,21362.3046875,8392070.96776745,-690638.346538027,35494.1748818861,721.082367618725,26607.5134277344,16432.8701500154,11985.7054767737
8505.31328,8515.52256,10.2092799999991,59.3407999999999,0.161353006958961,0.00234496,0.161353006958961,0.00234496,0.0554798136702043,0.071220119851562,0.071220119851562,0.1312434941237,0.000229689067201624,0.000229689067201624,5.8124373119363,20217.8955078125,15258.7890625,93840279.4623645,-989183.761356844,20742.4163818359,1793.13686165234,19836.42578125,4895.62610664633,317.938143685222
8574.86336,8628.8896,54.0262400000011,10.6495999999988,1.91106808185577,0.01649664,1.53671741485596,0.00882688,0.404771914438167,0.843532453466332,0.678296615146814,0.957531701346266,0.000305344958301738,0.000163381349507199,0.197119029567829,36239.6240234375,21362.3046875,9601211.59574751,-771887.659624771,36889.1364316212,593.506252385591,26178.3599853516,17350.043795445,13677.8392624723
8639.5392,8649.95328,10.4140800000005,51.9065599999994,0.180708721280098,0.0018944,0.180708721280098,0.0018944,0.0631917959570623,0.0797636005077022,0.0797636005077022,0.149487021543673,0.000181907571288094,0.000181907571288094,4.98426745329373,20217.8955078125,15640.2587890625,108378914.308647,-1271560.21162158,21076.2023925781,1827.90616560948,19836.42578125,5971.2131279894,1488.10462896719
8701.85984,8758.272,56.4121600000017,14.4793599999994,1.88804292678833,0.01640448,1.45283448696136,0.01011712,0.422156294486103,0.833369306621965,0.641271261292254,0.998656330823724,0.000290796877836259,0.000179342893447081,0.256670902160083,37002.5634765625,21362.3046875,8828464.48963063,-760192.041338531,37437.6098471982,652.692044871996,26130.6762695312,17939.9315568207,14788.9718128011
8772.75136,8782.31552,9.5641599999999,52.8179199999995,0.168475806713104,0.00132096,0.168475806713104,0.00132096,0.0547414760973972,0.0743640752183049,0.0743640752183049,0.129496876813952,0.00013811563169165,0.00013811563169165,5.52248394004283,19836.42578125,15258.7890625,17182023.0001514,-611526.913763514,20265.5792236328,2012.91717465742,19836.42578125,4277.04736857598,4277.04736857546
8835.13344,8916.77696,81.6435199999996,53.9033600000002,1.80516982078552,0.01773568,1.80516982078552,0.01773568,0.362501664520336,0.796789681282275,0.796789681282275,0.857536857641923,0.000217233161921486,0.000217233161921486,0.660228270412649,35858.154296875,15258.7890625,3518460.06519795,-464779.711168618,34837.4957130069,1890.54292425554,26607.5134277344,16204.7381182637,14493.3777930167
8970.68032,9053.98272,83.3024000000005,55.1424000000006,2.1303334236145,0.01777664,2.1303334236145,0.01777664,0.385012479554015,0.940314684015789,0.940314684015789,0.910788623016525,0.000213398893669329,0.000213398893669329,0.661954517516906,36621.09375,15258.7890625,3740986.06329318,-485235.309708098,35109.0447886007,1638.8703863869,26559.8297119141,17007.9491812508,14461.4792615277
9109.12512,9194.57792,85.4527999999991,57.3132800000003,1.90503060817719,0.01794048,1.90503060817719,0.01794048,0.338204672312349,0.840867553647644,0.840867553647644,0.80005969715562,0.00020994607549431,0.00020994607549431,0.670701018574007,36621.09375,15258.7890625,3385094.89531126,-455956.635930328,34901.8310965825,1766.65893505001,26607.5134277344,16463.4307848326,14244.1954971037
9251.8912,9338.5728,86.6815999999999,58.0300800000005,2.26555371284485,0.01458176,2.26555371284485,0.01458176,0.382268310304453,1,1,0.904296994134708,0.000168222090962788,0.000168222090962788,0.669462492616663,36621.09375,15258.7890625,2922456.09400402,-398774.935565853,33491.6644666642,1831.81939712945,21934.5092773438,14598.8201707947,12607.9917486737
9396.60288,9460.74624,64.14336,12.5849600000001,2.23652315139771,0.0160768,2.12147736549377,0.01600512,0.41843280759151,0.987186107624573,0.936405680194553,0.989848020232143,0.000250638569604087,0.000249521072796935,0.196200510855685,35476.6845703125,20980.8349609375,6757158.01442634,-625791.564548668,35309.3874268457,570.107069997659,27132.0343017578,16638.8764809759,12338.9211190305
9473.3312,9486.27456,12.9433599999993,58.6137600000002,0.169324308633804,0.00379904,0.152946308255196,0.00319488,0.0607351364210387,0.0747385981951336,0.0675094602207164,0.143675527956174,0.000293512658227864,0.000246835443037988,4.52848101265849,20217.8955078125,15258.7890625,21026951.2239614,-498513.338353599,20831.7149769176,2130.46837261247,20027.1606445312,2979.67228350586,2929.7805193985
9544.88832,9608.81664,63.9283199999991,15.2678400000004,2.00594854354858,0.01584128,2.00594854354858,0.01584128,0.403900622671395,0.885412043941223,0.885412043941223,0.955470566524292,0.000247797533237229,0.000247797533237229,0.23882748678521,36239.6240234375,21362.3046875,6888736.64164559,-631099.997367537,35542.2991950687,1024.35994452075,26607.5134277344,16716.5197679101,12192.0663394519
9624.08448,9633.87392,9.78944000000047,59.6582400000007,0.117152847349644,0.00094208,0.117152847349644,0.00094208,0.0433427871321736,0.0517104700212714,0.0517104700212714,0.102532046378181,9.62343096234264e-05,9.62343096234264e-05,6.094142259414,19836.42578125,15258.7890625,-33042351.9233675,-233870.066170186,20043.0552164714,1977.26436535374,19836.42578125,5456.00917013964,5456.00917013839
9693.53216,9787.47392,93.9417599999997,56.9753600000004,2.25867533683777,0.01693696,2.25867533683777,0.01693696,0.352811219931071,0.996963931612796,0.996963931612796,0.834613063862307,0.000180292129932418,0.000180292129932418,0.606496620885116,36621.09375,15258.7890625,2701901.60331265,-384158.376145744,33501.9325954038,1787.7197400375,21934.5092773438,15065.8752445681,12244.0856876723
9844.44928,9938.0224,93.5731199999991,57.7433600000004,2.16690468788147,0.02062336,2.16690468788147,0.02062336,0.348935366842672,0.956456991328841,0.956456991328841,0.825444314575306,0.00022039833661633,0.00022039833661633,0.617093455898456,35858.154296875,15258.7890625,2847282.36922021,-412390.264097636,34795.6012799742,1677.0703588642,21409.9884033203,16206.52933946,13658.0420095133
9995.76576,10064.86528,69.0995199999998,15.5648000000001,2.11803007125854,0.01870848,2.0578339099884,0.01697792,0.413442727920913,0.934884067965416,0.908313891796627,0.978043447566885,0.000270746887966806,0.000245702430349734,0.225251926496742,36621.09375,20217.8955078125,5976276.13944468,-612054.191754628,36418.39933459,586.717522978606,26130.6762695312,17583.9991816328,13757.4642319015
10080.43008,10088.67328,8.2432000000008,57.8457599999983,0.125539511442184,0.00366592,0.106071762740612,0.00083968,0.0381479830437481,0.0554122865109849,0.0468193546413067,0.0902431759809972,0.000444720496894367,0.000101863354037257,7.01739130434694,20217.8955078125,15258.7890625,-2643388.15386897,-634047.734950274,20372.2999209449,2247.14996753297,19836.42578125,5406.20142905103,5406.20142905103
10146.51904,10221.58848,75.0694400000011,12.1855999999989,2.25128412246704,0.01841152,2.25128412246704,0.01841152,0.396951332006461,0.993701499859878,0.993701499859878,0.939031268548837,0.000245259855408535,0.000245259855408535,0.162324375937781,36239.6240234375,19836.42578125,5301005.99573069,-565255.735173416,35455.0582912496,721.261320499294,26607.5134277344,17577.0812520243,12560.0319310512
10233.77408,10241.9456,8.17151999999987,57.6000000000004,0.121674604713917,0.00113664,0.121674604713917,0.00113664,0.0418219443913316,0.0537063429677553,0.0537063429677553,0.0989343285396303,0.000139097744360904,0.000139097744360904,7.04887218045128,20217.8955078125,14877.3193359375,-15860328.9232163,-332615.205219815,20027.1606445312,2721.82576287352,19836.42578125,3777.02526749081,3777.02526749057
10299.5456,10373.50912,73.9635200000012,17.3055999999997,2.17267298698425,0.0196608,1.92843413352966,0.01752064,0.39372555590477,0.959003079320523,0.851197710562392,0.931400346618144,0.000265817527343205,0.000236882181918867,0.233974802713546,35858.154296875,20980.8349609375,5030545.82729126,-548133.759199947,35696.8783449271,551.166386525413,26607.5134277344,16840.842479492,13021.7867347646
10390.81472,10398.12608,7.31135999999969,60.2009600000001,0.0926700681447983,0.0027648,0.0772526860237122,0.00064512,0.0291806514022119,0.0409039377964837,0.0340988101874249,0.0690299840154069,0.000378151260504217,8.82352941176507e-05,8.23389355742333,19836.42578125,14877.3193359375,158603289.232165,-1846014.38896996,20272.3911830357,1354.89157987436,19454.9560546875,5724.48030050467,5018.58070493292
10458.32704,10529.86368,71.5366400000003,17.8688000000002,2.16296982765198,0.0175104,2.16296982765198,0.0175104,0.399337465580102,0.95472017078595,0.95472017078595,0.944675925351618,0.000244775264815344,0.000244775264815344,0.249785284855427,36621.09375,20217.8955078125,5683312.37186689,-594751.13501798,36001.5378940293,704.003170497999,26607.5134277344,17657.7654599992,13462.1987038597
10547.73248,10557.83936,10.1068799999994,55.7772800000002,0.147483006119728,0.00182272,0.147483006119728,0.00182272,0.0477589563163264,0.0650979958160136,0.0650979958160136,0.112978971773695,0.00018034447821683,0.00018034447821683,5.51874366768021,20217.8955078125,14877.3193359375,-29077269.6925635,-343009.430382935,20472.2086588542,1957.9235527409,19836.42578125,6436.96985208298,6436.96985208233
10613.61664,10686.48448,72.867839999999,14.1824000000015,2.12406349182129,0.02414592,1.4936226606369,0.01409024,0.406172391124567,0.937547178766338,0.659274883737523,0.960844680276847,0.00033136593591906,0.000193367060146152,0.19463181562678,36239.6240234375,20980.8349609375,5131223.02584694,-589648.6980313,37679.1109654271,618.828078471704,26178.3599853516,18158.349789312,15721.0586520036
10700.66688,10709.92384,9.2569599999988,57.2108800000005,0.150312229990959,0.00118784,0.150312229990959,0.00118784,0.0491085711794378,0.0663467959902008,0.0663467959902008,0.116171631565397,0.000128318584070813,0.000128318584070813,6.18030973451414,20217.8955078125,14877.3193359375,133491101.770406,-1540077.69500216,21028.5186767578,2547.02708660053,19836.42578125,6066.57443930798,2817.41044352667
10767.13472,10840.36096,73.22624,78.4281599999995,1.83324074745178,0.0208384,1.15472257137299,0.0130048,0.352679426730521,0.809179997392244,0.509686689318438,0.834301292805455,0.000284575583834429,0.000177597538805762,1.0710390155223,35095.21484375,15640.2587890625,4820625.28120953,-556326.487841049,36455.5668453803,976.776703361394,26130.6762695312,17212.458227711,14889.1077856556
10918.78912,10991.1552,72.3660799999998,15.8515200000002,1.63421833515167,0.02294784,0.938941061496735,0.01255424,0.35178749046349,0.72133285822634,0.414442198467106,0.83219132118737,0.000317107683599831,0.000173482382906467,0.219046271402295,35095.21484375,20599.365234375,4943686.82618288,-560035.646006327,36612.563347118,538.004033456455,21219.2535400391,17083.0244650611,14638.2403071866
11007.00672,11014.5024,7.49567999999999,56.4224000000013,0.0969270542263985,0.00064512,0.0969270542263985,0.00064512,0.0286856069597446,0.0427829424996009,0.0427829424996009,0.0678589028945842,8.60655737704919e-05,8.60655737704919e-05,7.52732240437176,19454.9560546875,15640.2587890625,122917549.154928,-996806.193143129,19959.0410505022,2045.6443696876,19454.9560546875,3476.23489898273,565.590869152831
11070.9248,11151.91296,80.988159999999,12.2675200000012,1.44861841201782,0.0203264,1.42466378211975,0.01844224,0.378503061449539,0.639410314487224,0.628836903774312,0.895389891113388,0.000250979896320651,0.000227715261094958,0.151473005436861,37002.5634765625,20980.8349609375,4950586.53988819,-554262.483435974,36065.4429539741,534.258001944404,21219.2535400391,18609.9248733118,12417.3953295974
11164.18048,11174.79936,10.61888,56.4121599999999,0.109787754714489,0.00488448,0.0930379703640938,0.00160768,0.035222563962816,0.0484595682247713,0.0410663273338447,0.0833227810380728,0.000459980713596915,0.000151398264223722,5.31243972999035,20217.8955078125,14877.3193359375,100208441.83305,-1278741.67627973,21112.6154119318,2502.48267486785,19836.42578125,5879.65645237898,2279.23913724227
11231.21152,11310.34624,79.13472,16.5887999999995,1.41027772426605,0.01688576,1.41027772426605,0.01688576,0.377359219445827,0.622486995682469,0.622486995682469,0.892684009255438,0.000213379917184265,0.000213379917184265,0.209627329192541,36239.6240234375,20980.8349609375,4563480.82636564,-536233.873532892,36538.5385176946,485.070756422571,21553.0395507812,17648.384801546,13856.8136169875
11326.93504,11337.33888,10.403839999999,60.8051200000009,0.103730104863644,0.0052224,0.0709128826856613,0.0018432,0.0315472902580054,0.0457857627808745,0.0313004641133033,0.0746285239566119,0.000501968503937054,0.000177165354330725,5.84448818897701,20217.8955078125,19073.486328125,33042351.9233677,-348206.542964493,20392.7357991537,406.521921361655,20217.8955078125,1788.5504837191,46.1847311342788
11398.144,11479.296,81.152,94.2899199999993,1.29837191104889,0.01865728,1.29837191104889,0.01865728,0.347587558385821,0.573092530840299,0.573092530840299,0.822255928032804,0.000229905362776025,0.000229905362776025,1.16189274447949,35858.154296875,20980.8349609375,4551841.71128362,-536877.853274866,36436.2918836181,641.667033851315,21219.2535400391,18069.829261232,13591.8883654228
11573.58592,11657.14432,83.5583999999999,83.240960000001,1.29452872276306,0.02172928,1.24703562259674,0.0185344,0.337105792233923,0.571396173669847,0.550433042274174,0.797460177590308,0.000260049019607843,0.000221813725490196,0.99620098039217,36239.6240234375,20980.8349609375,4318239.60371845,-534214.832695076,37388.3680863814,577.801734318968,21743.7744140625,18556.0320063775,14488.1609446608
11740.38528,11817.4208,77.0355199999995,24.5760000000009,1.12452876567841,0.030464,0.810618102550507,0.01713152,0.285762021344236,0.496359348843837,0.357801317159069,0.676000939585184,0.000395453941246846,0.000222384686959991,0.319021666888224,37002.5634765625,20980.8349609375,4548386.80065884,-554589.124093355,37814.1114366621,495.796674275566,24795.5322265625,18079.9989269596,15730.790441723
11841.9968,11848.704,6.70719999999892,65.607680000001,0.0840899795293808,0.00259072,0.0409497581422329,0.00021504,0.0197254490129008,0.0371167450379224,0.0180749447298746,0.0466626810789443,0.000386259541984795,3.20610687022952e-05,9.7816793893147,19454.9560546875,15258.7890625,154638207.001361,-1038383.0937956,19468.5799734933,2270.74335188493,19454.9560546875,3478.31831153536,8.00646656914851
11914.31168,11997.24544,82.9337599999999,19.7427200000002,0.953648328781128,0.02567168,0.729712903499603,0.01467392,0.272304728998023,0.420933886216997,0.322090312563504,0.644166260408717,0.000309544388196074,0.000176935424126436,0.238054080750713,36239.6240234375,20980.8349609375,3957591.23967329,-493886.690846009,35852.1604871416,565.853195041517,20980.8349609375,17077.7057014189,13739.5339111431
12016.98816,12024.69888,7.71071999999913,66.6828800000003,0.0756789594888687,0.0027136,0.0362785160541534,4.096e-05,0.017760362172764,0.033404177998428,0.0160130902430023,0.042014055820591,0.000351925630810133,5.31208499336049e-06,8.64807436919092,19836.42578125,15258.7890625,59476233.4620614,-755660.16935876,20231.5194266183,2245.1076896499,19454.9560546875,2509.91183794511,2290.51245178211
12091.38176,12193.55648,102.174719999999,71.97696,1.18811976909637,0.0275968,1.02724707126617,0.02433024,0.273831180042702,0.524427985247128,0.453419870578245,0.647777245296001,0.000270094207255966,0.000238123872519545,0.704449789536987,36621.09375,18692.0166015625,2686996.5522465,-402880.231244348,35068.0996635757,1368.40299254047,20813.9419555664,17090.5240159842,13112.8083699255
12265.53344,12371.79392,106.260480000001,74.9875200000006,1.35622870922089,0.02301952,1.35622870922089,0.02301952,0.282765717386038,0.598630128048421,0.598630128048421,0.6689128588056,0.000216632938228774,0.000216632938228774,0.705695287655392,35095.21484375,18692.0166015625,2228910.38060009,-353044.222672013,34054.3282301749,1375.93976244238,21052.360534668,15612.5224530776,12347.3759410991
12446.78144,12541.7472,94.9657599999991,71.49568,1.26841032505035,0.02158592,1.26841032505035,0.02158592,0.279484117528186,0.559867690560121,0.559867690560121,0.661149879747659,0.00022730213500108,0.00022730213500108,0.752857450938113,34332.275390625,18692.0166015625,2833310.81860639,-398043.103070501,34062.8315015706,1256.95189074728,26655.1971435547,15711.6620964284,12248.2647234455
12613.24288,12709.18144,95.9385600000005,71.9871999999996,1.38902604579926,0.02315264,1.38902604579926,0.02315264,0.300217135443159,0.613106649347572,0.613106649347572,0.710196073937595,0.000241327783114525,0.000241327783114525,0.750346888675411,34713.7451171875,18692.0166015625,2565511.76208791,-378027.002912886,34121.6368152949,1155.2335180683,26655.1971435547,15197.1903712375,12653.8642252481
12781.16864,12887.15264,105.984,73.2876799999995,1.06047868728638,0.02292736,1.06047868728638,0.02292736,0.255728753804169,0.46808807986933,0.46808807986933,0.604953999966005,0.000216328502415458,0.000216328502415458,0.691497584541055,33569.3359375,17929.0771484375,1983610.41933617,-324536.83066818,33280.1104658407,1183.04096702193,21505.3558349609,14434.0115719936,12114.5926890769
12960.44032,13064.98048,104.54016,71.7107199999991,1.09142088890076,0.02464768,1.09142088890076,0.02464768,0.254273916402947,0.48174575721282,0.48174575721282,0.60151242489055,0.000235772357723576,0.000235772357723576,0.685963365657742,34332.275390625,18692.0166015625,1884719.22917606,-312612.514811325,33262.5965438884,1024.33773754277,26631.3552856445,13842.8973793476,12083.1348369302
13136.6912,13226.48576,89.7945600000003,0,0.931333959102631,0.03538944,0.687462687492371,0.01836032,0.253325268454938,0.411084475209002,0.303441354576902,0.599268295663115,0.000394115634621963,0.000204470293077887,0,35095.21484375,18692.0166015625,2051198.27314909,-358656.368120739,35080.7049113636,524.187014540345,23126.6021728516,15689.4612729341,15666.4498534912
