note.starts,note.ends,note.durs,INI,pk.amps,pk.times,qpk.amps,qpk.times,note.rmss,rel.pk.amps,rel.qpk.amps,rel.note.rmss,rel.pk.tm,rel.qpk.tm,rel.INI,max.Hz,min.Hz,FMa,FMb,FMc,FM.resid,note.DF,arcL,chordL
955.96544,963.70688,7.74144000000001,34.43712,0.0304785147309303,0.00181248,0.0304785147309303,0.00181248,0.0155070845489427,0.0159754238319651,0.0159754238319651,0.0336691863589963,0.000234126984126984,0.000234126984126984,4.4484126984127,22125.244140625,18692.0166015625,-19825411.154021,-360679.613160234,22029.8767089844,241.661399930901,21362.3046875,3980.31435907665,3980.31435907642
998.144,1018.48064,20.33664,34.4473600000001,0.238553732633591,0.00980992,0.174675300717354,0.0024064,0.072683145654317,0.125038802551996,0.0915566912157895,0.157810603822375,0.000482376636455187,0.000118328298086606,1.69385699899296,30899.0478515625,21362.3046875,34286299.2898946,-1133765.39529247,31328.2012939453,533.029583957411,22888.18359375,9868.55830154284,8876.88783492811
1052.928,1073.54112,20.61312,35.0105599999999,0.305438786745071,0.00746496,0.166327565908432,0.00466944,0.0956252169157958,0.160096845796159,0.0871811957959278,0.207622731326173,0.000362146050670641,0.000226527570789866,1.69846000993542,30517.578125,20980.8349609375,21613585.4934029,-889745.673963002,31236.5737615847,678.287131628782,26321.4111328125,9156.84569526513,9156.80639252445
1108.55168,1136.39424,27.84256,24.3711999999998,0.745286345481873,0.00441344,0.745286345481873,0.00441344,0.2084434634262,0.390644536007081,0.390644536007081,0.452575195115568,0.000158514159617506,0.000158514159617506,0.875321809488775,34713.7451171875,21362.3046875,32441581.8883975,-1291636.54111978,35466.8839646894,1073.64426444847,25558.4716796875,14899.2648172368,10813.489301431
1160.76544,1185.9968,25.23136,30.8428800000002,0.463332861661911,0.01440768,0.411013066768646,0.00458752,0.14120108225088,0.242857596758631,0.215433986861618,0.306577650840305,0.000571022727272727,0.000181818181818182,1.2224025974026,33950.8056640625,20980.8349609375,29633772.4617992,-1252887.07729345,34661.9742257254,846.126003108911,23651.123046875,13738.8770867488,12746.5473978393
1216.83968,1241.36448,24.5247999999999,31.85664,0.331976503133774,0.01082368,0.303886264562607,0.005376,0.104594972030425,0.1740066859109,0.15928308567391,0.227097981854138,0.000441336116910231,0.000219206680584552,1.29895615866389,35095.21484375,20599.365234375,40395553.9551066,-1501428.12566755,35687.2099682801,627.727036225269,24604.7973632812,15376.9763281425,12525.679712795
1273.22112,1296.90624,23.6851200000001,34.1708799999999,0.294787108898163,0.00694272,0.292464524507523,0.00251904,0.10949256657005,0.154513730292396,0.153296339276018,0.237731703669803,0.000293125810635537,0.000106355382619974,1.44271508862948,35476.6845703125,20599.365234375,41066630.8238907,-1539216.33661144,36125.469924812,575.169891137943,24604.7973632812,15426.8816770488,13418.7634659284
1331.07712,1352.48896,21.41184,34.8979200000001,0.267014294862747,0.00361472,0.267014294862747,0.00361472,0.0875509029969032,0.139956509274935,0.139956509274935,0.190091674524476,0.000168818747011,0.000168818747011,1.62984218077476,33569.3359375,20599.365234375,37551661.1270272,-1368878.69231549,34481.871361826,842.6561705225,25177.001953125,12855.9994280875,12094.0181659724
1387.38688,1411.21536,23.8284799999999,33.28,0.323282957077026,0.00382976,0.323282957077026,0.00382976,0.0952605782502298,0.169449932273613,0.169449932273613,0.206831023049489,0.000160721959604642,0.000160721959604642,1.39664804469274,33569.3359375,20599.365234375,35305190.3894509,-1335888.55868373,34524.4443506226,854.363731021296,24986.2670898438,13487.8476154561,11786.0317114994
1444.49536,1468.28288,23.7875200000001,32.62464,0.411810666322708,0.00335872,0.411810666322708,0.00335872,0.110592316731612,0.215852051555283,0.215852051555283,0.240119495715504,0.000141196728368488,0.000141196728368488,1.37150236762806,33950.8056640625,20599.365234375,34339494.407542,-1305446.02925862,34208.9430730146,497.92293468089,31089.7827148438,13191.3843667186,11622.45427731
1500.90752,1524.52096,23.6134400000001,35.2153599999999,0.371253907680511,0.0032768,0.371253907680511,0.0032768,0.107777982318646,0.194594079692819,0.194594079692819,0.234008975744608,0.000138768430182133,0.000138768430182133,1.49132697311361,32806.396484375,19836.42578125,32277160.6156687,-1241471.66509676,33707.0092222744,1030.36408760027,30899.0478515625,12557.4238294685,11317.847870819
1559.73632,1584.92672,25.1904,32.1126400000001,0.357912570238113,0.0034304,0.357912570238113,0.0034304,0.108015745466008,0.187601169375201,0.187601169375201,0.234525210223924,0.000136178861788618,0.000136178861788618,1.27479674796748,32806.396484375,20980.8349609375,33162505.9303618,-1221067.81767927,33688.7310077618,951.143850470997,24795.5322265625,12764.6031151774,9715.71127909638
1617.03936,1639.8848,22.8454400000001,35.05152,0.466038793325424,0.00256,0.466038793325424,0.00256,0.124145583808646,0.244275920635847,0.244275920635847,0.269546527827804,0.000112057373375168,0.000112057373375168,1.5342895562528,32424.9267578125,20599.365234375,31779990.8622706,-1174871.92775773,32809.7427100466,809.319607844594,25367.7368164062,11462.8343101495,10254.0398893486
1674.93632,1701.15072,26.2144000000001,32.8704,0.406877547502518,0.00417792,0.406877547502518,0.00417792,0.115989914403757,0.213266339467219,0.213266339467219,0.251838830922632,0.000159375,0.000159375,1.25390625,33950.8056640625,20980.8349609375,28817165.1373774,-1202943.33352756,34577.8290260181,655.231375391757,24700.1647949219,13376.393915679,11731.4326298994
1734.02112,1763.21536,29.1942399999998,32.4608000000001,0.407193839550018,0.00375808,0.407193839550018,0.00375808,0.112712783176411,0.21343212508893,0.21343212508893,0.244723480408604,0.000128726762539461,0.000128726762539461,1.11189056471414,33187.8662109375,20599.365234375,23947216.0026431,-1070153.2689681,33619.092858356,800.639063081244,24795.5322265625,13079.5000142406,10832.0117843816
1795.67616,1818.39872,22.7225599999999,43.2742400000002,0.312444090843201,0.00210944,0.312444090843201,0.00210944,0.10842396036811,0.163768701299204,0.163768701299204,0.235411531799718,9.28346101847682e-05,9.28346101847682e-05,1.90446146913025,31661.9873046875,20980.8349609375,22356271.1744048,-955579.521026849,31866.1070706552,568.819130352498,24604.7973632812,10251.9449788997,10170.3408200782
1861.67296,1886.86336,25.1904,32.69632,0.378459870815277,0.01045504,0.326913505792618,0.00252928,0.11767949594536,0.198371111356326,0.171352897525897,0.255507272634767,0.000415040650406505,0.000100406504065041,1.2979674796748,32424.9267578125,20599.365234375,28874905.0492051,-1113196.64840269,32625.8176332944,738.440939404359,24700.1647949219,11739.0811142824,9719.11732245623
1919.55968,1946.27584,26.7161599999999,31.6723199999999,0.413052678108215,0.00785408,0.411132901906967,0.00339968,0.127948860304081,0.216503056528882,0.215496798883186,0.277804251882603,0.000293982368723649,0.000127251820620928,1.1855116903028,32806.396484375,20599.365234375,27523791.1124344,-1127461.40883562,33365.3541017831,780.209551354844,24795.5322265625,12615.9475452346,10476.2452680538
1977.94816,2005.8624,27.9142400000001,31.6415999999999,0.414942353963852,0.00937984,0.366245448589325,0.00443392,0.127628554036171,0.217493536969459,0.191968877728972,0.277108798692018,0.00033602347762289,0.000158840792369772,1.13352898019075,33569.3359375,20599.365234375,25639820.2750813,-1139420.71412628,34593.1222787488,665.336744621884,24700.1647949219,13490.252221495,11827.3923795459
2037.504,2065.79712,28.2931200000003,31.78496,0.439805567264557,0.00939008,0.41069433093071,0.00464896,0.136730271580035,0.230525680228731,0.215266920318303,0.296870567785628,0.000331885631559895,0.000164314151284834,1.12341657618529,33950.8056640625,20217.8955078125,21329948.2850768,-1057602.1393739,34442.7206770705,587.289255827558,24604.7973632812,13371.2999195781,12848.2270024198
2097.58208,2128.41472,30.8326400000001,29.6550399999996,0.50216281414032,0.0138752,0.45242503285408,0.00529408,0.144822558930614,0.263210456919107,0.237140218801405,0.314440648739097,0.00045001660577881,0.000171703752906011,0.961806708734625,33950.8056640625,20217.8955078125,21608673.4330737,-1069383.48320792,34877.923818735,950.254330225863,25463.1042480469,14031.5612206323,12429.5940555464
2158.06976,2188.99456,30.9248000000002,29.3990399999998,0.504260003566742,0.00939008,0.413099080324173,0.00605184,0.144732967071684,0.264309706349035,0.216527378418358,0.314246125714151,0.000303642384105958,0.000195695364238409,0.950662251655615,33950.8056640625,20217.8955078125,20763094.6320138,-1051611.03313773,34537.9756047175,788.232673761937,25463.1042480469,13966.8302726606,12664.2153725319
2218.3936,2247.33184,28.93824,32.5734400000001,0.502596855163574,0.00995328,0.439269363880157,0.00525312,0.150763248645585,0.263437961092725,0.23024462728368,0.327339152547665,0.000343949044585988,0.000181528662420382,1.12561924982308,33950.8056640625,20599.365234375,23928409.288505,-1123964.95323155,35063.7021272079,681.326641951308,24604.7973632812,13910.1683217716,12487.3975628743
2279.90528,2312.69376,32.7884800000002,29.6448,0.502873420715332,0.01028096,0.416150838136673,0.00530432,0.148645879907471,0.263582923927878,0.218126968323496,0.322741893636148,0.000313554028732041,0.000161773891317926,0.904122423485318,33950.8056640625,19836.42578125,19737298.2155584,-1039180.87278676,34850.6829677484,862.346405348901,24509.4299316406,14502.8579252616,12853.899445331
2342.33856,2374.74816,32.4096,29.9519999999998,0.545405089855194,0.0139776,0.420597016811371,0.00579584,0.151705032119435,0.285876052277097,0.22045744897152,0.329383965238974,0.000431279620853081,0.000178830963665087,0.924170616113738,34332.275390625,19454.9560546875,20054976.3013858,-1062283.32252241,35147.5120609642,979.061746369271,24509.4299316406,14771.0285080085,13362.7879995947
2404.70016,2437.14048,32.4403200000002,31.16032,0.528178453445435,0.01731584,0.417271643877029,0.00702464,0.163481112177672,0.276846648440506,0.21871444270975,0.3549523454724,0.00053377525252525,0.000216540404040403,0.960542929292923,35095.21484375,19454.9560546875,22410744.9638197,-1139747.53123529,35664.2242170807,850.559883071103,24509.4299316406,15592.8966348033,13389.281205947
2468.3008,2501.76512,33.46432,29.3478399999999,0.499082714319229,0.01069056,0.380116671323776,0.00822272,0.150713505963192,0.261596011447565,0.199239529340665,0.327231150580036,0.000319461444308445,0.000245716034271725,0.876988984088123,33950.8056640625,19454.9560546875,16910906.266421,-959799.197981173,34684.6341795683,869.645499538876,24509.4299316406,14056.1193033128,13181.1679469821
2531.11296,2564.51584,33.4028800000001,32.4096,0.593206465244293,0.01452032,0.393038362264633,0.0071168,0.161468380629019,0.310931316233801,0.206012480425331,0.350582276205779,0.000434702636419373,0.000213059472716124,0.970263641937458,33950.8056640625,19454.9560546875,17703922.7125819,-992650.27986851,34918.6861180269,995.398235865655,24414.0625,14424.5377051943,13404.1840608974
2596.92544,2630.43072,33.5052799999999,32.6144000000004,0.584690988063812,0.01506304,0.425193220376968,0.00782336,0.167937614859611,0.306467898042639,0.222866565709216,0.364628362832982,0.000449572127139366,0.000233496332518338,0.973410757946226,34332.275390625,19836.42578125,18151265.3232367,-1022233.84379431,35357.4461698241,907.287808367604,24509.4299316406,14911.2779106318,13873.5519551937
2663.04512,2697.23648,34.1913599999998,30.2182400000002,0.585423409938812,0.01467392,0.466219037771225,0.0078848,0.169331627965391,0.306851799619872,0.244370396414619,0.367655062461609,0.000429170410302488,0.000230607966457024,0.883797544174912,33187.8662109375,19454.9560546875,14495396.4016782,-875816.860826639,33928.8821165589,888.464285633731,24127.9602050781,13459.0394105335,12999.5394846879
2727.45472,2761.29792,33.8431999999998,32.07168,0.629056751728058,0.01521664,0.448078900575638,0.00809984,0.170657955277027,0.329722373676449,0.234862177834158,0.370534801801881,0.000449621785173982,0.000239334341906204,0.947655068078675,33950.8056640625,20217.8955078125,16192446.9220361,-943221.741438969,34910.0692804917,733.500831265869,24127.9602050781,14096.2501209421,13375.4256327118
2793.3696,2829.3632,35.9935999999998,30.9555200000004,0.560445725917816,0.01492992,0.466263920068741,0.00800768,0.162658696974556,0.293759656118163,0.244393921633341,0.353166706743805,0.000414793741109533,0.000222475106685634,0.860028449502151,33950.8056640625,19836.42578125,16105736.3115068,-928155.59849593,34438.9177895532,657.017061702395,24127.9602050781,14202.2344367478,12542.0479539633
2860.31872,2894.5408,34.22208,32.7372799999998,0.617248177528381,0.0155136,0.510755836963654,0.00443392,0.180746726098375,0.323532866761284,0.267714520939694,0.392439673981115,0.000453321364452424,0.000129563135846798,0.956612806702568,34332.275390625,19454.9560546875,17604824.871977,-1000260.82553819,35359.3413922457,906.55658882761,24509.4299316406,14803.0216755259,13613.1019723319
2927.27808,2963.15904,35.88096,32.8499200000001,0.592327356338501,0.015872,0.516042113304138,0.00528384,0.184356427791037,0.310470528118354,0.270485341820491,0.400277105872779,0.000442351598173517,0.000147260273972603,0.915525114155255,34713.7451171875,19454.9560546875,16521760.2649894,-963109.358917736,35425.4774272148,929.003796767435,24127.9602050781,14784.9987152528,13286.4589822345
2996.00896,3032.30976,36.3008,35.1436799999997,0.653666973114014,0.00961536,0.619982540607452,0.00536576,0.202754374675189,0.342621910307745,0.32496609306789,0.440222970636099,0.000264880112834979,0.000147813822284908,0.968124118476719,35095.21484375,19454.9560546875,16283364.5163645,-981753.406764109,35747.7535755176,820.828714212253,24127.9602050781,15414.7760430185,14181.0617305082
3067.45344,3100.32384,32.8704000000002,37.1711999999998,0.658661186695099,0.0075776,0.658661186695099,0.0075776,0.212074081074882,0.345239645435901,0.345239645435901,0.460458040006619,0.000230529595015575,0.000230529595015575,1.13084112149531,34332.275390625,19073.486328125,18476605.403713,-999959.99650459,34330.8780656193,848.29728984878,27465.8203125,14153.2904395016,12905.7929404634
3137.49504,3173.74464,36.2496000000001,35.4201600000001,0.72491317987442,0.00941056,0.698900163173676,0.00477184,0.208849715652813,0.379965867500719,0.366331050626896,0.453457255304472,0.000259604519774011,0.000131638418079096,0.977118644067797,35858.154296875,19454.9560546875,16101061.8850632,-988364.293266323,35751.5118979468,670.567915600008,24127.9602050781,15664.9146021623,14670.4755801093
3209.1648,3245.37344,36.2086399999998,34.07872,0.752893805503845,0.00984064,0.631861507892609,0.00548864,0.213144021503934,0.394632013717483,0.33119249677364,0.462781108768197,0.000271776018099549,0.000151583710407241,0.941176470588239,34713.7451171875,19836.42578125,15126443.9715676,-942005.375083747,35604.4675329049,720.492498053367,22983.5510253906,15054.9115392588,14276.9730019781
3279.45216,3316.56192,37.1097600000003,34.4473600000001,0.714449942111969,0.00892928,0.714449942111969,0.00892928,0.214211857888107,0.3744815235494,0.3744815235494,0.4650996091998,0.000240618101545252,0.000240618101545252,0.928256070640173,35476.6845703125,19454.9560546875,16462123.6308457,-990684.37863691,35517.5048013418,671.298324532556,24127.9602050781,15716.007339968,14093.5046339025
3351.00928,3384.95488,33.9455999999996,34.6316800000004,0.829644858837128,0.00887808,0.690398216247559,0.0043008,0.221264533507215,0.434861356169812,0.36187472436754,0.480412471459617,0.000261538461538465,0.000126696832579187,1.02021116138766,35095.21484375,19836.42578125,14491189.4178791,-913743.008160112,34989.4839183169,633.137855333195,26607.5134277344,14488.7631647806,14319.3026140203
3419.58656,3456.18432,36.5977599999997,35.5635200000002,0.749881565570831,0.00888832,0.749881565570831,0.00888832,0.210547444192849,0.393053137251937,0.393053137251937,0.457143385886986,0.000242865137101289,0.000242865137101289,0.971740346950209,35476.6845703125,19073.486328125,16243631.8915938,-971984.121752265,35332.9287373961,736.456507584511,22983.5510253906,15264.9501370124,13815.7854293754
3491.74784,3530.05568,38.3078399999999,35.6249600000001,0.911604881286621,0.0111616,0.886269807815552,0.0092672,0.237768785555739,0.477820998641473,0.464541528165717,0.516246721036562,0.00029136594493451,0.000241913926757552,0.929965249933177,35476.6845703125,19836.42578125,14238350.0685133,-907292.432542732,35241.4961784117,660.011731325459,27465.8203125,15045.3610646998,13861.768376237
3565.68064,3603.88608,38.2054400000002,35.5225599999999,0.978439211845398,0.00919552,0.978439211845398,0.00919552,0.238587399676775,0.512852454951862,0.512852454951862,0.518024106805646,0.000240686143125166,0.000240686143125166,0.92977753953363,35095.21484375,19454.9560546875,13712392.2753838,-908666.863595307,35296.4093608241,546.197424977627,27465.8203125,15406.263115726,14700.6465377703
3639.40864,3677.7472,38.3385599999997,34.7033600000004,0.999578893184662,0.00963584,0.991575717926025,0.00956416,0.248457031029571,0.523932895453928,0.519738002169694,0.539453180482461,0.000251335470085472,0.000249465811965814,0.905181623931642,35476.6845703125,19454.9560546875,15231825.89998,-972119.619331077,35935.9864265688,605.054176009757,26702.880859375,16139.8746589592,14881.2404274961
3712.45056,3751.53664,39.0860799999996,37.6627200000003,1.05956268310547,0.0088576,1.05956268310547,0.0088576,0.271554786536645,0.555373616089175,0.555373616089175,0.589603331672243,0.00022661776264082,0.00022661776264082,0.963583966465828,35476.6845703125,19454.9560546875,14069646.625434,-910915.66981803,35202.2724766885,663.886437466837,26702.880859375,15378.2365358565,14109.618989577
3789.19936,3827.89632,38.6969599999998,36.4851200000003,1.16366910934448,0.01137664,1.07245111465454,0.00951296,0.283884444234166,0.609941376279656,0.562129134143234,0.616373646972341,0.000293993119872984,0.000245832230748877,0.942842021698875,35858.154296875,19454.9560546875,13598820.6764481,-917234.584064163,35756.480309271,641.725879665803,26702.880859375,15802.9636446796,15130.5718937226
3864.38144,3903.97952,39.5980799999998,39.4035200000003,1.21082007884979,0.01144832,0.888356328010559,0.00976896,0.277155150834995,0.634655727637827,0.465635185279374,0.601762916450689,0.000289113007499355,0.000246702870442205,0.995086630462905,35476.6845703125,19454.9560546875,13626587.0779531,-927782.084369806,36007.0785119736,605.077957081545,26988.9831542969,16212.7740261493,15371.7924704348
3943.38304,3982.90944,39.5263999999997,37.6422400000001,1.22149300575256,0.01200128,0.82850044965744,0.00610304,0.287528953692331,0.640249980911144,0.434261509955385,0.624286653943237,0.000303626943005183,0.000154404145077721,0.952331606217626,35858.154296875,17929.0771484375,14540171.8552701,-975558.469211367,36504.6112418524,786.16068226424,26512.1459960938,16883.4287928774,15843.6760239609
4020.55168,4061.63456,41.0828799999999,39.8745599999997,1.25395834445953,0.01229824,0.748149812221527,0.00770048,0.275605995795194,0.657266805722683,0.392145432464752,0.598399370610115,0.000299351944167498,0.000187437686939183,0.970588235294113,35858.154296875,19836.42578125,13122493.3359556,-913691.524831824,36198.888870484,498.71447271033,26416.7785644531,16420.3161316156,15388.8952700407
4101.50912,4140.68736,39.1782400000002,44.5849600000001,1.27912425994873,0.01204224,0.796730637550354,0.00740352,0.28575523052743,0.67045761142987,0.417609247929062,0.620435522829596,0.000307370622059591,0.000188970203868269,1.13800313643492,35476.6845703125,19836.42578125,14314432.0134314,-944824.083441097,36108.2630772744,476.525539581894,26416.7785644531,16136.7301819731,15044.8293039019
4185.27232,4225.61792,40.3455999999996,40.6630400000004,1.2621191740036,0.01181696,0.960588693618774,0.0099328,0.288773363475631,0.661544334071352,0.503496041202437,0.626988532866296,0.000292893401015231,0.000246192893401017,1.00786802030459,35476.6845703125,19836.42578125,13486251.4746786,-914518.489677635,35672.1738216814,607.6654408196,26512.1459960938,16062.9730369984,14944.3161476898
4266.28096,4307.1488,40.8678399999999,40.8576000000003,1.35628640651703,0.01128448,0.925909996032715,0.00986112,0.299324289762386,0.710902429889537,0.485319076321808,0.64989684308332,0.000276121272863945,0.000241292909045353,0.99974943623153,35476.6845703125,19073.486328125,12211591.4451719,-864357.28143481,35360.2802052217,675.494934998543,26130.6762695312,15661.4878598273,14928.8550522175
4348.0064,4388.4032,40.3967999999995,40.7244799999999,1.36134946346283,0.01196032,0.818050563335419,0.0100352,0.291587911021322,0.71355624951653,0.428784164209901,0.633099515593774,0.000296070975918888,0.000248415716096327,1.00811153358683,35858.154296875,19454.9560546875,13190143.3517694,-902992.398666916,35551.4962652212,614.277984310696,26226.0437011719,15956.281106522,14952.9892658963
4429.12768,4471.42912,42.3014400000002,39.7209600000006,1.27365350723267,0.01201152,0.845606505870819,0.00760832,0.281049023267071,0.667590096588987,0.443227711245529,0.610217343597194,0.000283950617283949,0.000179859598160251,0.938997821350772,35095.21484375,17929.0771484375,11366523.4623949,-861166.127004232,35762.2768789689,694.117483612265,25749.2065429688,16533.2453581596,16089.1757466051
4511.15008,4555.7248,44.5747199999996,42.2399999999998,1.37354838848114,0.01221632,0.860826849937439,0.01081344,0.278256470488191,0.719950360226397,0.451205509687454,0.604154116197311,0.00027406386400184,0.000242591316333565,0.947622329427984,35095.21484375,19073.486328125,10995333.2950372,-823920.889293635,35179.8549735562,581.883435507408,26512.1459960938,15990.3644344164,14879.3529511378
4597.9648,4642.00704,44.0422400000007,39.7004799999995,1.35318124294281,0.01178624,1.21104180812836,0.01098752,0.288203467623306,0.709274847161059,0.634771947841872,0.625751167480393,0.000267612183213202,0.000249476865845149,0.901418274819785,35476.6845703125,17929.0771484375,11322748.1884995,-847579.581937641,35228.5689666492,729.953552949255,26416.7785644531,16357.4902126015,15366.3546579323
4681.70752,4727.41888,45.7113600000002,44.0729599999995,1.35110008716583,0.01327104,0.833272278308868,0.01138688,0.279330234315553,0.708184001826532,0.436762681217603,0.606485486371692,0.00029032258064516,0.000249103942652328,0.964157706093174,35858.154296875,18310.546875,11318545.6636126,-870689.44427001,36342.7239495355,621.084600821969,25749.2065429688,17339.3195167,16149.9756504022
4771.49184,4817.67424,46.1824000000006,42.0351999999993,1.20514380931854,0.01330176,0.802960753440857,0.00731136,0.274165262242131,0.63168049041427,0.420874785726809,0.595271230930562,0.000288026607538799,0.000158314855875829,0.910199556540994,35095.21484375,18692.0166015625,9616261.68334255,-772414.693174329,35289.1150556395,659.742974157587,25749.2065429688,15859.3793834704,15162.2661093974
4859.70944,4906.98752,47.27808,40.6016,1.30648338794708,0.01332224,0.82087504863739,0.00766976,0.27366426357821,0.684797997413413,0.430264628405892,0.594183456028198,0.000281784708685293,0.000162226554039419,0.858782759367553,34713.7451171875,18692.0166015625,9991018.01192226,-787658.361416251,35334.8908662822,517.920396839478,22172.9278564453,16141.286873436,14906.8832300016
4947.58912,4994.4064,46.8172800000002,43.9603200000001,1.19668579101562,0.0140288,0.837647557258606,0.00790528,0.276519270607444,0.627247189501791,0.439055999518124,0.600382284919608,0.000299650043744531,0.000168853893263341,0.938976377952755,34713.7451171875,18310.546875,8657201.26704453,-740928.131627571,35270.4847181166,588.960459486365,26226.0437011719,15993.3512791738,15712.8864836096
5038.36672,5083.96544,45.59872,44.8716800000002,1.29101264476776,0.01334272,0.833703219890594,0.00876544,0.279347521675949,0.676688951370092,0.436988560807723,0.606523020916434,0.000292611722434314,0.000192229957332136,0.984055692791382,35858.154296875,18692.0166015625,10288545.0186015,-813211.687610422,35666.6830055502,529.325643363642,25749.2065429688,16449.3171505629,15689.0241009967
5128.83712,5176.61696,47.7798400000001,42.9056,1.30588603019714,0.01375232,0.884983122348785,0.00817152,0.285585443431523,0.684484890186278,0.463867107320361,0.620066878849136,0.000287826832404628,0.000171024432061723,0.897985426489497,35858.154296875,18692.0166015625,9989282.55630095,-806827.227911405,35829.6870298309,509.476155174646,22029.8767089844,16838.0201890175,15745.4117457977
5219.52256,5266.14528,46.6227199999994,44.6054400000003,1.32975161075592,0.01222656,1.12487125396729,0.01142784,0.28110366949178,0.696994120632323,0.589605339930975,0.610335992200529,0.000262244673841427,0.000245113112233695,0.956731825170236,35858.154296875,18310.546875,10289992.7783711,-806393.688619851,35250.0456099603,793.664014784432,22220.6115722656,16368.1098126119,15229.1360240164
5310.75072,5360.77312,50.0223999999998,42.9875200000006,1.18846452236176,0.0126464,0.951966941356659,0.00817152,0.292124727459255,0.622937981774922,0.498976918542509,0.634265058519157,0.00025281473899693,0.000163357215967247,0.859365404298889,35858.154296875,18310.546875,8182249.97265103,-700342.01366172,34501.181310829,690.975567568352,22125.244140625,15413.3016697626,14558.8310671859
5403.76064,5451.17184,47.4111999999996,48.1279999999997,1.33741724491119,0.01230848,1.21905708312988,0.01150976,0.302194671983309,0.701012090525292,0.638973183250144,0.656129054793573,0.000259611231101514,0.000242764578833696,1.01511879049676,36239.6240234375,16784.66796875,9257498.76931226,-769468.372601776,35148.392700369,981.446804585449,22029.8767089844,16306.2801476903,15672.2105690751
5499.29984,5547.18208,47.8822399999999,45.95712,1.28523862361908,0.01238016,0.952686250209808,0.01150976,0.295181369606589,0.673662477282387,0.499353946881868,0.640901680236575,0.000258554319931566,0.000240376390076989,0.959794696321645,36239.6240234375,18692.0166015625,9063127.73972476,-740839.043812408,34907.8818606214,969.364549823391,22268.2952880859,15584.9479246857,14693.9191993438
5593.1392,5645.35296,52.2137600000005,42.8748799999994,1.34291315078735,0.013056,1.34291315078735,0.013056,0.276155830288531,0.703892789486095,0.703892789486095,0.599593178508971,0.000250049029221413,0.000250049029221413,0.821141400274543,35858.154296875,16403.1982421875,8106355.53535782,-712681.941994013,35077.6698946538,1033.47523529982,22315.9790039062,16216.5962566738,15111.635387491
5688.22784,5738.21952,49.9916800000001,46.29504,1.22284138202667,0.01296384,1.0394104719162,0.01220608,0.281885138765013,0.640956737216496,0.544810761640984,0.612032728586487,0.000259319950839819,0.000244162228594838,0.926054895534615,35858.154296875,16403.1982421875,8126397.93137473,-714586.500898691,35088.5588053691,1017.59398949387,22315.9790039062,16004.0762765872,15414.1454574414
5784.51456,5834.8544,50.3398400000005,47.1040000000003,1.29710686206818,0.0133632,1.04181444644928,0.00903168,0.294523686397222,0.679883257429876,0.546070813595165,0.639473709784009,0.000265459723352316,0.00017941415785191,0.935720097640353,36621.09375,16403.1982421875,7225209.6897735,-686020.048046421,35112.6064279066,1156.67574775835,22220.6115722656,16343.413497808,16224.7392566739
5881.9584,5937.0496,55.0911999999998,45.1379200000001,1.2898713350296,0.01314816,1.2898713350296,0.01314816,0.280024976751376,0.676090729739163,0.676090729739163,0.607993920305189,0.000238661710037175,0.000238661710037175,0.819330855018592,35858.154296875,16403.1982421875,7383712.48879011,-682438.526413799,34976.3919972802,960.716487127302,22125.244140625,16350.6547274564,15186.4922506046
5982.18752,6036.89984,54.7123199999996,44.2060799999999,1.20442569255829,0.01357824,1.20442569255829,0.01357824,0.271937147005758,0.631304086914717,0.631304086914717,0.590433517762364,0.000248175182481754,0.000248175182481754,0.807973048848965,36239.6240234375,16403.1982421875,7633698.25036371,-701363.916529292,35430.8298583911,1114.39708781101,28276.4434814453,16697.4819387991,15522.2449215372
6081.10592,6135.1936,54.0876799999996,49.6537600000001,1.23169314861298,0.0139264,1.22727537155151,0.0126976,0.295208989760361,0.645596422717126,0.643280828877496,0.640961649478484,0.000257478227943962,0.000234759560772436,0.918023475956086,35858.154296875,16403.1982421875,6038096.65549982,-594297.983969381,34145.0545190865,1399.48269607757,26226.0437011719,14766.921244629,14479.8855206779
6184.84736,6239.68256,54.8352000000004,45.0867200000002,1.23955070972443,0.00996352,1.23955070972443,0.00996352,0.291500345474644,0.649714991818972,0.649714991818972,0.632909392124698,0.000181699346405227,0.000181699346405227,0.82222222222222,35858.154296875,16403.1982421875,6191236.78806684,-620639.4363996,34794.4517144261,1177.40472195151,28324.1271972656,15691.4859518197,15416.4629315011
6284.76928,6338.85696,54.0876799999996,47.9436800000003,1.27948224544525,0.01019904,1.27948224544525,0.01019904,0.294816913067394,0.67064525082382,0.67064525082382,0.640110367395068,0.000188564937523667,0.000188564937523667,0.886406664142382,35858.154296875,16403.1982421875,6524914.620309,-632298.034128066,34891.5761419381,1182.69272142256,28276.4434814453,15525.4312618408,15111.0452521978
6386.80064,6441.28768,54.48704,51.22048,1.28084206581116,0.00976896,1.28084206581116,0.00976896,0.289001610718974,0.671358005591317,0.671358005591317,0.627484106289386,0.000179289607216689,0.000179289607216689,0.940048862995677,35858.154296875,16403.1982421875,5977781.11597075,-602046.352765886,34502.8480062021,1123.95247111041,25272.3693847656,15260.6014048522,15056.6627940734
6492.50816,6549.68832,57.1801599999999,48.5580799999998,1.35557317733765,0.01067008,1.35557317733765,0.01067008,0.287716863144696,0.710528588233192,0.710528588233192,0.624694645422894,0.000186604584527221,0.000186604584527221,0.849212034383952,36239.6240234375,16403.1982421875,5380809.87842986,-581158.941445089,34897.6195565326,1396.76636826478,25272.3693847656,15746.4623104957,15637.8229493567
6598.2464,6654.98624,56.7398400000002,48.3328000000001,1.2741072177887,0.00928768,1.2741072177887,0.00928768,0.28216819218501,0.667827910619415,0.667827910619415,0.612647297902682,0.000163688864825843,0.000163688864825843,0.851831799314203,36239.6240234375,16784.66796875,6134293.34797201,-612201.86799914,34800.5935608634,1241.52364045099,25272.3693847656,15561.4136731914,14987.4341061027
6703.31904,6762.38336,59.0643199999995,49.2646400000003,1.39653301239014,0.01142784,1.39653301239014,0.01142784,0.304834494127748,0.731997834055294,0.731997834055294,0.661860671426939,0.000193481276005549,0.000193481276005549,0.834084604715685,36239.6240234375,16403.1982421875,5217640.51463033,-575723.174332953,35142.3251198796,1260.23337346446,28324.1271972656,15960.6612930203,15802.4689439228
6811.648,6867.6608,56.0127999999995,47.8822399999999,1.68316030502319,0.01485824,1.47032713890076,0.0133632,0.377442203613969,0.882234567112856,0.770677292609107,0.81950748724688,0.000265265082266913,0.000238574040219381,0.854844606946989,37002.5634765625,16403.1982421875,6537250.34082285,-673505.91379231,36438.5582007851,1364.69151824971,25320.0531005859,17479.5070763845,17214.7621061849
6915.54304,6974.4128,58.8697600000005,48.2099200000002,1.90783762931824,0.016128,1.63156700134277,0.01458176,0.460572001461486,1,0.855191750215039,1,0.000273960688815444,0.000247695251348058,0.818925030440074,37384.033203125,16403.1982421875,5905477.80897679,-649830.990653997,36751.2380933453,1342.6018231556,25510.7879638672,17964.1984159547,17789.0833087165
7022.62272,7082.71104,60.0883199999998,48.1075199999996,1.82934176921844,0.01512448,1.69747340679169,0.01453056,0.410990546731791,0.958856110764603,0.889736831219896,0.892348091997857,0.000251704158145877,0.000241820040899796,0.80061349693251,37765.5029296875,16403.1982421875,5609780.51155453,-620821.751407696,36277.9121504791,1569.10424195856,25320.0531005859,17303.0493582818,17049.4277636245
7130.81856,7192.27904,61.4604800000006,50.2681599999996,1.65674388408661,0.01532928,1.65674388408661,0.01532928,0.418202678021201,0.868388304448447,0.868388304448447,0.908007166510689,0.000249416861046315,0.000249416861046315,0.817894035321545,37002.5634765625,16021.728515625,5123988.03237169,-589748.766168866,35932.6924544751,1505.3435079962,25320.0531005859,17047.8268421058,16890.9380108858
7242.5472,7305.41056,62.8633600000003,48.2303999999995,1.66124391555786,0.01598464,1.58633542060852,0.01543168,0.42338675319599,0.870747012234738,0.831483453429627,0.91926289885729,0.000254275940706954,0.000245479719824074,0.767225932562295,37002.5634765625,16403.1982421875,5537596.01098693,-613882.910661307,36354.4541962293,1269.24055975791,25320.0531005859,17319.4431285357,16707.2592506185
7353.64096,7414.53824,60.8972800000001,47.0937599999997,1.55974996089935,0.01219584,1.55974996089935,0.01219584,0.419948658188591,0.817548588480628,0.817548588480628,0.911798061662478,0.000200269043215066,0.000200269043215066,0.773331091306535,37765.5029296875,16403.1982421875,5854613.95067721,-636122.596468558,37036.3541080079,1245.34668232994,25510.7879638672,17531.968762541,17026.4246720391
7461.632,7527.49568,65.8636800000004,52.1830399999999,1.53926479816437,0.01902592,1.48371136188507,0.0160768,0.428352788398051,0.806811216274428,0.77769268153877,0.930045219941297,0.000288868159203978,0.000244092039800994,0.792288557213924,37002.5634765625,15640.2587890625,4539608.33633279,-550065.8083549,35650.0769398352,1361.39695332593,25320.0531005859,16789.4013343867,16536.4269092158
7579.67872,7645.67552,65.9967999999999,52.0908800000007,1.68363046646118,0.01562624,1.68363046646118,0.01562624,0.419453868275312,0.882481003932617,0.882481003932617,0.910723767281342,0.00023677269200931,0.00023677269200931,0.789294026377048,36621.09375,15640.2587890625,4490010.35196971,-531381.106301776,35326.4480938647,1534.25387181791,22268.2952880859,15930.9219316853,15512.8640377324
7697.7664,7764.96128,67.19488,55.6031999999996,1.47161674499512,0.01741824,1.25426840782166,0.0142336,0.427958904887924,0.771353244311989,0.657429326556404,0.929190014872648,0.000259219750076196,0.00021182566290765,0.827491618409015,36621.09375,15640.2587890625,4726112.31870134,-556634.880227912,35638.7061623677,1208.75591374103,21457.6721191406,16715.9393934274,16063.8989739106
7820.56448,7887.31904,66.7545600000003,54.7327999999998,1.53307974338531,0.0141824,1.53307974338531,0.0141824,0.415978442533794,0.803569297421374,0.803569297421374,0.903177877104583,0.000212455898143886,0.000212455898143886,0.819911029298965,36621.09375,15640.2587890625,4396811.01941851,-512235.732331408,34452.3864084311,1628.18895522211,25320.0531005859,15237.0266275819,14601.1279364039
7942.05184,8010.36288,68.3110399999996,55.2857600000007,1.64456117153168,0.0152064,1.64456117153168,0.0152064,0.434585110317214,0.862002691559951,0.862002691559951,0.943576919435375,0.000222605306550743,0.000222605306550743,0.809323939439379,36621.09375,15640.2587890625,4484409.19287584,-527550.237532325,34942.467007747,1474.36660049686,21982.1929931641,15919.298452982,15111.466455848
8065.64864,8134.4512,68.8025600000001,56.4223999999995,1.62437570095062,0.01344512,1.62437570095062,0.01344512,0.405906170937055,0.851422404081154,0.851422404081154,0.881308828259283,0.000195415984521506,0.000195415984521506,0.820062509301971,35858.154296875,15640.2587890625,3896643.10476224,-477469.177003094,33931.5395162563,1600.02900378216,22268.2952880859,14847.7780010819,14405.2027198139
8190.8736,8264.51968,73.6460799999995,55.0502400000005,1.46814823150635,0.01641472,1.46814823150635,0.01641472,0.398259319417052,0.769535210410431,0.769535210410431,0.864705883452091,0.000222886540600669,0.000222886540600669,0.747497219132381,37002.5634765625,15640.2587890625,4170577.40552077,-517628.163570851,35365.8660247511,1554.40012739333,21743.7744140625,16621.3888520585,15501.1363800455
8319.56992,8392.32512,72.7551999999996,58.3475200000012,1.46758580207825,0.01739776,1.46758580207825,0.01739776,0.393118874250945,0.769240410989633,0.769240410989633,0.853544881155392,0.000239127375087968,0.000239127375087968,0.801970443349774,36621.09375,15640.2587890625,3745926.55561531,-496487.256175429,35516.5425687062,1601.50029777458,21934.5092773438,16608.7076511343,16293.6449353314
8450.67264,8523.70432,73.0316800000001,55.3574399999998,1.33025193214417,0.01841152,1.25138175487518,0.01823744,0.368450409698921,0.697256365899193,0.655916276964493,0.799984385784969,0.000252103196859226,0.000249719573752103,0.757992148065055,35858.154296875,15258.7890625,3868915.41213918,-522720.284302009,37010.0553956154,1078.54417711806,21314.6209716797,17771.9788114814,17539.791601508
8579.06176,8651.58144,72.5196799999994,50.6880000000001,1.34123921394348,0.0183296,1.25101244449615,0.01521664,0.381147660419273,0.703015389429535,0.655722701592379,0.827552823901184,0.000252753459474727,0.000209827732279019,0.698955097430111,38146.97265625,15640.2587890625,4451367.95784,-545044.573859714,36353.7954301268,1546.86071235822,28324.1271972656,17252.5493232484,16116.2511061796
8702.26944,8777.07264,74.8032000000003,48.6604800000005,1.41811144351959,0.0212992,1.39956533908844,0.01542144,0.381204918757924,0.743308246848214,0.733587239071583,0.827677143960739,0.000284736481861737,0.000206160164271046,0.650513347022591,38146.97265625,15640.2587890625,4323914.30570725,-565899.8388552,37865.4966014369,1289.26124579141,25320.0531005859,18894.9869247945,18136.5753404699
8825.73312,8896.96256,71.2294399999992,50.1964800000005,1.43509149551392,0.00954368,1.43509149551392,0.00954368,0.345035520513848,0.752208402570791,0.752208402570791,0.749145669773634,0.000133985048878667,0.000133985048878667,0.704715353651539,39672.8515625,15258.7890625,5605277.89264731,-663415.411677031,38875.1548198666,1357.06159155893,21314.6209716797,20443.8471156114,18815.5846831096
8947.15904,9026.05824,78.8991999999998,53.6985599999989,1.29423332214355,0.01775616,1.29423332214355,0.01775616,0.29795839828703,0.678377081075839,0.678377081075839,0.646931201509317,0.000225048669695004,0.000225048669695004,0.680597014925361,38909.912109375,15258.7890625,4594328.92374339,-608456.731310622,39326.8381266565,1556.47733215246,21219.2535400391,20884.286474356,19406.6669609498
9079.7568,9155.77856,76.0217600000014,52.46976,1.46528100967407,0.00930816,1.46528100967407,0.00930816,0.332294416170003,0.768032345707369,0.768032345707369,0.721482016092093,0.000122440732758618,0.000122440732758618,0.690193965517228,38146.97265625,15258.7890625,4521177.77102983,-567591.36101834,37165.0723359028,1544.80666006832,21266.9372558594,18607.8708958634,17020.0153934429
9208.24832,9286.97344,78.7251199999992,54.2924800000001,1.6040461063385,0.00891904,1.6040461063385,0.00891904,0.330834592565631,0.840766573469727,0.840766573469727,0.718312427841526,0.000113293444328825,0.000113293444328825,0.689646201873057,38909.912109375,19073.486328125,5021416.33029585,-605522.099513724,37985.9351982133,1184.46725617793,33044.8150634766,19960.4766183051,16548.8465499098
9341.26592,9419.27424,78.0083200000008,53.503999999999,1.28754699230194,0.01148928,1.28754699230194,0.01148928,0.319502670050781,0.67487241708407,0.67487241708407,0.693708408320384,0.000147282751378313,0.000147282751378313,0.68587555788919,38528.4423828125,18692.0166015625,5002332.96098208,-602384.213212191,37954.8256892745,1305.78444399202,31328.2012939453,19719.464158107,16550.2937585034
9472.77824,9555.49696,82.7187200000008,53.8828799999992,1.3357298374176,0.01094656,1.3357298374176,0.01094656,0.329680222390042,0.700127629778915,0.700127629778915,0.715806044101469,0.00013233473632087,0.00013233473632087,0.651398861104218,38528.4423828125,19454.9560546875,4854646.74474374,-608658.761409704,38678.7878049837,1270.07207626527,21696.0906982422,21025.6605948202,17130.1036402226
9609.37984,9693.88032,84.5004800000006,54.14912,1.01661264896393,0.01048576,1.01661264896393,0.01048576,0.288631785424456,0.532861200209796,0.532861200209796,0.626681136735561,0.000124091129423169,0.000124091129423169,0.640814348036835,37384.033203125,15258.7890625,3622553.64370165,-488655.531584373,36152.5560766629,1588.89101195324,21362.3046875,17532.6066759749,15425.3944569392
9748.02944,9833.48224,85.4527999999991,56.5760000000009,1.16879189014435,0.00939008,1.16879189014435,0.00939008,0.28559706808163,0.612626500380965,0.612626500380965,0.620092118442663,0.000109886159376874,0.000109886159376874,0.662073097663289,38146.97265625,19454.9560546875,4032603.43516333,-519348.277603901,36636.1802093752,1375.6661025756,21791.4581298828,18509.7804139413,14932.9641996232
9890.05824,9977.50784,87.4495999999999,59.5660800000005,1.21291780471802,0.02077696,1.21291780471802,0.02077696,0.272627914704253,0.635755258245667,0.635755258245667,0.591933321693787,0.000237587822014052,0.000237587822014052,0.681147540983613,37002.5634765625,15258.7890625,3532280.34328981,-472191.668110521,35510.2490135589,1470.62492975515,21791.4581298828,17280.9580279323,14280.0968616236
10037.07392,10125.056,87.9820799999998,59.6787199999999,1.3078099489212,0.01860608,1.3078099489212,0.01860608,0.29018892121906,0.685493319150303,0.685493319150303,0.63006201049615,0.000211475791433893,0.000211475791433893,0.67830540037244,37002.5634765625,15258.7890625,2981279.73287667,-424544.223278019,34201.1233947553,1795.25931924848,20980.8349609375,15953.6047400654,14274.6553252662
10184.73472,10248.91904,64.1843200000003,13.8956799999996,1.36513447761536,0.02300928,1.0354745388031,0.01093632,0.341061342192011,0.715540178386766,0.542747728051221,0.740516881420833,0.000358487555839181,0.000170389278876834,0.216496490108481,37384.033203125,20980.8349609375,6839961.80569363,-690099.723141459,38086.1023608662,476.011624563369,21409.9884033203,18697.3982714237,16115.490580825
10262.81472,10277.41696,14.6022400000002,55.2960000000003,0.0723431259393692,0.00869376,0.0662757679820061,0.00156672,0.0295056893247922,0.0379189113516022,0.0347386837137129,0.0640631415526017,0.000595371669004201,0.000107293127629732,3.78681626928469,20599.365234375,19454.9560546875,8872911.28571553,-193056.377854856,20712.5485598386,166.442220304405,19836.42578125,1173.13037933223,927.125389517056
10332.71296,10402.0992,69.3862399999998,10.8339199999991,1.55419611930847,0.02236416,1.05973315238953,0.01098752,0.33435557434975,0.814637522305219,0.555462968181533,0.725957229898418,0.000322314049586778,0.000158353010625738,0.156139315230212,38146.97265625,20980.8349609375,6184038.38267753,-651699.946344633,37689.3834702419,546.413294494439,21076.2023925781,18893.174310581,15446.2634302466
10412.93312,10425.0368,12.1036800000002,54.845440000001,0.106387041509151,0.00275456,0.106387041509151,0.00275456,0.0386139966277133,0.0557631529404149,0.0557631529404149,0.0838392184179313,0.00022758037225042,0.00022758037225042,4.53130287648056,20980.8349609375,19454.9560546875,8410780.4895848,-213869.057144182,20876.7977627841,159.044616920447,20408.6303710938,1356.43111381561,1356.43111377936
10479.88224,10567.36256,87.4803199999988,59.4329600000001,1.43237912654877,0.02359296,0.910873770713806,0.013056,0.286849441803215,0.750786704558619,0.477437784388028,0.622811288773492,0.000269694486714273,0.000149244995903081,0.679386632330574,37765.5029296875,19454.9560546875,4287381.28354118,-552647.383805456,37490.9297661931,1131.98553212059,20742.4163818359,20083.1123041496,15535.2711112259
10626.79552,10694.77888,67.9833600000002,62.341120000001,0.92516702413559,0.01002496,0.92516702413559,0.01002496,0.219210976582862,0.484929644912286,0.484929644912286,0.47595376159919,0.000147461967163729,0.000147461967163729,0.917005573128495,36239.6240234375,14877.3193359375,4394678.88211185,-557475.966765059,36246.0218385581,1362.12180592866,31328.2012939453,17770.6007237182,17588.0383064397
10757.12,10834.10432,76.9843199999996,61.6550399999996,1.19978296756744,0.013056,1.19978296756744,0.013056,0.285290319951922,0.628870585803565,0.628870585803565,0.619426102860443,0.000169592976855548,0.000169592976855548,0.800877893056664,36621.09375,14877.3193359375,4302665.74913264,-532864.216532311,35926.9651183488,1303.17554902072,31232.8338623047,17474.2861654627,15522.0728108303
10895.75936,10988.86144,93.1020800000006,52.4287999999997,1.17041635513306,0.02634752,0.821120023727417,0.00848896,0.249174374136764,0.613477969585547,0.430393032986168,0.541010685291517,0.000282996040475141,9.11790585129779e-05,0.5631324241091,36621.09375,14877.3193359375,3039494.57081291,-432388.144234126,34822.9474761259,1532.83486277612,20885.4675292969,16845.13674751,13909.9048616856
11041.29024,11115.45856,74.1683199999989,11.1104000000014,1.03358924388885,0.03018752,1.00907754898071,0.0121344,0.311322608962901,0.541759543896933,0.528911650275661,0.675947751871614,0.000407013668369466,0.000163606240508079,0.149799806709948,36239.6240234375,20980.8349609375,5086163.57921371,-583870.402790394,37670.5843342781,397.511342790421,21123.8861083984,18186.938204374,15326.0077618856
11126.56896,11137.88416,11.3151999999991,54.9478400000007,0.128557801246643,0.00219136,0.128557801246643,0.00219136,0.0446897808032675,0.0673840369175353,0.0673840369175353,0.0970310410998889,0.000193665158371056,0.000193665158371056,4.85610859728552,20217.8955078125,14877.3193359375,68968400.0145929,-834750.773554496,20721.8979344223,1797.7903478247,19454.9560546875,4436.5643283745,615.088995933055
11192.832,11290.33728,97.5052799999994,58.1939199999997,1.12280321121216,0.0233472,1.12280321121216,0.0233472,0.302093023099596,0.588521367834322,0.588521367834322,0.655908353397505,0.000239445494643984,0.000239445494643984,0.596828397395506,37384.033203125,18692.0166015625,2871075.53691578,-426304.276404723,35530.7839133523,1332.34832307504,21171.5698242188,17378.5492259775,14270.7998741536
11348.5312,11422.5152,73.9840000000004,12.7590400000008,1.15998780727386,0.03919872,0.967310845851898,0.01145856,0.365069980210544,0.608011808472603,0.507019481630397,0.7926447527251,0.000529826989619374,0.000154878892733563,0.172456747404855,37765.5029296875,20980.8349609375,5526293.372836,-610648.832783634,37407.4900299544,604.552129102338,21648.4069824219,18808.637920193,14929.3455831734
11435.27424,11449.56928,14.2950399999991,66.1504000000004,0.104059413075447,0.0045568,0.0562061741948128,0.0023552,0.0369208629231875,0.0545431180706046,0.0294606696770615,0.0801630642028397,0.000318767908309476,0.000164756446991415,4.62750716332412,20599.365234375,19454.9560546875,9575350.09583441,-218109.12568391,20690.064330201,171.062459555589,19836.42578125,1322.89198768517,1161.17342030165
11515.71968,11615.24224,99.5225599999994,63.2012800000011,1.09699940681458,0.03879936,0.928239762783051,0.02176,0.260397254636642,0.574996210346572,0.486540231998021,0.565377951352558,0.000389854923346025,0.000218643893404673,0.635044757691136,36621.09375,19073.486328125,2669982.696527,-391441.922688451,34233.3227171934,1106.14135459241,21004.6768188477,16182.5237837465,12511.8179603668
11678.44352,11775.55968,97.1161599999996,62.6278399999992,1.22205102443695,0.02926592,0.992137610912323,0.00602112,0.311230846673655,0.640542468424658,0.520032520412579,0.675748516379758,0.000301349641501477,6.19991564740618e-05,0.644875579924077,36239.6240234375,19454.9560546875,2960414.54463761,-417192.625516631,34420.2924247319,1067.08743401019,20837.7838134766,16802.2459138876,12594.8523148879
11838.18752,11918.42816,80.24064,13.3734400000012,1.35542416572571,0.03147776,0.873451173305511,0.00700416,0.356200951204492,0.710450483257355,0.45782259448234,0.773388200051665,0.000392291985706993,8.72894333843798e-05,0.166666666666682,38146.97265625,20599.365234375,4825126.94876721,-567647.361520387,37159.2385428293,472.802230649484,20980.8349609375,18908.6468138722,14481.5167314196
11931.8016,11944.88832,13.0867199999993,68.9459200000001,0.229658499360085,0.00283648,0.229658499360085,0.00283648,0.0744611344920048,0.120376333829914,0.120376333829914,0.161670996620995,0.000216744913928024,0.000216744913928024,5.26838810641655,20217.8955078125,14495.849609375,1682156.09791728,-319701.167895943,20419.0340909091,2225.8549331229,19645.6909179688,3895.74984598717,3895.74984598713
12013.83424,12115.38432,101.550079999999,73.9430400000001,1.26616406440735,0.03232768,0.744437038898468,0.01806336,0.298690285283707,0.663664478019448,0.390199368886802,0.648520284202913,0.000318342240596958,0.0001778763739034,0.728143591812048,35476.6845703125,18310.546875,2007645.80901734,-324431.041631266,32990.77042354,1259.20843488959,20933.1512451172,13971.3555674081,12242.3139522928
12189.32736,12286.53568,97.2083200000015,84.6950399999987,0.940990090370178,0.03121152,0.903165221214294,0.0237056,0.321523551529586,0.493223362360475,0.473397320262018,0.698096172822769,0.000321078689560724,0.000243863899715576,0.871273569998919,33569.3359375,18692.0166015625,2080493.59135848,-318292.018220441,32254.4309103725,1074.71490013239,20861.6256713867,13066.4570808186,11281.0966378615
12371.23072,12434.76992,63.5392000000011,0,1.0961742401123,0.00794624,1.0961742401123,0.00794624,0.311143348845822,0.574563696232378,0.574563696232378,0.675558539942728,0.000125060435132955,0.000125060435132955,0,35858.154296875,19073.486328125,4559880.01225321,-516743.709659541,34676.0102966968,702.581323560241,30374.5269775391,14855.5493098416,14424.1978239843
