note.starts,note.ends,note.durs,INI,pk.amps,pk.times,qpk.amps,qpk.times,note.rmss,rel.pk.amps,rel.qpk.amps,rel.note.rmss,rel.pk.tm,rel.qpk.tm,rel.INI,max.Hz,min.Hz,FMa,FMb,FMc,FM.resid,note.DF,arcL,chordL
994.43712,1008.15872,13.7216,28.88704,0.0856123715639114,0.00528384,0.0284231789410114,0.00321536,0.0250428500215101,0.0323790383591595,0.0107497921668159,0.0460095558559078,0.000385074626865673,0.000234328358208956,2.10522388059702,35476.6845703125,25939.94140625,43477265.3000058,-961444.021521744,36146.257307146,2338.05250341212,32997.1313476562,5624.00109364148,5006.55049212543
1037.04576,1051.29984,14.2540799999999,29.3171200000002,0.074082538485527,0.00169984,0.074082538485527,0.00169984,0.0248454796491334,0.0280183963082496,0.0280183963082496,0.0456469404521353,0.000119252873563219,0.000119252873563219,2.05675287356324,35095.21484375,26321.4111328125,63404345.2291751,-1087696.30236086,36469.0393834681,2539.26260177543,35095.21484375,6707.97860236573,2621.69154377798
1080.61696,1096.6528,16.03584,25.37472,0.0828016996383667,0.00371712,0.0828016996383667,0.00371712,0.0250415126477479,0.0313160278102193,0.0313160278102193,0.0460070987884111,0.000231800766283525,0.000231800766283525,1.5823754789272,22125.244140625,14114.3798828125,45251847.5571494,-1185087.04237409,23127.1261697287,950.012736096852,16975.4028320312,8150.50849515036,7367.43665779346
1122.02752,1135.54432,13.5167999999999,31.06816,0.0567042641341686,0.00687104,0.0563104972243309,0.00113664,0.0161403624837197,0.0214458437488503,0.0212969190824114,0.0296536100560219,0.000508333333333338,8.40909090909099e-05,2.29848484848487,36621.09375,14114.3798828125,251547034.950035,-4561771.01998062,35231.2634874891,6725.76985316966,16784.66796875,25661.626143433,15701.9266715478
1166.61248,1181.05088,14.4384,28.8870400000001,0.0528247691690922,0.00336896,0.0528247691690922,0.00336896,0.0140379596980407,0.019978598840273,0.019978598840273,0.0257910058270213,0.000233333333333333,0.000233333333333333,2.00070921985816,26702.880859375,14495.849609375,140136542.61877,-1510651.6193364,19653.0268742488,3810.53259087468,16784.66796875,15544.8140089584,7402.50758176868
1209.93792,1225.20576,15.26784,30.95552,0.0571170300245285,0.00799744,0.0449064001441002,0.00074752,0.0176452463868992,0.0216019539272413,0.0169838310313846,0.0324184327475495,0.000523809523809525,4.89604292421195e-05,2.02749832327297,37002.5634765625,14114.3798828125,152780441.200914,-2924266.24152061,28927.7715997381,5979.66304208484,16784.66796875,18952.6563340598,9033.04821773834
1256.16128,1270.81472,14.65344,31.61088,0.0581613890826702,0.00493568,0.0465594939887524,0.00196608,0.0178223277151278,0.0219969358835472,0.0176090396084806,0.0327437724455141,0.000336827393431166,0.000134171907756813,2.15723270440251,35858.154296875,14495.849609375,220436389.754495,-4390215.42396668,34848.9363114912,4027.77454545341,16784.66796875,26718.8854448712,16998.9284089402
1302.4256,1319.56736,17.14176,29.1430399999999,0.0803290829062462,0.0062464,0.0671802014112473,0.00356352,0.0224895620187508,0.0303808714706118,0.0254078969982391,0.0413185703299685,0.000364396654719236,0.000207885304659498,1.70011947431302,21743.7744140625,14495.849609375,43463401.3761222,-1127573.54125299,22159.3039376395,612.6067842187,16784.66796875,8069.04049126391,6557.31195227979
1348.7104,1365.85216,17.14176,28.7846400000001,0.0925193130970001,0.00644096,0.0825307071208954,0.00350208,0.0263317145097223,0.0349912790991255,0.0312135370491534,0.0483775005031888,0.000375746714456392,0.000204301075268817,1.67921146953406,21743.7744140625,14495.849609375,46208458.3051406,-1203771.20725647,22587.0949881417,665.969579932664,18310.546875,8622.80491038442,7056.86670341205
1394.6368,1412.33152,17.69472,29.2352000000001,0.105034932494164,0.00734208,0.0816596895456314,0.0024576,0.0321140853578383,0.0397247505956705,0.030884113731404,0.0590010642863627,0.000414930555555556,0.000138888888888889,1.65219907407408,22125.244140625,14114.3798828125,41633363.4234435,-1213445.83221599,23374.5574951172,955.646090233327,22125.244140625,9247.4945819264,8436.04842386949
1441.56672,1461.18656,19.6198400000001,31.0783999999999,0.109649173915386,0.00776192,0.0839822217822075,0.00475136,0.0286093031193782,0.0414698803852904,0.0317625073444386,0.052561961946784,0.000395615866388308,0.000242171189979122,1.5840292275574,39291.3818359375,13732.91015625,110340523.6174,-2814718.54801824,31155.9789321002,3591.06785190185,18310.546875,23150.8139548925,12750.053656698
1492.26496,1510.25664,17.9916800000001,28.63104,0.105539746582508,0.00694272,0.0853676050901413,0.00437248,0.0296004854366689,0.0399156738750069,0.0322864664224352,0.0543829950221568,0.000385885031303356,0.000243027888446214,1.59134889015366,21743.7744140625,14495.849609375,45140936.1660779,-1215644.61061588,22986.2758091518,803.261293242323,18310.546875,9109.2999045842,7259.34299857503
1538.88768,1560.10496,21.2172799999998,28.84608,0.130281612277031,0.00648192,0.100298635661602,0.00361472,0.0343136325716916,0.0492731744764484,0.0379334588229926,0.0630421454854499,0.000305501930501933,0.000170366795366797,1.359555984556,39291.3818359375,14495.849609375,93034168.8333979,-2544557.80835343,31398.2259870437,3108.52386894983,18310.546875,22690.703555122,12107.1273451561
1588.95104,1608.9088,19.95776,29.57312,0.125514358282089,0.0055296,0.0993776544928551,0.00493568,0.0349888654800467,0.0474701745460605,0.0375851390177334,0.0642827058124905,0.000277065161621344,0.000247306310928681,1.48178553104156,22506.7138671875,10681.15234375,42022096.975483,-1253757.55342553,24062.9794550877,1812.22455079304,18310.546875,10419.0712719316,8284.27911776953
1638.48192,1659.4432,20.96128,27.14624,0.171435818076134,0.00630784,0.13393896818161,0.00374784,0.0397238818796159,0.0648379063471819,0.0506564052521437,0.0729820352149945,0.000300928187591598,0.000178798241328774,1.29506595017098,23651.123046875,11444.091796875,23401759.832785,-932321.235464482,24189.6685431985,1674.59057740706,23460.3881835938,9311.24800823104,9260.49217337596
1686.58944,1708.94336,22.35392,26.59328,0.165142774581909,0.00726016,0.163105562329292,0.00452608,0.0423499102889855,0.0624578449965483,0.0616873608659458,0.0778066618320254,0.000324782409528172,0.000202473660100779,1.18964727439304,24032.5927734375,15258.7890625,33899611.7039182,-1155123.97262326,25468.1235865543,1209.56191170189,18310.546875,10798.3455021738,8881.98954028405
1735.53664,1758.42304,22.8863999999999,31.1910400000002,0.173418700695038,0.00763904,0.15453664958477,0.00514048,0.042569654939641,0.0655878427314494,0.0584465540832013,0.0782103840030118,0.0003337807606264,0.00022460850111857,1.36286353467563,39291.3818359375,15640.2587890625,71351020.4938406,-2131690.38893561,31387.5967996162,3083.2480039206,18310.546875,20429.3403201777,11413.9601867445
1789.61408,1809.55136,19.9372799999999,28.39552,0.206061959266663,0.00458752,0.206061959266663,0.00458752,0.0477593191513836,0.0779336906755116,0.0779336906755116,0.0877450074671337,0.000230097586029791,0.000230097586029791,1.42424242424243,23651.123046875,12969.970703125,59826093.6588976,-1553294.66562624,24684.7377103918,1306.08539100236,21934.5092773438,12976.607184885,7187.88956754541
1837.94688,1860.56704,22.6201599999999,30.5664000000002,0.1811842918396,0.00777216,0.150589987635612,0.004864,0.0453281475535943,0.0685248291617764,0.0569539062764878,0.0832783782564925,0.000343594386600273,0.000215029425079222,1.35129017655049,24032.5927734375,11825.5615234375,41747937.5229918,-1296963.8480948,25796.0537023712,1699.63025018397,18310.546875,12169.8077829263,7976.2941648735
1891.13344,1912.30976,21.17632,28.7641599999999,0.271891862154007,0.00571392,0.214297652244568,0.00315392,0.0592195391709599,0.102830897841159,0.0810484720321615,0.10880010433745,0.000269825918762089,0.000148936170212766,1.35831721470019,26321.4111328125,11444.091796875,45944213.9189563,-1243145.03880723,24669.1629982585,3954.48384990938,23841.8579101562,11096.1533403335,5722.17334261846
1941.07392,1965.45536,24.3814399999999,32.2048,0.269483208656311,0.00891904,0.217747911810875,0.00489472,0.0580045995369604,0.101919932725123,0.0823533779097322,0.106567976887737,0.000365812683746327,0.000200755984880303,1.32087358252835,25177.001953125,10299.6826171875,33586578.8962232,-1330572.37912662,26999.4520603266,2376.93757872817,23365.0207519531,13880.5352067273,12475.5737509421
1997.66016,2021.28384,23.6236800000001,31.0374400000001,0.303283125162125,0.0045056,0.303283125162125,0.0045056,0.0634890272852094,0.114703234636823,0.114703234636823,0.116644149711677,0.000190723883831815,0.000190723883831815,1.3138274815778,25177.001953125,11062.6220703125,68089750.5888345,-1958748.28863386,27910.3902945841,1658.27275306072,23841.8579101562,19900.3810017139,8273.43346062596
2052.32128,2074.08128,21.7599999999998,31.6928000000003,0.230790913105011,0.00436224,0.230790913105011,0.00436224,0.0574952121077671,0.0872863079466735,0.0872863079466735,0.105632113383558,0.000200470588235296,0.000200470588235296,1.45647058823532,24032.5927734375,11444.091796875,43710018.9777602,-1475915.6126356,25630.1202764206,1675.75248624973,23460.3881835938,13498.6007642452,11419.3346490475
2105.77408,2130.57536,24.8012799999997,28.5081600000003,0.292887836694717,0.00753664,0.256170332431793,0.00551936,0.0626958317081867,0.110771683181209,0.0968849346042894,0.115186864451639,0.000303881090008262,0.000222543352601159,1.14946325350952,26321.4111328125,12969.970703125,48022915.4393366,-1635426.74355989,27682.0820973332,1530.49527253448,23365.0207519531,16825.7324554217,11021.6137171996
2159.08352,2183.5776,24.4940799999999,28.8256000000001,0.388469457626343,0.00647168,0.330662399530411,0.0044544,0.0972240648348005,0.146921142821693,0.12505821673605,0.178623281204534,0.000264214046822743,0.00018185618729097,1.17683946488295,27084.3505859375,11825.5615234375,55437496.4529765,-1860907.41499316,29931.8930260221,1572.32723996613,23365.0207519531,18912.2292831978,12320.9372156472
2212.4032,2240.48128,28.0780799999998,26.9516800000001,0.407022446393967,0.00694272,0.407022446393967,0.00694272,0.101279836987813,0.153937978402932,0.153937978402932,0.186074680516217,0.000247264770240702,0.000247264770240702,0.959883296863615,27847.2900390625,11062.6220703125,42722585.6172809,-1681111.85553231,30366.0456842113,1824.68548727996,26702.880859375,19554.6225929218,13520.8219358436
2267.43296,2293.64736,26.2143999999998,29.5116800000001,0.338133811950684,0.00585728,0.338133811950684,0.00585728,0.0890370638028588,0.127883943262882,0.127883943262882,0.163581850978024,0.000223437500000001,0.000223437500000001,1.12578125000001,27084.3505859375,11444.091796875,34281010.5080548,-1435376.11210341,29257.0694633152,1891.82112965046,23365.0207519531,15980.436794305,14069.7925121998
2323.15904,2350.88896,27.7299200000002,28.7641599999997,0.389268428087234,0.00984064,0.388595134019852,0.0051712,0.105322163914943,0.147223317550981,0.146968674278793,0.193501377812327,0.000354874446085669,0.000186484490398817,1.03729689807975,27847.2900390625,11444.091796875,29369818.5791579,-1314561.35393014,29363.3683396894,1478.48902487432,26702.880859375,15550.3687441301,13868.8043185078
2379.65312,2410.2912,30.6380800000002,24.92416,0.41783732175827,0.0100864,0.400317639112473,0.00541696,0.104704501219343,0.158028219776621,0.15140218587444,0.19236658739235,0.000329211229946522,0.000176804812834224,0.813502673796788,28228.759765625,11444.091796875,30309189.8391891,-1353565.26511505,29522.5290151743,1670.37428712452,26702.880859375,17204.5029175412,13019.6484834016
2435.21536,2463.47776,28.2624000000001,28.6412799999998,0.484671473503113,0.00605184,0.484671473503113,0.00605184,0.124948253493166,0.183305239014812,0.183305239014812,0.229559081464535,0.000214130434782608,0.000214130434782608,1.01340579710144,28991.69921875,10681.15234375,31908724.9878151,-1396441.5545234,30718.1135939044,2593.94124403121,23365.0207519531,16577.4021998319,13979.2727959906
2492.11904,2521.62048,29.50144,28.2419199999999,0.502018213272095,0.00693248,0.502018213272095,0.00693248,0.131008366489172,0.189865865033295,0.189865865033295,0.240692922346997,0.000234987851440472,0.000234987851440472,0.957306490801803,28228.759765625,10681.15234375,36823546.2825984,-1534631.34013079,30977.0003609035,1764.25273482284,23365.0207519531,18753.075038444,13225.0146457401
2549.8624,2581.4528,31.5904,27.9347200000002,0.561883330345154,0.00479232,0.561883330345154,0.00479232,0.145700965642391,0.212507159587752,0.212507159587752,0.267686653524871,0.000151701782820097,0.000151701782820097,0.884278768233392,29373.1689453125,11062.6220703125,25781433.2251305,-1364658.16929887,31703.851161859,2318.11686987729,26702.880859375,18735.4918654095,17381.4292053108
2609.38752,2640.13824,30.75072,27.9654399999999,0.555221974849701,0.00464896,0.555221974849701,0.00464896,0.143411926408247,0.209987800747771,0.209987800747771,0.263481154613636,0.000151182151182151,0.000151182151182151,0.909423909423908,29754.638671875,11062.6220703125,29672896.0108466,-1399044.31401256,31565.2994009165,1963.68187792011,23365.0207519531,18018.9738081952,14962.72830235
2668.10368,2698.97728,30.8735999999999,27.48416,0.600832581520081,0.00479232,0.600832581520081,0.00479232,0.153902694289609,0.227237966301967,0.227237966301967,0.282755141815344,0.000155223880597015,0.000155223880597015,0.890215588723054,29754.638671875,11062.6220703125,35372535.9533203,-1573273.08098925,32411.4285982572,3031.99547780555,23365.0207519531,20131.1930046986,14856.2390862881
2726.46144,2759.87456,33.4131200000002,27.5660799999996,0.68837559223175,0.00535552,0.68837559223175,0.00535552,0.160268041552879,0.260347182296449,0.260347182296449,0.294449769231956,0.00016028194912657,0.00016028194912657,0.825007661661032,29754.638671875,11062.6220703125,33645586.6559175,-1542687.80043201,32623.3469086252,1930.40206649409,23365.0207519531,21384.1328732698,13982.8486264978
2787.44064,2821.95968,34.5190400000001,28.5491200000001,0.870635986328125,0.00596992,0.870635986328125,0.00596992,0.18448050018346,0.329278998855187,0.329278998855187,0.338933702443061,0.000172945713438148,0.000172945713438148,0.827054286561852,30517.578125,11062.6220703125,18411630.8761465,-1227644.6868932,32162.0529834599,2919.34611642399,23365.0207519531,20489.7754716497,20438.477263556
2850.5088,2888.07936,37.5705600000001,23.4700799999996,0.926013648509979,0.0047616,0.926013648509979,0.0047616,0.18806441935406,0.350223114936451,0.350223114936451,0.345518197782895,0.000126737530662305,0.000126737530662305,0.624693376941933,30136.1083984375,11062.6220703125,17663752.8027566,-1161378.85556236,30931.6361441098,2737.22084477444,23365.0207519531,19479.4838130153,18700.4370741995
2911.54944,2950.2976,38.7481600000001,22.8147200000003,0.822158992290497,0.0060928,0.822158992290497,0.0060928,0.18251848584291,0.310944750886022,0.310944750886022,0.335329024528444,0.000157241014799154,0.000157241014799154,0.588794926004235,30136.1083984375,11062.6220703125,26606627.9836773,-1465153.90783313,33185.0974790511,3421.59207869591,23365.0207519531,23516.724474406,16824.2972287184
2973.11232,3009.35168,36.23936,26.5420799999997,0.937731742858887,0.00746496,0.937731742858887,0.00746496,0.195630247841053,0.354654958366186,0.354654958366186,0.359418389177626,0.000205990392766318,0.000205990392766318,0.732410285391345,31280.517578125,11062.6220703125,20193522.2364561,-1304360.37926718,33540.2089386738,3012.03401347994,26130.6762695312,21377.0690238915,20749.210037141
3035.89376,3073.77152,37.8777599999999,24.6681600000002,0.981464564800262,0.00739328,0.981464564800262,0.00739328,0.192353793824365,0.371194936097523,0.371194936097523,0.353398779030992,0.000195187888618546,0.000195187888618546,0.651257096512578,31280.517578125,11062.6220703125,12118224.3731707,-936208.412848129,30701.9905200657,2625.34798887488,26130.6762695312,18075.1617118729,18075.1617118313
3098.43968,3138.92864,40.4889600000001,24.7500799999998,1.02735161781311,0.00772096,1.02735161781311,0.00772096,0.207835579427546,0.388549655077392,0.388549655077392,0.381842429767505,0.000190692969145169,0.000190692969145169,0.611279716742532,31280.517578125,11062.6220703125,15547781.4867809,-1104133.74163893,33127.0380104042,3138.44056193427,26130.6762695312,19988.4384749729,19216.8798693475
3163.67872,3202.21184,38.5331200000001,26.7059199999999,1.0598316192627,0.00796672,1.0598316192627,0.00796672,0.226231646986499,0.400833758339928,0.400833758339928,0.415640296110821,0.000206749933563646,0.000206749933563646,0.693064044645226,31280.517578125,11062.6220703125,12971420.2900945,-1083225.09921567,32987.9022413684,2664.45170934195,26130.6762695312,22480.0605464685,22480.0605464522
3228.91776,3271.29088,42.3731200000002,25.7024000000001,1.16405177116394,0.00923648,1.16405177116394,0.00923648,0.229036670171578,0.440250354733227,0.440250354733227,0.420793777875084,0.000217979700338327,0.000217979700338327,0.606573223779604,31280.517578125,11062.6220703125,16186933.5057953,-1193207.11269524,34733.8531470827,2149.99359244138,26226.0437011719,22481.5973954227,21496.5717808553
3296.99328,3338.94656,41.9532799999997,26.9516800000001,1.22826719284058,0.00828416,1.22826719284058,0.00828416,0.250816472532171,0.464536956818128,0.464536956818128,0.460808354186471,0.000197461557237004,0.000197461557237004,0.642421283866251,31661.9873046875,11062.6220703125,17580902.383901,-1246227.16411381,34622.5304308513,1935.9934082587,26130.6762695312,22830.0228321434,21339.5628794377
3365.89824,3405.90592,40.0076800000002,28.2624000000001,1.28458154201508,0.00857088,1.28458154201508,0.00857088,0.261441144836757,0.485835332727864,0.485835332727864,0.480328355042151,0.000214230867673406,0.000214230867673406,0.706424366521627,31280.517578125,11062.6220703125,20187276.5310356,-1248543.36372923,33867.4640375848,2946.12276399071,26226.0437011719,20970.6940937057,17639.2766591964
3434.16832,3477.71904,43.5507199999997,26.1939200000002,1.489630818367,0.01007616,1.489630818367,0.01007616,0.274635117696073,0.563386021527095,0.563386021527095,0.504568760216108,0.000231366094521516,0.000231366094521516,0.601457794498009,32043.45703125,11062.6220703125,19212272.3242127,-1322544.25660729,35827.2734142485,2993.13666885034,26130.6762695312,24362.4829073811,21158.5060363929
3503.91296,3548.672,44.7590399999999,28.7846399999999,1.49612939357758,0.0105472,1.49612939357758,0.0105472,0.276944976338719,0.56584381602781,0.56584381602781,0.508812509236159,0.000235644017387326,0.000235644017387326,0.643102264927932,31661.9873046875,11062.6220703125,11336119.8585942,-1004926.32789177,34624.4900383084,2958.59187251368,26226.0437011719,22273.3716148144,22269.0764286188
3577.45664,3621.64224,44.1856000000002,27.8835199999999,1.49903786182404,0.01436672,1.49600112438202,0.00992256,0.301748592927514,0.566943813647292,0.565795303959667,0.554382537483363,0.000325144843568944,0.000224565469293162,0.631054461181917,32424.9267578125,11062.6220703125,10126509.0306321,-959921.979439296,34174.451641008,3240.23976205886,26130.6762695312,22644.064053278,22644.0640532547
3649.52576,3693.54752,44.0217600000001,28.1088,1.44585037231445,0.0103936,1.44585037231445,0.0103936,0.283383275808204,0.546828032112464,0.546828032112464,0.520641166869133,0.000236101418934635,0.000236101418934635,0.638520586182831,31661.9873046875,11062.6220703125,24704017.2321179,-1460431.71308938,36824.8648336288,3455.13035239408,23365.0207519531,26751.9174657416,16416.4800828778
3721.65632,3774.93504,53.2787199999998,21.1865600000001,1.58678817749023,0.01106944,1.58678817749023,0.01106944,0.29338000939028,0.600131433439639,0.600131433439639,0.53900749784688,0.000207764751105132,0.000207764751105132,0.397655198923701,32424.9267578125,11062.6220703125,15745800.1725384,-1232125.07434477,36597.8488562008,2045.221761008,26178.3599853516,27257.8587580304,20949.6719875065
3796.1216,3845.12,48.9983999999999,24.50432,1.69296371936798,0.00945152,1.69296371936798,0.00945152,0.302517726507639,0.640287568358734,0.640287568358734,0.555795615243483,0.000192894461859979,0.000192894461859979,0.500104493207942,32424.9267578125,11062.6220703125,20220661.1717757,-1328453.40131334,36062.7888667922,3314.46341770719,26130.6762695312,27092.8139406023,16545.4542134577
3869.62432,3918.45888,48.8345600000002,29.0816,1.59850800037384,0.01321984,1.5596752166748,0.01103872,0.323117970428945,0.604563930610069,0.589877172493044,0.593643067611267,0.000270706647095826,0.000226043195638498,0.595512686097711,32424.9267578125,11062.6220703125,9737786.1125118,-947929.867592028,34271.6572255741,2190.35936515838,26178.3599853516,23069.4506801228,23068.9269063636
3947.54048,3995.62752,48.0870399999999,27.5353599999999,1.67856204509735,0.012288,1.64121437072754,0.01010688,0.347600800137296,0.634840781228246,0.620715699082346,0.638623735546805,0.000255536626916525,0.000210178875638842,0.572614991482111,31661.9873046875,11062.6220703125,16519802.059317,-1152580.32125912,35082.9847715448,3591.82904653582,23317.3370361328,22983.1576198489,17224.3900907757
4023.16288,4075.64288,52.48,24.7398399999997,1.83160650730133,0.01398784,1.726442694664,0.01184768,0.342249637427588,0.692722982384889,0.652949488657554,0.62879240167806,0.000266536585365854,0.000225756097560976,0.471414634146336,32806.396484375,11444.091796875,14296371.361086,-1140567.27509891,36677.4749817681,2713.57765061587,23317.3370361328,25014.72536285,20482.6136945745
4100.38272,4153.31328,52.9305600000007,25.7024000000001,1.80278706550598,0.01357824,1.77756667137146,0.01104896,0.378338335935051,0.681823321572613,0.67228483905896,0.695095757259393,0.000256529309344164,0.000208744437995741,0.485587154188427,32806.396484375,11444.091796875,15632309.4467909,-1189364.12364405,36745.2004635684,3032.75570930522,23317.3370361328,26088.0828882853,19157.5402969868
4179.01568,4232.00768,52.9919999999993,27.8732800000007,1.81062948703766,0.01150976,1.81062948703766,0.01150976,0.377392759192143,0.684789365649705,0.684789365649705,0.693358512260062,0.000217198067632853,0.000217198067632853,0.525990338164272,32424.9267578125,11062.6220703125,10743212.023582,-965890.504885043,34948.1414332497,2775.58294483415,23317.3370361328,22404.3098438493,21015.8966169239
4259.88096,4313.66144,53.7804799999994,27.5046400000001,1.8574253320694,0.01388544,1.78710210323334,0.01163264,0.381234706008405,0.702487794435792,0.675891188332866,0.700417064560874,0.000258187357197261,0.000216298552932219,0.511424219345019,32424.9267578125,11062.6220703125,9394094.16678837,-923385.916678572,34912.8329116605,2249.81642200271,23317.3370361328,22892.5688901361,22489.223229195
4341.16608,4399.04256,57.8764799999999,25.2825600000006,1.80207014083862,0.01389568,1.80207014083862,0.01389568,0.37355678807151,0.681552176983567,0.681552176983567,0.686310938705741,0.000240092002830857,0.000240092002830857,0.43683651804672,32806.396484375,11062.6220703125,15880294.7074822,-1214090.43316372,37285.4368649182,3236.37380462269,26130.6762695312,29336.9426289985,17073.2649329024
4424.32512,4479.66208,55.3369599999996,30.9555199999995,2.10899662971497,0.01241088,2.10899662971497,0.01241088,0.403389043333511,0.797633350477871,0.797633350477871,0.741119748949215,0.000224278312361215,0.000224278312361215,0.559400444115465,32424.9267578125,11062.6220703125,9135521.10806148,-903167.211175125,35127.2056101073,2256.68398994438,26178.3599853516,22641.0929391062,22003.9256493924
4510.6176,4571.10528,60.4876800000002,23.5622400000002,2.09500432014465,0.01338368,2.09500432014465,0.01338368,0.391187238717523,0.792341387178242,0.792341387178242,0.718702188226695,0.000221262908413746,0.000221262908413746,0.389537836465213,32043.45703125,10681.15234375,11166192.7638904,-969095.4022281,35284.293303529,2664.98260534807,24938.5833740234,24289.1765940003,17763.919487563
4594.66752,4652.21632,57.5488000000005,29.2864,2.13423037528992,0.01153024,2.13423037528992,0.01153024,0.421224547879575,0.807176882574826,0.807176882574826,0.773887730306193,0.000200355871886119,0.000200355871886119,0.50889679715302,32806.396484375,11062.6220703125,10236052.2803619,-941603.803146314,35519.4805482002,1920.08978663314,23174.2858886719,23020.82414265,20287.7519926998
4681.50272,4738.99008,57.4873599999992,31.5084800000004,1.88575983047485,0.01473536,1.83130395412445,0.01258496,0.429626713915273,0.713204047168879,0.69260855522044,0.789324468824293,0.000256323477021735,0.000218916993231211,0.548094050587831,32424.9267578125,11062.6220703125,8169500.55238513,-843651.583249441,34599.957572927,2677.7238341503,23317.3370361328,22060.5360355467,21500.7649603493
4770.49856,4834.73408,64.2355200000002,28.3545599999998,2.12486863136292,0.01588224,2.12486863136292,0.01588224,0.428307643924563,0.8036362229694,0.8036362229694,0.78690102962455,0.000247250119560018,0.000247250119560018,0.44141559062649,32806.396484375,11062.6220703125,7784837.91830729,-844617.469037761,35581.6664199484,2269.72531162345,23126.6021728516,23685.8326500214,22132.628305643
4863.08864,4929.30048,66.2118399999999,27.07456,2.07572150230408,0.01519616,2.07572150230408,0.01519616,0.443687492399785,0.785048526495524,0.785048526495524,0.815157398083744,0.000229508196721312,0.000229508196721312,0.408908134859265,32806.396484375,10681.15234375,9420483.30298279,-898805.615853058,35427.3765223303,2650.0169034908,24604.7973632812,24665.2946840179,18212.101760791
4956.37504,5023.62112,67.2460799999999,28.8460800000003,2.45405793190002,0.01540096,2.45405793190002,0.01540096,0.452570285315888,0.928137306105018,0.928137306105018,0.831477160270511,0.000229023907415868,0.000229023907415868,0.428962996802197,33187.8662109375,11062.6220703125,8551235.42544747,-863144.870185607,35346.8981236724,2199.68112547088,24557.1136474609,24187.9619108836,19374.1207503714
5052.4672,5126.62528,74.1580800000002,23.4803199999997,2.33784031867981,0.01608704,2.33784031867981,0.01608704,0.447428085065242,0.884183208259964,0.884183208259964,0.822029739172227,0.000216929025131179,0.000216929025131179,0.316625241645949,32806.396484375,11062.6220703125,8447777.67836334,-854401.826216963,35746.0097776109,2288.43560782561,24557.1136474609,26303.8710179086,16902.9144553342
5150.1056,5219.46112,69.3555200000001,27.5456000000004,2.36666059494019,0.01646592,2.36666059494019,0.01646592,0.467102515854735,0.895083184671196,0.895083184671196,0.85817625690343,0.000237413258526502,0.000237413258526502,0.397165214823569,32806.396484375,11062.6220703125,8718642.00714916,-871832.006689605,35981.6757501683,2832.35991068964,22745.1324462891,25061.9466951623,18528.0536708739
5247.00672,5316.54656,69.5398399999995,32.2867200000001,2.22820377349854,0.01378304,2.22820377349854,0.01378304,0.481537143026881,0.842718104126736,0.842718104126736,0.884696033389158,0.000198203504638494,0.000198203504638494,0.464290973347081,32424.9267578125,10681.15234375,6727171.15017032,-741655.676312683,34680.7449583023,2596.43393748189,24557.1136474609,21839.5250452288,19043.4344810458
5348.83328,5419.93984,71.1065600000002,30.8224,2.30834674835205,0.01783808,2.08585238456726,0.01533952,0.478330185792591,0.873028588576544,0.788880078167549,0.878804105039476,0.000250864055299539,0.000215725806451612,0.433467741935483,32424.9267578125,11062.6220703125,7061762.41304541,-800731.203285083,35974.1075350174,2261.91371044262,27132.0343017578,24165.3799722475,21231.9616404824
5450.76224,5528.17664,77.4143999999997,31.3651200000004,2.3732578754425,0.01826816,2.3732578754425,0.01826816,0.488542158308469,0.897578310019888,0.897578310019888,0.897565880135549,0.000235978835978837,0.000235978835978837,0.405158730158737,32806.396484375,11062.6220703125,6252727.47538157,-745141.844156801,35760.3156837694,2214.85840851076,24652.4810791016,24187.4239910501,20212.1797535882
5559.54176,5635.71712,76.1753600000002,32.7987199999998,2.32116174697876,0.0173568,2.32116174697876,0.0173568,0.496070098833468,0.877875286834366,0.877875286834366,0.911396462508058,0.000227853206076085,0.000227853206076085,0.430568624815159,32806.396484375,10681.15234375,6558439.86808769,-742182.011860491,35207.1013242611,2577.03535609019,27132.0343017578,23514.8959613027,18479.4182033246
5668.51584,5743.49312,74.9772800000001,37.3043200000002,2.3046555519104,0.017664,2.3046555519104,0.017664,0.504346979145513,0.871632559136031,0.871632559136031,0.926603021933308,0.000235591368478558,0.000235591368478558,0.497541655285443,33187.8662109375,11062.6220703125,5408826.37445753,-676936.822999143,35064.0016574737,2628.34218991,24509.4299316406,22012.1440065996,20348.6638523883
5780.79744,5860.53632,79.7388799999999,33.2697600000001,2.32735967636108,0.01575936,2.32735967636108,0.01575936,0.49309313910642,0.880219375539674,0.880219375539674,0.905927093218032,0.000197637087453448,0.000197637087453448,0.417233851290615,32806.396484375,11062.6220703125,6100341.56715291,-732989.105537884,35764.9362407555,2326.84811368619,24509.4299316406,24376.3174799867,19659.995744997
5893.80608,5974.53824,80.7321599999996,34.7955200000006,2.35398149490356,0.01847296,2.35398149490356,0.01847296,0.476637206779651,0.89028788395769,0.89028788395769,0.875693707764732,0.000228817858954846,0.000228817858954846,0.430999492643338,32806.396484375,10681.15234375,6004237.42353657,-700288.704609805,35135.7203657909,2667.26959391338,24557.1136474609,23436.0825731424,17402.1116196827
6009.33376,6091.23328,81.8995199999999,36.1983999999993,2.29800057411194,0.01949696,2.29800057411194,0.01949696,0.491230529080621,0.869115612373787,0.869115612373787,0.902505044212181,0.00023805951487872,0.00023805951487872,0.441985496374085,32806.396484375,11062.6220703125,4792868.21524562,-630597.615812054,34653.8348075671,2773.83961318651,21171.5698242188,21986.5411593339,19497.3281124262
6127.43168,6212.73088,85.2992000000004,32.69632,2.36459040641785,0.01864704,2.36459040641785,0.01864704,0.485949016377435,0.894300228746124,0.894300228746124,0.892801673648839,0.00021860744297719,0.00021860744297719,0.383313325330131,32806.396484375,11062.6220703125,4737582.13885911,-612186.569885124,34623.9418640551,3122.62756706925,24557.1136474609,21804.5470835536,17748.5972195969
6245.4272,6331.16672,85.7395200000001,38.3692799999999,2.64406776428223,0.01982464,2.64406776428223,0.01982464,0.51596100922577,1,1,0.947940703755896,0.000231219395676579,0.000231219395676579,0.447509853099246,32806.396484375,10681.15234375,3480438.2805464,-531132.917125353,33796.9724935415,2723.50791800845,21362.3046875,20573.3824970092,19953.456245534
6369.536,6456.79104,87.25504,38.2566399999996,2.22479343414307,0.01636352,2.22479343414307,0.01636352,0.53163130594181,0.841428296277808,0.841428296277808,0.976730693370337,0.000187536674099284,0.000187536674099284,0.438446191761526,32806.396484375,11444.091796875,3488892.93497206,-531807.514101746,33796.7732646436,2402.13798474241,21362.3046875,20690.9808461908,19840.4018919751
6495.04768,6584.94464,89.89696,38.8403200000002,2.29492855072021,0.0317952,2.17037224769592,0.01929216,0.544296713055413,0.867953757358866,0.820845924228839,1,0.000353684929946463,0.000214603029957854,0.432053764665682,32806.396484375,11062.6220703125,3900806.94590109,-579176.325099342,34766.4120336831,1867.82133266647,21219.2535400391,22454.9473045772,20541.9622995777
6623.78496,6712.94464,89.1596799999998,44.2470400000002,2.24572396278381,0.0317952,2.19108390808105,0.01970176,0.541549863327764,0.849344329642569,0.828679180495912,0.994953396443955,0.000356609624440107,0.000220971632020214,0.496267371080743,32806.396484375,10299.6826171875,2940312.35647056,-506626.352767041,33885.2573448504,1585.71109185546,21171.5698242188,21849.9862446409,21796.7817299256
6757.19168,6847.80544,90.6137600000002,45.0252799999998,2.3695707321167,0.02107392,2.3695707321167,0.02107392,0.519329460434165,0.896183813488591,0.896183813488591,0.954129334198815,0.000232568651825064,0.000232568651825064,0.496892304215163,32806.396484375,10299.6826171875,2446140.98839482,-466855.269679508,33581.4503516869,1391.86076899693,21219.2535400391,22218.6060624525,22218.606062332
6892.83072,6986.0352,93.2044800000003,46.3359999999993,2.26572895050049,0.02200576,2.26572895050049,0.02200576,0.516519002438816,0.856910318679202,0.856910318679202,0.948965867420608,0.00023610195561415,0.00023610195561415,0.497143484948354,32424.9267578125,11062.6220703125,1873043.77405588,-405491.991533756,32904.0530639181,2269.18269319257,27132.0343017578,21522.3982993732,21522.3982993116
7032.3712,7125.47328,93.1020800000006,48.7526399999997,2.33906173706055,0.02084864,2.33906173706055,0.02084864,0.518735520453629,0.884645154960891,0.884645154960891,0.953038127938903,0.000223933128024636,0.000223933128024636,0.523647162340513,32424.9267578125,10681.15234375,1964418.48697911,-413892.478444479,33082.2770571718,2543.19062431855,21219.2535400391,21506.6764979639,21506.6764978916
7174.22592,7276.83072,102.6048,44.8819199999998,2.31499242782593,0.03393536,2.03889226913452,0.02301952,0.494677537856653,0.875542018664703,0.771119521472632,0.908838003227646,0.000330738522954092,0.000224351297405189,0.437425149700597,32424.9267578125,10681.15234375,2523793.12364705,-458391.596509746,33791.3323611203,1943.2777812561,21362.3046875,21165.0857527463,20463.3276861144
7321.71264,7417.89696,96.1843200000003,48.16896,2.21774959564209,0.01678336,2.21774959564209,0.01678336,0.499897439870211,0.838764280401918,0.838764280401918,0.91842818058561,0.000174491642712658,0.000174491642712658,0.500798466943467,32424.9267578125,10681.15234375,1607388.50580972,-380056.815358703,32683.0021517714,2277.37583835142,21147.7279663086,21684.8746890823,21684.8746890344
7466.06592,7566.47936,100.41344,49.2953600000001,2.07058143615723,0.03457024,2.00152325630188,0.0239616,0.484634382111137,0.783104527095703,0.756986369010563,0.890386383909317,0.000344279012849275,0.00023862941056496,0.490923924128084,32424.9267578125,10681.15234375,1623370.35128794,-389902.507743955,33207.4560964895,1245.75149986025,21386.1465454102,22783.2378200195,22783.2378199623
7615.77472,7717.46816,101.69344,51.0566399999998,2.15592122077942,0.03566592,2.05731081962585,0.02410496,0.473892621106807,0.815380471674362,0.778085511807729,0.870651263805374,0.000350719967777666,0.00023703554526231,0.50206424327862,34713.7451171875,11062.6220703125,1071678.54529035,-317328.573723569,31972.1868230863,2996.40500911828,21386.1465454102,21187.4108620677,21187.4108620409
7768.5248,7875.13344,106.608639999999,52.6336000000001,2.36986923217773,0.02299904,2.36986923217773,0.02299904,0.477054307022456,0.896296707743825,0.896296707743825,0.876460018184766,0.000215733358947268,0.000215733358947268,0.493708577466145,31661.9873046875,9918.212890625,1129116.94504712,-304874.448072052,31379.7163616014,2734.85229656112,21195.4116821289,19669.3821560991,19669.3821560428
7927.76704,8034.56,106.792960000001,51.6915199999994,2.26841282844543,0.02494464,2.26841282844543,0.02494464,0.462105469595102,0.857925375093868,0.857925375093868,0.848995517538715,0.000233579441940741,0.000233579441940741,0.484034902675224,31661.9873046875,10681.15234375,1460349.61189377,-346746.582005832,32196.7431327007,2412.62402239678,21219.2535400391,20375.1916251013,20375.1916249878
8086.25152,8197.94944,111.697920000001,52.61312,1.95437490940094,0.03572736,1.88477528095245,0.02505728,0.434570364233246,0.739154622208212,0.712831685485983,0.798407107391449,0.000319856985698568,0.000224330766409973,0.471030436376969,31661.9873046875,10299.6826171875,1269430.28626099,-328816.837111798,32142.7665299418,2495.71291982543,24938.5833740234,20890.2045856284,20890.2045855364
8250.56256,8358.22592,107.66336,59.8527999999988,1.61616218090057,0.02781184,1.45248782634735,0.02097152,0.389428186375177,0.611240832301174,0.549338351296625,0.715470398836545,0.000258322237017309,0.000194787901845158,0.555925432756311,31661.9873046875,10299.6826171875,1418098.77935942,-326671.124803614,31553.0731982882,3217.22564935745,16736.9842529297,18732.7620161988,18732.762016027
8418.07872,8525.8752,107.796480000001,0,1.6545342206955,0.0278016,1.33281910419464,0.01796096,0.340970754151259,0.625753334708744,0.504079026339348,0.626442794844776,0.00025790823596466,0.000166619169753965,0,33569.3359375,10299.6826171875,2645251.41456878,-487691.356093836,34661.6440074241,1879.63212384425,17118.4539794922,23123.1982469803,21833.3755453965
