note.starts,note.ends,note.durs,INI,pk.amps,pk.times,qpk.amps,qpk.times,note.rmss,rel.pk.amps,rel.qpk.amps,rel.note.rmss,rel.pk.tm,rel.qpk.tm,rel.INI,max.Hz,min.Hz,FMa,FMb,FMc,FM.resid,note.DF,arcL,chordL
947.8656,954.5216,6.65600000000006,43.83744,0.0182953700423241,0.00014336,0.0182953700423241,0.00014336,0.00434265740656589,0.00689535249159718,0.00689535249159718,0.00695193233274752,2.15384615384613e-05,2.15384615384613e-05,6.58615384615379,30136.1083984375,12207.03125,-931794324.23897,4243962.13410156,27343.2050432478,4923.96172423498,28610.2294921875,22697.6786315961,13032.8532707501
998.35904,1015.6544,17.29536,34.41664,0.0833138450980186,0.00472064,0.0797170996665955,0.00141312,0.0272016168506143,0.0314002027863979,0.0300446233411704,0.0435456408329331,0.000272942569567792,8.17051509769096e-05,1.98993487270575,27465.8203125,14877.3193359375,129475185.152027,-2153083.78696196,27429.0357317243,3210.79359816474,24604.7973632812,19393.6379272032,1491.48528200391
1050.07104,1067.91936,17.8483200000001,28.3443199999999,0.127644702792168,0.0039936,0.127644702792168,0.0039936,0.037705606476136,0.0481080851276047,0.0481080851276047,0.0603609265586968,0.000223752151462994,0.000223752151462994,1.58806655192196,28991.69921875,15258.7890625,94399457.725683,-1296359.76678641,25099.3456159319,4052.76690959135,21362.3046875,15835.5466626909,6934.28583105185
1096.26368,1112.87296,16.6092799999999,27.42272,0.154151946306229,0.00350208,0.154151946306229,0.00350208,0.0407481075002385,0.0580984153142706,0.0580984153142706,0.0652315067729904,0.000210850801479656,0.000210850801479656,1.6510480887793,25177.001953125,11825.5615234375,83072631.9125118,-1941466.81193646,26413.6345831902,1528.13325345976,21362.3046875,13357.4613639898,9329.26994067922
1140.29568,1158.4,18.1043200000001,27.7708799999998,0.133595451712608,0.0044544,0.133595451712608,0.0044544,0.034949177808824,0.050350866295764,0.050350866295764,0.0559483045668662,0.000246040723981899,0.000246040723981899,1.53393665158369,24795.5322265625,11825.5615234375,80674173.0805918,-1920253.14330809,26971.2720598493,1981.40027088004,21362.3046875,14530.892503834,8322.59388908569
1186.17088,1205.6576,19.4867200000001,27.5763199999999,0.177076384425163,0.00571392,0.139367267489433,0.00342016,0.0454162770442983,0.0667384199239714,0.0525262092489647,0.0727045344032679,0.000293221229637413,0.000175512348922753,1.41513399894901,28991.69921875,11062.6220703125,107685174.43116,-2497821.66881433,29599.806841682,4221.2379085371,21362.3046875,21186.5134045784,7782.81720704937
1233.23392,1251.0208,17.7868800000001,30.3513599999999,0.198399305343628,0.00441344,0.198399305343628,0.00441344,0.0477422782801847,0.0747748277989218,0.0747748277989218,0.0764281077096312,0.000248128957973516,0.000248128957973516,1.70639032815197,27084.3505859375,15258.7890625,45903451.979694,-1212646.27643421,25418.1453159877,3640.71172498567,21362.3046875,8970.86450348375,7046.57639171814
1281.37216,1300.06016,18.6880000000001,27.32032,0.241443321108818,0.00427008,0.241443321108818,0.00427008,0.0578943816730147,0.0909977115486483,0.0909977115486483,0.0926800772330163,0.00022849315068493,0.00022849315068493,1.46191780821917,24795.5322265625,11825.5615234375,51833133.7773445,-1571677.39370319,25865.8914005055,1367.15509210617,21171.5698242188,12558.8649913741,11269.233829409
1327.38048,1344.4096,17.0291199999999,26.5318400000001,0.221905499696732,0.00398336,0.221905499696732,0.00398336,0.0579834033011025,0.0836340908488454,0.0836340908488454,0.0928225872854282,0.000233914612146724,0.000233914612146724,1.55802766085389,24414.0625,11062.6220703125,76099078.1988948,-1780890.57054412,25698.7980433873,2255.61577449001,21171.5698242188,12579.4766723139,8258.95692778792
1370.94144,1390.49984,19.5583999999999,28.18048,0.249247908592224,0.00781312,0.127890095114708,0.00451584,0.0574909502431835,0.0939391869943538,0.0482005711805641,0.0920342450297092,0.000399476439790578,0.000230890052356022,1.44083769633509,25558.4716796875,11062.6220703125,48783070.5228798,-1524023.8691092,27258.2559024586,2792.46139585651,21171.5698242188,12659.4572338134,11146.4311762655
1418.68032,1437.72672,19.0463999999999,30.44352,0.226738542318344,0.00569344,0.0780604854226112,0.00391168,0.0577137300605081,0.0854556190500153,0.0294202610501402,0.0923908815474323,0.000298924731182796,0.000205376344086022,1.5983870967742,24414.0625,11062.6220703125,46360961.4678637,-1461907.79140362,26512.1459960937,1969.4297076603,20980.8349609375,12023.3587075612,11025.9300077519
1468.17024,1484.40064,16.2304000000001,30.67904,0.244989737868309,0.00520192,0.228126063942909,0.00352256,0.0607046919864038,0.0923343225918919,0.0859785628696241,0.0971789555242588,0.000320504731861196,0.000217034700315455,1.89022082018926,24032.5927734375,9918.212890625,47248252.5964352,-1433966.95117493,24854.2198768029,2421.56564892459,21171.5698242188,10932.7403173583,10827.4444891308
1515.07968,1534.59712,19.5174399999999,30.5152,0.244524776935577,0.00582656,0.121372312307358,0.00400384,0.0602703676948827,0.0921590831997074,0.045744080286071,0.096483668559978,0.000298530954879331,0.000205141657922352,1.56348373557189,24795.5322265625,9918.212890625,23754610.2877134,-1128154.3950121,26077.9436896829,2387.08111546208,20980.8349609375,12969.8309927165,12969.8309927131
1565.11232,1586.39104,21.27872,28.8153600000001,0.30475702881813,0.00607232,0.142805352807045,0.00429056,0.0659300116824163,0.114860051102082,0.0538219911930454,0.10554389559269,0.000285370548604427,0.000201636188642926,1.35418671799808,25939.94140625,10681.15234375,52503581.118109,-1628230.16392941,27917.3639413619,2640.40898615903,18310.546875,14373.2929313375,10873.8762271002
1615.2064,1636.18816,20.9817599999999,30.12608,0.343932121992111,0.00800768,0.135474994778633,0.00412672,0.0663042714341693,0.129624774400975,0.0510592483581872,0.106143028387537,0.000381649585163496,0.000196681307955101,1.43582235236702,25558.4716796875,11062.6220703125,57115188.624937,-1701402.72012159,27897.6802609407,2352.7325404317,18310.546875,14787.1958163496,10554.3611549777
1666.31424,1687.16288,20.8486400000002,29.9007999999999,0.325958788394928,0.0072192,0.260492384433746,0.00482304,0.0747921732012389,0.122850794409592,0.0981771239331081,0.119730864868135,0.000346267190569742,0.000231335952848721,1.43418467583495,25939.94140625,10681.15234375,58970879.8444105,-1855766.61787301,27915.0757135129,1482.40847194969,18310.546875,16142.1779352402,13057.586074372
1717.06368,1738.21952,21.1558400000001,28.03712,0.346728086471558,0.00789504,0.239713042974472,0.00448512,0.0777270653839367,0.130678547054666,0.0903455860317979,0.124429179735703,0.000373184898354306,0.000212003872216843,1.32526621490802,27084.3505859375,10681.15234375,57143832.1498241,-1782609.61547494,28610.2294921875,2684.73630385709,18310.546875,15667.6134849694,12136.7636465596
1766.25664,1787.60704,21.3504,30.22848,0.389444649219513,0.00833536,0.258248090744019,0.00531456,0.0841104076223701,0.14677801684922,0.0973312707992529,0.134647937317469,0.000390407673860911,0.000248920863309352,1.41582733812949,27465.8203125,9918.212890625,69918844.249484,-2136120.53856653,30542.7732359391,3589.09799887925,20980.8349609375,18895.524362189,13735.2513386702
1817.83552,1839.32928,21.4937599999998,28.9689600000002,0.381456702947617,0.00809984,0.189359918236732,0.00412672,0.0801597819565088,0.143767435204725,0.071367968016045,0.12832358802398,0.000376846117198669,0.000191996188661269,1.34778465936162,26321.4111328125,10299.6826171875,41733615.7605482,-1590686.52298936,27940.1970106505,3068.66598385309,18310.546875,15405.0302476132,14909.6668138439
1868.29824,1891.26656,22.9683199999999,27.77088,0.416847497224808,0.00836608,0.212663218379021,0.0050688,0.0788903370886556,0.157105891925431,0.0801507621506725,0.126291400357477,0.000364244315648686,0.000220686580472582,1.20909496210433,27084.3505859375,9918.212890625,39399168.4822471,-1573810.6563868,28814.3492581551,3008.51495475943,18310.546875,16070.1497364657,15363.0027265683
1919.03744,1940.5312,21.4937599999998,30.7609600000001,0.341531008481979,0.00804864,0.258958369493484,0.0046592,0.0797381069631634,0.128719817355209,0.0975989681638609,0.127648550657293,0.000374464030490713,0.000216769890424013,1.43115769414008,26702.880859375,9918.212890625,46402510.3171504,-1667913.79240306,28560.2329439177,2940.68461373599,18310.546875,15563.5133744989,14412.6272752804
1971.29216,1993.8304,22.5382400000001,28.3648000000001,0.453564167022705,0.00902144,0.227420315146446,0.00256,0.0942836521814427,0.170944058630362,0.0857125728015973,0.150933750624371,0.000400272603362107,0.000113584734211722,1.25851885506588,27084.3505859375,10299.6826171875,35288822.660944,-1398125.18860779,28744.0785190515,2667.11129294097,20790.1000976562,14110.9670635981,13585.5379700079
2022.1952,2044.71296,22.51776,30.6175999999998,0.43822106719017,0.00874496,0.273175030946732,0.00540672,0.0938729353005318,0.165161388948669,0.102957093839759,0.150276255524782,0.000388358344702138,0.000240109140518418,1.35970895861755,27465.8203125,10681.15234375,56828753.3760656,-1893400.89988905,29935.3348581414,2906.96981419736,17547.607421875,17721.6890906464,13820.1551863837
2075.33056,2099.456,24.1254400000003,28.0678399999997,0.436979681253433,0.0081408,0.283139199018478,0.00290816,0.0985601413306933,0.164693522292127,0.10671249485003,0.157779757666595,0.000337436332767399,0.000120543293718165,1.16341256366721,27465.8203125,10681.15234375,38971561.5750036,-1562291.73100866,29729.9722083529,2973.94384415895,17547.607421875,16306.4836016312,15008.0902778661
2127.52384,2153.73824,26.2144000000003,28.73344,0.443601369857788,0.00950272,0.363228291273117,0.00453632,0.106174137401403,0.167189174301952,0.136897318690719,0.169968604381823,0.000362499999999996,0.000173046874999998,1.09609374999999,27847.2900390625,10681.15234375,38939796.536676,-1588497.0821494,30805.995947624,2933.90865715638,17547.607421875,17518.0390888135,14882.2734882535
2182.47168,2210.32448,27.8528000000001,27.3100799999997,0.510967373847961,0.01099776,0.356669515371323,0.00453632,0.11057709269537,0.192578786121117,0.134425377885387,0.177017064437983,0.000394852941176469,0.000162867647058823,0.98051470588234,27847.2900390625,10681.15234375,36829815.1873111,-1687192.27183326,31453.1590156404,2155.81564397277,26988.9831542969,20224.3099851449,18421.2513120959
2237.63456,2263.53152,25.89696,30.3206399999999,0.458178102970123,0.01011712,0.343768239021301,0.00331776,0.110638989814099,0.172683007591629,0.129563008454263,0.1771161522869,0.000390668248319493,0.000128113879003559,1.17081850533807,27847.2900390625,10681.15234375,63441315.692866,-1962867.36238272,30893.5982840402,2912.30452142822,17547.607421875,22080.2389330191,8285.2182336052
2293.85216,2320.32256,26.4704000000002,30.2080000000001,0.521827757358551,0.0117248,0.41260102391243,0.00534528,0.120486312239174,0.196671962281326,0.155505436167101,0.192880213954386,0.000442940038684717,0.000201934235976788,1.14119922630561,27847.2900390625,10681.15234375,38850712.1012845,-1500362.18305253,30870.6153253591,3317.05714497796,27656.5551757812,16477.8061036804,12493.1895148792
2350.53056,2377.28768,26.7571199999998,28.03712,0.542778134346008,0.01152,0.466677695512772,0.00433152,0.13351963886411,0.204567961860792,0.175886423892088,0.213744582538967,0.000430539609644091,0.000161882893226178,1.04783773440491,28610.2294921875,10681.15234375,29998358.7621977,-1504535.44175126,31078.2589258143,2001.35993877563,27561.1877441406,18949.2760406385,18779.906271867
2405.3248,2434.87744,29.5526400000003,26.65472,0.48943766951561,0.01210368,0.447980552911758,0.00524288,0.113932702036063,0.184464443526897,0.168839647110782,0.182388883323896,0.000409563409563405,0.000177408177408175,0.901940401940392,28228.759765625,10681.15234375,32861598.5041507,-1520465.61350532,31315.3474227242,3222.84103196954,26988.9831542969,18941.2249891476,16233.8155134307
2461.53216,2489.8048,28.2726399999997,26.3270400000001,0.501161217689514,0.0115712,0.438446015119553,0.00407552,0.126873142138178,0.188882938311331,0.165246169702584,0.203104554748922,0.000409272002897505,0.000144150670047086,0.931184353495125,28228.759765625,10681.15234375,26658517.2909005,-1238617.77600909,29851.5138889961,2351.911314508,17261.5051269531,15064.8381031573,13709.7173499421
2516.13184,2546.3296,30.19776,27.6377600000001,0.486117720603943,0.01289216,0.463091373443604,0.00564224,0.129739489447767,0.183213186080501,0.17453477291383,0.207693139726472,0.000426924381146151,0.000186842997626314,0.915225500169551,28228.759765625,10681.15234375,25147952.3668514,-1382717.76418459,31114.4315279447,2305.1360190653,27656.5551757812,19190.7622440391,18822.443005125
2573.96736,2604.77952,30.8121599999999,26.10176,0.617439091205597,0.0137216,0.531635046005249,0.00612352,0.149039333178464,0.232706972644167,0.200368236915257,0.238589246669089,0.000445330674642739,0.000198737121967431,0.847125290794286,28991.69921875,11062.6220703125,16997652.9051383,-1186996.9377937,31370.4564021184,1995.84952510308,17642.9748535156,20436.5514076479,20436.5514076396
2630.88128,2663.04512,32.1638400000002,25.7331199999999,0.779082119464874,0.00985088,0.69652932882309,0.0071168,0.175671546023234,0.293628706125286,0.262515337588695,0.281223358512275,0.000306271887933777,0.00022126711238459,0.800063673989167,29754.638671875,10681.15234375,27464714.5110728,-1351790.18807352,32140.0960286459,3527.11167975072,25367.7368164062,18200.8208612274,15066.1700083142
2688.77824,2722.88768,34.1094399999997,25.0368000000003,0.726423919200897,0.00754688,0.726423919200897,0.00754688,0.175280870678747,0.273782326874511,0.273782326874511,0.280597946856535,0.000221254878414892,0.000221254878414892,0.734013809666782,29754.638671875,10681.15234375,22866359.2769202,-1303231.81087634,32087.9305133287,3256.92173802835,25558.4716796875,19289.2619766593,17848.5524456781
2747.92448,2779.72992,31.8054400000001,28.03712,0.754341423511505,0.00909312,0.709740400314331,0.00663552,0.176755878049522,0.284304171060335,0.26749446588799,0.282959208745726,0.000285898261429491,0.000208628461043142,0.881519639407594,29754.638671875,10681.15234375,25612279.958651,-1278517.96921015,31733.4558209803,3985.95323969451,25272.3693847656,17155.8335636351,14754.8023762544
2807.76704,2841.7536,33.9865599999998,24.4633600000002,0.822856783866882,0.00698368,0.822856783866882,0.00698368,0.189350426073683,0.310126964458129,0.310126964458129,0.30312115969611,0.000205483579391384,0.000205483579391384,0.71979511901176,29754.638671875,10681.15234375,35902633.4642214,-1696545.43112431,33982.7112516932,3129.54162378767,25272.3693847656,23895.2500371243,16189.1044525819
2866.21696,2899.58912,33.3721599999999,29.4911999999999,0.928895652294159,0.01102848,0.882294595241547,0.00818176,0.205777486099881,0.350092014299957,0.332528515222571,0.329418377974358,0.000330469469162321,0.000245167229211415,0.883706658484198,31280.517578125,10681.15234375,12674707.3018867,-917701.697675227,30611.6646753854,5339.7089286016,25653.8391113281,16509.852890983,16509.8528909665
2929.08032,2963.51744,34.43712,27.3919999999998,1.02316343784332,0.01073152,0.967698931694031,0.00776192,0.218226750544111,0.385620653975463,0.364716604492616,0.34934775206634,0.000311626523936961,0.000225393993458222,0.795420755278019,30136.1083984375,11062.6220703125,26956482.4150913,-1427159.89361988,33786.6922513213,3980.8659895712,25653.8391113281,20599.9672180245,17179.1733675463
2990.90944,3029.89312,38.9836800000003,23.6851199999996,1.14601075649261,0.01024,0.929344832897186,0.00731136,0.210365070705574,0.431920650246367,0.350261306234643,0.336762401406026,0.000262674021539268,0.000187549251379037,0.607565011820318,29754.638671875,10681.15234375,27080761.8433119,-1381782.16309733,32385.5492376512,4437.58387561208,25272.3693847656,22540.9076177213,12711.5804261175
3053.57824,3091.65056,38.0723200000002,25.9788800000001,0.954447209835052,0.00826368,0.954447209835052,0.00826368,0.224745947791254,0.359722155452948,0.359722155452948,0.359783992801667,0.000217052178590639,0.000217052178590639,0.682356105433028,30899.0478515625,11062.6220703125,29491126.0692679,-1548379.39344955,34650.6795575542,2983.38812901183,25272.3693847656,24444.5174720014,16202.9627948334
3117.62944,3160.3712,42.7417599999999,21.0022399999998,1.20791411399841,0.01128448,1.04598927497864,0.00835584,0.223062706052482,0.455251442104,0.394223496803986,0.357089379441214,0.000264015333013896,0.000195495927168185,0.491375179683753,30899.0478515625,11444.091796875,31057530.8457836,-1612264.5458112,35220.5257546911,3489.70739418763,25272.3693847656,29674.7912862544,12173.3241001988
3181.37344,3220.61312,39.2396800000001,24.8729600000001,1.16392350196838,0.00933888,1.16392350196838,0.00933888,0.250220134325914,0.438671795145976,0.438671795145976,0.400564281100021,0.000237995824634655,0.000237995824634655,0.633872651356995,31280.517578125,11062.6220703125,34314059.7949456,-1718106.45333642,36352.8343939012,3787.96073557886,25558.4716796875,28430.0749160724,14582.7885436492
3245.48608,3283.13856,37.6524799999997,26.0403200000001,1.343341588974,0.01169408,1.19726002216339,0.00896,0.264302268537985,0.506292780696406,0.451236015331523,0.423107630707791,0.000310579276584174,0.000237965732934459,0.69159641011695,31661.9873046875,11444.091796875,32516516.6454475,-1565833.0459276,34814.9894739815,4516.00621701699,25177.001953125,24842.8188239531,12858.5310142631
3309.17888,3353.57952,44.4006399999998,22.1798400000002,1.29142200946808,0.01277952,1.17366456985474,0.01004544,0.261355774203319,0.486724780646086,0.442343111799621,0.418390742564036,0.000287822878228783,0.000226245387453875,0.499538745387461,31280.517578125,10681.15234375,31294817.9098805,-1651415.87324563,36513.4915050004,3973.46091516099,25177.001953125,31943.5108604654,11628.7908836178
3375.75936,3417.41568,41.6563200000001,25.4361599999997,1.47213959693909,0.01289216,1.25997710227966,0.00996352,0.282952375992886,0.554835535671042,0.474873491569774,0.452963608945659,0.000309488692232055,0.000239183874139626,0.610619469026542,31661.9873046875,11444.091796875,16983951.2855855,-1166928.61265858,34153.7164494315,4041.88880378088,31471.2524414062,20949.938978358,19138.56729066
3442.85184,3485.0304,42.1785600000003,24.8627200000001,1.32736146450043,0.01394688,1.10435163974762,0.01004544,0.285839104213765,0.500270022432978,0.416219721881387,0.45758482065447,0.000330662782228694,0.000238164603058993,0.589463462005339,31661.9873046875,11444.091796875,28631081.0935363,-1558447.04197909,36681.4178396856,4176.51043023618,31471.2524414062,27617.2330514926,14797.4734233899
3509.89312,3558.05184,48.1587199999999,20.6745599999999,1.58863174915314,0.01381376,1.29129087924957,0.01107968,0.284427156191951,0.598740329625055,0.486675358902945,0.45532450716758,0.00028683818839039,0.000230065915373167,0.429300446523495,31661.9873046875,11062.6220703125,27757455.692552,-1525659.34236361,36490.8622644026,4007.4498059861,23937.2253417969,32831.1595309468,9096.98021858904
3578.7264,3629.5168,50.7903999999999,19.6915200000003,1.43811869621277,0.01084416,1.43811869621277,0.01084416,0.285555644386338,0.542013378915157,0.542013378915157,0.457131044693157,0.00021350806451613,0.00021350806451613,0.387701612903233,32043.45703125,10681.15234375,22796966.2057137,-1345723.04057024,35482.9111868624,4113.27637511965,25224.6856689453,30178.3018401617,9541.28179879075
3649.20832,3696.91648,47.7081599999997,21.7497600000002,1.44960594177246,0.0100864,1.44960594177246,0.0100864,0.295009257234315,0.546342813472008,0.546342813472008,0.472264837361157,0.000211418759390429,0.000211418759390429,0.455891822279465,31661.9873046875,11444.091796875,24520252.4735886,-1469645.70194341,36326.8206815827,3817.89992785804,25177.001953125,29738.0323394692,14304.3172745596
3718.66624,3767.83872,49.1724800000002,22.5689599999996,1.60933661460876,0.01087488,1.60933661460876,0.01087488,0.322826799030023,0.606543798222704,0.606543798222704,0.516796480113991,0.000221157850895459,0.000221157850895459,0.458975426905446,32043.45703125,11062.6220703125,23480425.3138162,-1358807.70819996,35563.9438397489,4664.55481381208,25177.001953125,29275.1164608942,10041.8545812591
3790.40768,3842.11968,51.712,19.8348800000003,1.51597094535828,0.01168384,1.51597094535828,0.01168384,0.308928556461788,0.571355157675579,0.571355157675579,0.494547512987917,0.000225940594059406,0.000225940594059406,0.38356435643565,32424.9267578125,11062.6220703125,21871185.2881128,-1349696.96290721,36240.5544374047,4028.10174041664,25177.001953125,30336.5915000876,11309.1159850759
3861.95456,3913.50272,51.5481599999998,21.8316800000002,1.70841133594513,0.01205248,1.70841133594513,0.01205248,0.323299486591614,0.643884126679609,0.643884126679609,0.517553180823962,0.000233810091378626,0.000233810091378626,0.423520063567745,31661.9873046875,11444.091796875,19421737.8272744,-1262599.37067042,35870.1167621679,4256.98443807912,25177.001953125,27563.5582992679,13476.9840343716
3935.3344,3988.3776,53.0431999999996,21.6166400000002,1.62574660778046,0.01533952,1.4824526309967,0.01260544,0.329711695401136,0.612728569945919,0.558722420982495,0.527818149384422,0.000289189189189191,0.000237644787644789,0.407528957528964,32043.45703125,11062.6220703125,21575694.191197,-1325787.93207997,36566.1962348574,4434.91854429599,25177.001953125,31114.6074584727,9619.06977171477
4009.99424,4059.9552,49.9609599999999,26.2963199999999,1.85359382629395,0.0145408,1.65808391571045,0.01191936,0.351771830267175,0.698602038601976,0.624916196448733,0.56313306154123,0.00029104324656692,0.000238573478171757,0.526337364213978,32043.45703125,10681.15234375,20078586.61585,-1275428.4031113,35941.3189914839,4070.83495321927,25177.001953125,26905.2557833818,13603.5170911152
4086.25152,4141.68064,55.4291199999998,20.5824000000002,1.75930786132812,0.0129024,1.75930786132812,0.0129024,0.370878728673799,0.663066547275716,0.663066547275716,0.59372029244061,0.000232772953999631,0.000232772953999631,0.371328283761321,32043.45703125,10681.15234375,16437177.2018313,-1160441.03328096,36031.2807971613,4028.70791247098,25177.001953125,27141.8866924126,13820.8500811949
4162.26304,4215.2448,52.9817600000006,25.05728,1.98045551776886,0.0152576,1.82677435874939,0.01256448,0.394225896841932,0.746415014145851,0.68849403412167,0.631095548665229,0.000287978353304983,0.000237147274835714,0.472941631233083,32424.9267578125,11062.6220703125,17603864.7983439,-1176619.3042569,35856.7324017756,3777.60283301193,25177.001953125,26397.7165143036,12924.1355306585
4240.30208,4302.57152,62.26944,19.4252799999995,1.67731964588165,0.01585152,1.67720103263855,0.01296384,0.38078185795933,0.632165961807776,0.632121257594662,0.609573692382169,0.000254563394178589,0.0002081894425259,0.311955270514709,32424.9267578125,11062.6220703125,14335656.0321143,-1080542.75512278,35848.5202400052,4086.79371189569,25177.001953125,29024.1818811632,11698.5274355529
4321.9968,4377.88672,55.8899200000005,25.68192,2.002028465271,0.01483776,1.59637916088104,0.00766976,0.42492457744438,0.754545654683092,0.60166025606753,0.68023945532712,0.000265481861487722,0.000137229754488822,0.459508977647485,32424.9267578125,10681.15234375,14267998.6796491,-1066826.00953834,35121.8290107195,3728.3539362452,25177.001953125,24827.4808327124,15056.1131587501
4403.56864,4463.23712,59.6684799999994,23.5929599999999,2.09149241447449,0.0163328,2.05977344512939,0.01371136,0.387324391369016,0.788263773727491,0.776309193208015,0.620047290755393,0.000273725759395918,0.000229792345975633,0.395400720782567,32806.396484375,10681.15234375,12515023.5129479,-1005171.10704644,35618.6329491374,4181.15241923014,25177.001953125,24946.7896284637,15419.4496522364
4486.83008,4542.72,55.8899200000005,28.3443200000002,1.75628471374512,0.01696768,1.71205914020538,0.01389568,0.43810171949429,0.661927151452033,0.645258949716072,0.701334050477884,0.000303591058995966,0.000248625870282152,0.507145474532794,32424.9267578125,11444.091796875,12160703.2194923,-974727.804091575,34909.4533349025,3827.08764493386,25177.001953125,22572.8495873094,16491.2751611702
4571.06432,4634.63424,63.5699199999999,23.04,1.95440065860748,0.01284096,1.95440065860748,0.01284096,0.444783308344767,0.736595183356914,0.736595183356914,0.712030255408425,0.000201997422680413,0.000201997422680413,0.362435567010309,32806.396484375,10681.15234375,11851717.9870715,-1000096.25439385,35823.4968792204,3084.93298278191,25177.001953125,26514.4537748417,15681.6497306713
4657.67424,4717.2608,59.5865599999997,26.1632,1.70985889434814,0.018176,1.63260459899902,0.0136192,0.451806590664227,0.644429697795026,0.615313282183327,0.723273459480854,0.000305035229420864,0.000228561608523802,0.439078879532567,32424.9267578125,11062.6220703125,13373607.8117691,-1029374.02231431,35914.4837188015,3823.08912238954,23937.2253417969,25762.6639544225,13853.0849644724
4743.424,4806.6048,63.1808000000001,24.8934399999998,1.71310245990753,0.0095232,1.71310245990753,0.0095232,0.44675813330564,0.645652167076043,0.645652167076043,0.715191649046396,0.000150729335494327,0.000150729335494327,0.394003241491083,32806.396484375,11062.6220703125,10965405.4884212,-951729.042277668,35678.2178203313,3020.07065438668,25177.001953125,24942.9678642647,16359.148737372
4831.49824,4895.6416,64.14336,27.1974399999999,1.92230296134949,0.01765376,1.78732419013977,0.01010688,0.477619911687032,0.724497863857475,0.673625637484325,0.764596650382974,0.00027522349936143,0.000157567049808429,0.424010217113664,32806.396484375,10681.15234375,9876053.55638946,-926818.99268766,36004.3492494654,2711.13795165646,25177.001953125,24673.1637137286,18815.5395895585
4922.83904,4990.08512,67.2460799999999,26.5113600000004,1.99533665180206,0.00991232,1.99533665180206,0.00991232,0.468970636970074,0.752023573272901,0.752023573272901,0.750750480416004,0.000147403685092128,0.000147403685092128,0.394243947007773,32806.396484375,10681.15234375,9443483.30431182,-883504.879300477,35624.3725957995,3161.59465431975,25177.001953125,24620.6855779443,16708.4751695339
5016.59648,5085.48096,68.8844799999997,25.68192,1.9023494720459,0.01705984,1.9023494720459,0.01705984,0.476308032889987,0.716977581848023,0.716977581848023,0.762496532466227,0.000247658688865766,0.000247658688865766,0.372825925375354,32424.9267578125,11062.6220703125,8365350.45068407,-783922.193490806,34236.3081638168,3011.51675662461,25177.001953125,22425.0325703395,14305.8859382157
5111.16288,5184.3072,73.1443200000003,24.1459199999999,2.11506962776184,0.01801216,2.11506962776184,0.01801216,0.473980010723361,0.797149803144211,0.797149803144211,0.758769723957905,0.000246255074898501,0.000246255074898501,0.330113397732043,32806.396484375,10681.15234375,8754015.34803942,-858592.609696404,35617.9925484888,2591.42627456438,25177.001953125,26138.9519797794,15966.3890665312
5208.45312,5279.32416,70.87104,27.7606399999995,1.96749794483185,0.01979392,1.73220133781433,0.01660928,0.487818529081226,0.741531427061819,0.65285035410679,0.780923081730016,0.000279294899580985,0.000234359196647883,0.391706400809125,32806.396484375,11062.6220703125,8103256.23202805,-810464.738871064,35624.474755559,2571.51819998303,25177.001953125,23791.9772565156,16738.2189201059
5307.0848,5379.1744,72.0896000000002,27.3407999999999,2.02880096435547,0.01968128,1.68704974651337,0.0107008,0.484519015598202,0.764635957193582,0.635833145006539,0.775641063758649,0.000273011363636363,0.000148437499999999,0.379261363636362,32806.396484375,11062.6220703125,8025168.26508147,-815728.383047492,35721.6802136651,2841.91303488108,25177.001953125,24358.4248142494,17099.4521981518
5406.5152,5479.17824,72.6630400000004,32.2969599999997,2.03450465202332,0.0147456,2.03450465202332,0.0147456,0.506459213774286,0.766785623304778,0.766785623304778,0.810763975562972,0.000202931228861329,0.000202931228861329,0.444475760992101,32806.396484375,11062.6220703125,7967962.45533899,-834392.16144874,36296.8642630662,2462.125925389,25177.001953125,25128.8133707879,18559.2875357792
5511.4752,5589.8112,78.3360000000002,28.3340799999996,2.05329012870789,0.02127872,1.73989379405975,0.01138688,0.480778955569988,0.773865692369418,0.655749568346003,0.769653797943655,0.000271633986928104,0.000145359477124183,0.361699346405223,32806.396484375,10681.15234375,7613766.80623774,-810050.125874515,36201.5073101461,2430.37111123521,25177.001953125,26357.771928721,16733.9866468058
5618.14528,5695.40608,77.2608,33.2902400000003,2.07831740379333,0.02176,1.68315148353577,0.01215488,0.498674784797264,0.78329823640756,0.634363926440678,0.798302291752614,0.000281643472498343,0.000157322730284957,0.430881378396292,33187.8662109375,10681.15234375,6776000.13380443,-760558.388521301,36213.48608663,2641.48690271019,25177.001953125,24369.8295096465,18313.8380213672
5728.69632,5814.64064,85.9443199999996,28.2624000000005,2.27263736724854,0.01997824,2.27263736724854,0.01997824,0.508593967972124,0.856535598706229,0.856535598706229,0.814181391523067,0.00023245561777672,0.00023245561777672,0.328845466460153,32806.396484375,10681.15234375,5868474.82552554,-699209.388529295,35452.3574642766,2505.63710505568,25177.001953125,24908.2478027532,16746.019580253
5842.90304,5922.31424,79.4111999999996,34.6009600000007,2.27501916885376,0.01924096,2.27501916885376,0.01924096,0.540168051263149,0.857433277277096,0.857433277277096,0.864726684406604,0.000242295293359125,0.000242295293359125,0.435718891038051,32806.396484375,10681.15234375,6802550.40746143,-751321.526667479,35726.4732258438,2766.86582434294,25177.001953125,24725.1051101531,16765.5177345366
5956.9152,6037.32992,80.4147199999998,33.7407999999996,2.04672169685364,0.02142208,1.88636660575867,0.01675264,0.518564716834162,0.771390112326636,0.710953790220875,0.830143040095874,0.000266395008277092,0.000208328027505413,0.419584872023427,32424.9267578125,10681.15234375,5932508.78543746,-689166.970716062,35232.8274107199,2579.34047549276,25129.3182373047,22973.1053259505,17056.4396017351
6071.07072,6157.47584,86.4051200000004,33.4950399999998,2.23290252685547,0.02118656,2.23290252685547,0.02118656,0.553844268334484,0.841559911957411,0.841559911957411,0.886620222566934,0.000245200284427588,0.000245200284427588,0.387651102156905,32806.396484375,10681.15234375,5689844.43486828,-691147.380280776,35810.3221522162,2328.11766670995,21934.5092773438,24737.8713758886,17239.1770591864
6190.97088,6274.77504,83.8041600000006,38.1542399999998,2.20318794250488,0.04169728,2.10170817375183,0.0209408,0.56758717340836,0.830360765246271,0.792113997091306,0.908620518050641,0.000497556207233623,0.00024987781036168,0.455278592375362,32424.9267578125,10681.15234375,5761168.47741236,-694455.708113307,35852.827392258,2248.88151197304,25177.001953125,24118.3141824768,17736.8004347774
6312.92928,6401.5872,88.6579199999996,38.1952000000001,2.33214950561523,0.02363392,2.24804663658142,0.02044928,0.5716386235936,0.87896516261326,0.847267584143887,0.915106272025776,0.000266574266574268,0.000230653730653732,0.430815430815434,32806.396484375,10681.15234375,4839660.48463662,-633748.821667603,35342.8844470023,2220.5869342196,25177.001953125,23348.3706721719,18146.0233904325
6439.7824,6530.83648,91.0540799999999,38.3692799999999,2.41396641731262,0.02349056,2.0839536190033,0.02122752,0.582096734726683,0.909801185313116,0.785422472785468,0.93184811328077,0.000257984705353127,0.000233130904183536,0.421390013495276,32806.396484375,10681.15234375,4552015.14317945,-613833.604784606,35425.5532994517,2185.22183468992,21934.5092773438,23235.4182095908,18151.999961103
6569.20576,6666.63936,97.4336000000003,34.4166399999995,2.60859727859497,0.02526208,2.18376755714417,0.02195456,0.577909692414249,0.983155722071885,0.823041405087115,0.925145296985295,0.000259274829217025,0.000225328428796636,0.3532317393589,32806.396484375,10681.15234375,4362535.17497853,-595242.490437443,35180.0090714179,2116.13886155711,23937.2253417969,24026.9507268827,16581.7355806347
6701.056,6795.3664,94.3104000000003,39.7414399999998,2.21768951416016,0.02267136,2.21768951416016,0.02267136,0.56564592614994,0.835826270891357,0.835826270891357,0.905512877194315,0.000240390879478827,0.000240390879478827,0.421389793702494,32806.396484375,10681.15234375,4106410.47512483,-583009.258830158,34936.2750090479,2381.27942761288,25177.001953125,22926.9177409352,18459.5673963622
6835.10784,6929.94048,94.8326400000005,44.1651199999997,2.2698655128479,0.02712576,2.22471213340759,0.02210816,0.583719836494543,0.855490912913946,0.838473029880835,0.934446451718028,0.000286038224813733,0.000233128171903681,0.465716445308276,32806.396484375,10681.15234375,3266988.52156811,-515752.385449931,34500.7378452136,2110.59126701279,25153.1600952148,21180.9680633222,19529.3823931079
6974.1056,7076.49536,102.38976,39.1679999999997,2.22311401367188,0.04740096,2.13467025756836,0.02556928,0.576425800559286,0.837870713618521,0.804537095735757,0.922769812391641,0.000462946294629463,0.00024972497249725,0.382538253825379,32806.396484375,10299.6826171875,3535957.06312253,-537230.863550449,34784.226701453,2214.82899992662,17833.7097167969,22874.5656115703,17937.1571182626
7115.66336,7222.54848,106.885120000001,37.1609599999992,2.4701509475708,0.04819968,2.01614260673523,0.02515968,0.586056699005666,0.930976605094663,0.759865141541626,0.938187412269901,0.000450948457558916,0.000235389921440887,0.347671967809916,32806.396484375,10681.15234375,3121928.84081652,-503071.345917783,34436.9269444257,2174.22084993535,17595.2911376953,22428.1750979989,18104.587175042
7259.70944,7365.60128,105.89184,41.2774399999998,2.33950686454773,0.0245248,2.33950686454773,0.0245248,0.595617493415811,0.881738081834319,0.881738081834319,0.953492786275722,0.000231602359539696,0.000231602359539696,0.38980756213132,32424.9267578125,10681.15234375,2971444.59199327,-494023.021308024,34515.2028310353,2107.58023462897,18095.9701538086,22073.4031986274,18993.9555184045
7406.87872,7514.4192,107.540480000001,41.9737599999999,2.4550609588623,0.0509952,2.01392483711243,0.02433024,0.590300306609512,0.925289330609447,0.759029285078542,0.944980780971762,0.000474195391354025,0.000226242620453246,0.390306608265089,32424.9267578125,9918.212890625,2823687.81930949,-483967.413715982,34643.4916563576,2035.48982234358,17905.2352905273,22084.6619335972,19390.2658669684
7556.39296,7666.85184,110.45888,46.3155200000001,2.65329003334045,0.02864128,2.28087401390076,0.02525184,0.624669113378668,1,0.859639913179476,1,0.000259293594141095,0.000228608510243812,0.419301010475573,32043.45703125,9918.212890625,2655621.68712711,-466610.067975956,34509.0589600243,2034.87283469622,18048.2864379883,21853.6716829893,19139.5493253475
7713.16736,7825.08032,111.91296,46.1823999999997,2.45838046073914,0.02555904,2.45838046073914,0.02555904,0.607380689826781,0.926540419572628,0.926540419572628,0.972323870059176,0.000228383200658798,0.000228383200658798,0.412663555677554,32043.45703125,10681.15234375,2671540.65883379,-461479.8792832,33972.5183190901,1975.31506033733,17690.6585693359,21672.0031593869,18185.8399288332
7871.26272,7985.22368,113.96096,46.9401600000001,2.2505841255188,0.0548864,1.79512059688568,0.02747392,0.591282006699195,0.84822393980252,0.676564029687192,0.946552333124186,0.000481624584419084,0.000241081858208284,0.411896846077814,32043.45703125,9918.212890625,2192056.74795566,-426543.834695015,34008.0576983298,1800.95940516129,18072.1282958984,21358.8749772032,20140.8838070152
8032.16384,8144.67072,112.50688,55.4393600000003,2.43538475036621,0.0526336,2.3262505531311,0.02742272,0.612288500478592,0.917873553122308,0.876741903033641,0.980180526562114,0.000467825612087012,0.000243742604896696,0.492764175844183,32043.45703125,10681.15234375,1674918.17787674,-373830.729042059,33055.8730134674,1525.48167725965,18024.4445800781,20860.527336079,20857.7529315777
8200.11008,8325.50912,125.39904,48.1279999999988,2.64418435096741,0.05338112,1.85530889034271,0.0272896,0.579467903033343,0.996568154156301,0.6992484300734,0.927639754588083,0.000425690021231422,0.000217622080679405,0.383798791442093,32424.9267578125,9918.212890625,2238082.07156217,-432920.461587444,34243.8879600957,1644.89164117418,17881.3934326172,22776.5428803691,19094.1504678692
8373.63712,8497.2544,123.61728,51.4355200000009,2.48079943656921,0.0541184,1.91438698768616,0.02014208,0.577174310023058,0.934989920210842,0.721514408010636,0.923968061909251,0.000437789927104041,0.000162939032471835,0.416086812458588,32043.45703125,10299.6826171875,1705583.49173292,-374261.493710525,33180.1457438725,1569.87982446755,17929.0771484375,20860.9374833307,20201.7709747291
8548.68992,8665.83552,117.1456,59.5251200000002,2.30363416671753,0.0549888,1.91361474990845,0.02684928,0.562132422526877,0.868218000207571,0.721223358872394,0.899888293638295,0.000469405594405595,0.000229195804195805,0.508129370629373,32043.45703125,10299.6826171875,1312826.22267383,-326710.630588851,32408.0677278521,2649.52724127724,17547.607421875,20256.6783394551,20256.6783392534
8725.36064,8848.55808,123.19744,53.7190399999999,2.19120025634766,0.05409792,1.71155297756195,0.02745344,0.522412495025264,0.825842719346051,0.645068181787549,0.836302746264618,0.000439115617986868,0.000222840994098579,0.436040229407364,32043.45703125,9918.212890625,1786170.5002797,-387486.204585641,33584.895886873,1729.70256591264,18048.2864379883,21402.5131740034,20627.5105825368
8902.27712,9022.1568,119.87968,59.00288,2.15669775009155,0.05487616,1.82095146179199,0.0203776,0.527262522604361,0.812839050006268,0.686299439153073,0.844066900878993,0.000457760314341847,0.000169983770393781,0.49218416332109,32043.45703125,10299.6826171875,1342673.44431122,-338048.674007801,32852.4509484686,1934.94929235665,18358.2305908203,21229.4219417287,21229.4219415007
9081.15968,9204.25472,123.09504,66.1503999999986,2.21704959869385,0.05241856,1.7869268655777,0.02823168,0.491832054424886,0.83558509278483,0.673475889602609,0.78734812381662,0.000425838116629232,0.000229348639880209,0.537392895765731,32043.45703125,9918.212890625,1350749.34707359,-346277.046486554,33399.618219288,1905.47387225004,17333.0307006836,22157.9075126697,22157.9075124144
9270.40512,9389.47584,119.07072,88.5760000000009,1.85534429550171,0.0503296,1.54352509975433,0.02507776,0.430488306723794,0.699261773944048,0.581740058704045,0.689146137537356,0.000422686618507053,0.00021061231510148,0.743894048847619,32043.45703125,9918.212890625,1391694.3992794,-348583.278045073,33096.3247649104,2350.52392013896,17523.7655639648,21774.8464393813,21774.846439166
9478.05184,9575.46496,97.4131199999993,0,0.793656647205353,0.02434048,0.793656647205353,0.02434048,0.227634145100454,0.299121708231101,0.299121708231101,0.364407556296871,0.00024986860086198,0.00024986860086198,0,32424.9267578125,10299.6826171875,2931296.06309698,-502847.285029802,32740.6887802781,856.290832424152,13446.8078613281,21962.3833666327,21167.9284382568
