note.starts,note.ends,note.durs,INI,pk.amps,pk.times,qpk.amps,qpk.times,note.rmss,rel.pk.amps,rel.qpk.amps,rel.note.rmss,rel.pk.tm,rel.qpk.tm,rel.INI,max.Hz,min.Hz,FMa,FMb,FMc,FM.resid,note.DF,arcL,chordL
988.42624,1004.36992,15.94368,87.0400000000001,0.0695736259222031,0.01163264,0.0239187218248844,0.00118784,0.0172711098769096,0.692478418665832,0.238067205011347,0.8211062567289,0.000729608220937702,7.45022479126527e-05,5.45921644187542,27084.3505859375,20217.8955078125,60224885.3517943,-1294262.75003147,27776.0264637706,933.316119700585,20980.8349609375,8581.0944795975,5326.08913989533
1091.40992,1100.51328,9.10335999999984,80.35328,0.0443253107368946,0.00227328,0.0443253107368946,0.00227328,0.0164005084040752,0.441177539320413,0.441177539320413,0.779715962673886,0.00024971878515186,0.00024971878515186,8.82677165354347,22506.7138671875,20980.8349609375,10573552.615478,83153.8013049511,21235.1481119792,426.839975670521,21743.7744140625,1633.22159402419,1633.22159402122
1180.86656,1194.2912,13.42464,83.5276800000001,0.0683087259531021,0.00927744,0.0185743570327759,8.192e-05,0.0182673359789022,0.679888648925314,0.184873811236658,0.868469019822448,0.000691075514874144,6.10221205186882e-06,6.22196796338676,25177.001953125,20217.8955078125,79190733.2250108,-1297257.44986867,26038.6433634725,1198.88282831171,21171.5698242188,7482.0833720282,3143.38435584593
1277.81888,1284.39296,6.57407999999987,294.77888,0.0315252728760242,0.00063488,0.0315252728760242,0.00063488,0.0107275756144507,0.31377653269946,0.31377653269946,0.510012357013271,9.65732087227434e-05,9.65732087227434e-05,44.8395638629293,23651.123046875,23269.6533203125,19825411.1540206,-146558.57479998,23691.9948032924,266.089874591091,23651.123046875,435.051670699325,106.66271159729
1579.17184,1593.28256,14.1107200000001,97.9455999999998,0.0593065060675144,0.00987136,0.0315947718918324,0.00022528,0.0158318544984593,0.590287986199693,0.314468268510663,0.752680914947229,0.000699564586357033,1.5965166908563e-05,6.94121915820021,25177.001953125,20599.365234375,59781239.7875081,-1087831.98455413,26145.3481820913,1049.84755569494,21553.0395507812,6450.67684524563,3446.90528108487
1691.22816,1698.46784,7.23968000000013,88.19712,0.0686948522925377,0.00285696,0.0497597903013229,0.00156672,0.0210339523482793,0.683731831645682,0.495267861122171,1,0.000394625176803387,0.000216407355021212,12.182461103253,22506.7138671875,20599.365234375,-27755575.615629,414729.584008456,20694.7326660156,506.811265176708,21362.3046875,1547.75741978885,1547.75741977448
1786.66496,1804.09344,17.42848,103.97696,0.100470460951328,0.00233472,0.100470460951328,0.00233472,0.0199358795596678,1,1,0.94779522315019,0.000133960047003525,0.000133960047003525,5.9659224441833,30517.578125,21743.7744140625,-610012.650892987,-571682.383971553,31198.7740652902,2162.15089251041,30136.1083984375,10148.8475063658,10148.8475063658
1908.0704,1915.89376,7.82335999999987,101.07904,0.0419584475457668,0.00338944,0.0359576903283596,0.00192512,0.0128097204638537,0.417619737666906,0.35789315573837,0.609002067312453,0.000433246073298437,0.000246073298429324,12.9201570680631,22506.7138671875,21743.7744140625,-31720657.846433,291038.304567336,21798.2700892857,287.55972299496,22125.244140625,999.708476366455,335.435782251336
2016.9728,2024.43776,7.46496000000002,109.9776,0.0337143875658512,0.00096256,0.0337143875658512,0.00096256,0.0093809579379571,0.335565172555382,0.335565172555382,0.445991213758955,0.000128943758573388,0.000128943758573388,14.7325102880658,23651.123046875,22506.7138671875,-39650822.3080419,101863.406598571,23623.8752092634,187.466003778816,23651.123046875,1580.00823255066,1449.16071026249
2134.41536,2142.3616,7.94624000000022,97.9558399999996,0.0635410398244858,0.00198656,0.0635410398244858,0.00198656,0.0161970996660538,0.632435038346917,0.632435038346917,0.77004546734075,0.000249999999999993,0.000249999999999993,12.3273195876285,23651.123046875,20980.8349609375,39650822.3080413,-51971.1258155956,21280.5611746652,493.704202367451,21743.7744140625,2124.74572149598,2090.68613394489
2240.31744,2255.64672,15.3292800000004,99.0003199999996,0.0248585138469934,0.00768,0.0186045616865158,0.0034816,0.00639882207378313,0.247421118721013,0.185174443417041,0.304213966440149,0.000501002004008004,0.000227120908483628,6.45824983299915,28991.69921875,21743.7744140625,32108847.7151829,-799773.842446152,27758.2105699476,950.199788426084,23460.3881835938,5245.66654233238,4714.80097833502
2354.64704,2384.49664,29.8496,95.7337600000001,0.0717940405011177,0.02489344,0.04428606107831,0.001536,0.0184209969060422,0.714578591770346,0.440786880631153,0.875774395654615,0.000833962264150943,5.14579759862779e-05,3.20720411663808,30517.578125,21362.3046875,12888868.0893807,-651771.326789676,30240.5979322351,1129.02933972424,21648.4069824219,8508.41678354675,7971.14971313451
2480.2304,2500.9152,20.6848,91.06432,0.050131194293499,0.01700864,0.0320482552051544,0.00080896,0.0152962345323208,0.498964509755603,0.31898186692584,0.727216372797958,0.000822277227722772,3.91089108910891e-05,4.40247524752475,27465.8203125,21743.7744140625,77746.7104079201,-201831.39566739,25338.7525969861,921.134694111381,21743.7744140625,4141.57727169712,4141.57727169712
2591.97952,2627.6864,35.7068800000002,85.6268799999998,0.0746986493468285,0.03124224,0.0382994934916496,0.00027648,0.019272271549683,0.743488669600265,0.381201530569302,0.916245850070092,0.000874964152566672,7.74304559793515e-06,2.39804989962717,33569.3359375,20980.8349609375,9442341.41612072,-581231.101871186,30683.8838924915,1461.08120454036,21743.7744140625,9173.9406310977,8715.14066821757
2713.31328,2760.16128,46.848,76.0012800000004,0.0729573369026184,0.03234816,0.0523941963911057,0.00068608,0.0149884706070527,0.726157083502998,0.521488563852488,0.712584604114066,0.000690491803278689,1.46448087431694e-05,1.62229508196722,33187.8662109375,20599.365234375,8083224.84170011,-606759.103293953,32442.4266136897,1262.10628793223,21171.5698242188,12087.9965083862,10684.9131576137
2836.16256,2870.74304,34.5804799999996,105.9328,0.0526118502020836,0.02983936,0.0438306853175163,0.00456704,0.0141084400524282,0.523654910148872,0.436254446356622,0.670746030932333,0.000862896061593139,0.000132069884512883,3.06336985490083,32424.9267578125,21362.3046875,9017903.49503951,-603331.926515098,31913.377316062,1124.66301241773,21553.0395507812,10102.7935007945,10079.8120738139
2976.67584,2997.78048,21.10464,91.76064,0.0492093004286289,0.01517568,0.0484352856874466,0.00432128,0.0176191868006542,0.489788739522831,0.482084835968957,0.837654593341112,0.000719068413391557,0.000204754973313925,4.34788937409024,24032.5927734375,21362.3046875,-973879.846162434,-135082.020102332,24339.6581880079,290.224862864985,21743.7744140625,3284.62916554282,3284.62916554243
3089.54112,3124.45952,34.9184,91.7401600000003,0.0577562488615513,0.00178176,0.0577562488615513,0.00178176,0.0144687033034993,0.574858006170894,0.574858006170894,0.687873732141596,5.10263929618768e-05,5.10263929618768e-05,2.62727272727273,32424.9267578125,20980.8349609375,11479456.460252,-660388.962326512,31264.4403099557,1263.51401298489,21171.5698242188,9932.50682070121,9062.88599701205
3216.19968,3247.6672,31.4675199999997,98.70336,0.0451566912233829,0.00208896,0.0451566912233829,0.00208896,0.0116768750770583,0.449452414130543,0.449452414130543,0.555144125255831,6.63846404165317e-05,6.63846404165317e-05,3.13667425968112,33569.3359375,20980.8349609375,10570016.3102552,-731898.06679021,33953.5444210737,1575.12002503229,23651.123046875,12564.53601022,12564.5360102027
3346.37056,3378.61632,32.2457600000002,93.29664,0.0489071197807789,0.00301056,0.0489071197807789,0.00301056,0.0120269211611402,0.486781082894318,0.486781082894318,0.571786080048054,9.33629723721809e-05,9.33629723721809e-05,2.89329946014606,31661.9873046875,21362.3046875,9088893.80620302,-602695.878092596,31886.0437116052,1605.39188571418,23555.7556152344,9983.8544910296,9983.85449098277
3471.91296,3510.8864,38.9734399999998,91.7913600000002,0.0607636794447899,0.005888,0.0607636794447899,0.005888,0.0137656083659412,0.604791486666177,0.604791486666177,0.654447064346769,0.00015107724645297,0.00015107724645297,2.35522858644248,32806.396484375,20980.8349609375,6888172.60729513,-567108.173370709,32949.2938133978,1128.32985601559,30708.3129882812,11639.5110630621,11639.511063021
3602.67776,3619.30752,16.6297599999998,116.76672,0.0596010833978653,0.00057344,0.0596010833978653,0.00057344,0.0142516758811299,0.593219965684624,0.593219965684624,0.677555774832581,3.44827586206901e-05,3.44827586206901e-05,7.02155172413802,33187.8662109375,24032.5927734375,-665468.346428514,-632375.936497464,33347.16126159,1853.71886169706,30708.3129882812,10700.2946046811,10700.2946046811
3736.07424,3754.33216,18.25792,109.74208,0.037735890597105,8.192e-05,0.037735890597105,8.192e-05,0.0102163357644043,0.375591892779169,0.375591892779169,0.485706898791184,4.48681996634885e-06,4.48681996634885e-06,6.01065619742007,32806.396484375,23651.123046875,30195626.2192009,-1047338.11855153,33272.3345075335,2033.41039720812,25367.7368164062,9107.05695854903,9056.45397815972
3864.07424,3879.85408,15.7798400000001,111.88224,0.0374779179692268,0.00257024,0.0374779179692268,0.00257024,0.0113961887709849,0.37302424627456,0.37302424627456,0.541799685683761,0.000162881245944191,0.000162881245944191,7.09020116807261,32424.9267578125,24032.5927734375,12865721.3642877,-739661.785034273,33762.1667882898,2524.18182754896,32424.9267578125,8468.13689662089,8468.13689662012
3991.73632,4008.64256,16.9062399999998,116.5824,0.0595370009541512,0.00211968,0.0595370009541512,0.00211968,0.0153025678113655,0.592582141959049,0.592582141959049,0.727517470705755,0.000125378558449426,0.000125378558449426,6.89582071471842,33187.8662109375,28610.2294921875,-23956860.4714319,165726.107495885,32357.8551575378,1154.80918837615,32424.9267578125,4618.78869952583,4045.56729386803
4125.22496,4141.68064,16.45568,0,0.0351688638329506,0.00354304,0.0351688638329506,0.00354304,0.0101062475272448,0.350041828214441,0.350041828214441,0.480473063735525,0.000215308027380211,0.000215308027380211,0,33950.8056640625,29754.638671875,-33273417.3214331,273884.198703726,33363.9291616587,686.840357788676,33760.0708007812,5630.35287249337,4503.13812335026
