note.starts,note.ends,note.durs,INI,pk.amps,pk.times,qpk.amps,qpk.times,note.rmss,rel.pk.amps,rel.qpk.amps,rel.note.rmss,rel.pk.tm,rel.qpk.tm,rel.INI,max.Hz,min.Hz,FMa,FMb,FMc,FM.resid,note.DF,arcL,chordL
999.13728,1005.84448,6.70719999999994,42.20928,0.0695084482431412,0.00106496,0.0695084482431412,0.00106496,0.0249847897007028,0.0299071376034041,0.0299071376034041,0.045028256111184,0.0001587786259542,0.0001587786259542,6.29312977099242,30899.0478515625,18310.546875,-444089209.850062,956268.715006961,30626.5694754464,1874.66003778815,30517.578125,14593.7235144317,13564.1478534269
1048.05376,1061.4784,13.42464,34.3449600000001,0.203577667474747,0.00336896,0.174795225262642,0.003328,0.0465320139689551,0.0875925943973016,0.075208481651922,0.0838612398768505,0.000250953470633105,0.000247902364607171,2.55835240274601,33950.8056640625,15258.7890625,182190445.066692,-3276996.33189292,32715.6973885489,2896.91992841018,23651.123046875,18313.1434547779,11157.9592828232
1095.82336,1110.56896,14.7456,34.3552,0.262766569852829,0.00136192,0.262766569852829,0.00136192,0.0694563259048736,0.113059579961757,0.113059579961757,0.125176047861573,9.23611111111113e-05,9.23611111111113e-05,2.32986111111111,30899.0478515625,14495.849609375,102093935.481264,-2578131.27489981,31375.8850097656,887.444530300593,28038.0249023438,16734.6547747677,15817.5305053139
1144.92416,1161.18528,16.2611199999999,32.9728,0.332444250583649,0.00372736,0.332444250583649,0.00372736,0.083287856199638,0.143039532588714,0.143039532588714,0.150103601624602,0.000229219143576828,0.000229219143576828,2.02770780856425,30517.578125,14495.849609375,100042074.746443,-2545785.60918242,31117.0305524554,819.137361167771,22888.18359375,17447.6999665275,14943.7973460088
1194.15808,1211.82208,17.664,29.1737600000001,0.438653588294983,0.00263168,0.438653588294983,0.00263168,0.0944348211896664,0.188737823343072,0.188737823343072,0.170192960008086,0.000148985507246377,0.000148985507246377,1.65159420289856,31661.9873046875,14114.3798828125,93484438.7493436,-2499291.44047201,31216.4851597377,985.317352802621,22506.7138671875,18430.317225576,14978.7596016356
1240.99584,1260.1344,19.1385599999999,28.7129600000001,0.477647483348846,0.00540672,0.465939521789551,0.00401408,0.104832876167471,0.205515579350359,0.200478038932475,0.188932612741108,0.000282504012841093,0.000209737827715357,1.50026752273945,34332.275390625,13732.91015625,93529292.6207327,-2723470.4202401,34155.0041647518,996.371538483483,24414.0625,21787.2779898966,17864.9738389992
1288.84736,1308.16,19.3126400000001,28.6105599999999,0.463474541902542,0.00387072,0.463474541902542,0.00387072,0.112685982199599,0.199417441342776,0.199417441342776,0.203085690430331,0.000200424178154824,0.000200424178154824,1.48144220572639,33950.8056640625,13732.91015625,94731376.3739629,-2746568.17579489,34023.733700023,1013.75549275274,24414.0625,22105.1847864313,17710.7570764039
1336.77056,1355.97056,19.2,27.93472,0.49018269777298,0.0052224,0.439078807830811,0.00252928,0.114810515124952,0.210909058735187,0.188920780947379,0.206914580480054,0.000271999999999999,0.000131733333333333,1.45493333333333,34332.275390625,13732.91015625,97996738.2110958,-2806487.82673522,34244.7617474724,947.689724143132,21743.7744140625,22427.8704115841,17759.0486991883
1383.90528,1403.99616,20.09088,29.53216,0.441535323858261,0.00621568,0.375036656856537,0.00401408,0.104605051209443,0.18997773682418,0.161365606432393,0.188522020509535,0.000309378185524975,0.000199796126401631,1.46992864424057,35476.6845703125,13732.91015625,95006480.1184835,-2863425.60493646,36622.96369964,2320.59198614631,21743.7744140625,23970.7826994166,19179.9959387078
1433.52832,1454.35648,20.82816,28.2112000000002,0.525505661964417,0.00636928,0.507445991039276,0.00482304,0.116856359933795,0.226107337179529,0.218336870753045,0.210601656702021,0.000305801376597836,0.000231563421828908,1.35447394296953,35095.21484375,13732.91015625,94928733.4080755,-2890144.87785577,35894.6183148552,949.05454330398,21553.0395507812,24980.6956938361,19015.1526060601
1482.56768,1502.16704,19.5993599999999,30.95552,0.565324246883392,0.00490496,0.565324246883392,0.00490496,0.125572944053446,0.243239929381545,0.243239929381545,0.226310917690649,0.000250261233019855,0.000250261233019855,1.57941483803553,35095.21484375,13351.4404296875,93654883.4606224,-2861939.37183621,35665.1754940257,926.148917286395,21553.0395507812,23612.0168944815,20116.0695919238
1533.12256,1554.00192,20.8793599999999,28.7744,0.617552936077118,0.00490496,0.617552936077118,0.00490496,0.134499570503781,0.265712170296753,0.265712170296753,0.24239872258433,0.000234919077979403,0.000234919077979403,1.37812653261403,35476.6845703125,13732.91015625,89447590.3243168,-2801641.10771686,35492.1116548426,807.301684791798,23460.3881835938,24373.9333426134,19502.0043311808
1582.77632,1605.55008,22.77376,27.38176,0.775494813919067,0.00516096,0.775494813919067,0.00516096,0.143196983223561,0.333669225782096,0.333669225782096,0.258073432363453,0.000226618705035971,0.000226618705035971,1.2023381294964,35476.6845703125,13351.4404296875,80975244.8559162,-2703254.77860706,35925.078810307,1180.68768182344,22506.7138671875,25556.4120448658,19565.9389498443
1632.93184,1656.1664,23.2345600000001,28.1088,0.726537466049194,0.00333824,0.726537466049194,0.00333824,0.142726808886736,0.312604532547681,0.312604532547681,0.257226071600802,0.000143675628029969,0.000143675628029969,1.20978404583516,36239.6240234375,12588.5009765625,86503445.1591322,-2854067.58426328,36875.4069010417,982.367562733098,22506.7138671875,27468.5356247462,19614.5713484192
1684.2752,1707.78624,23.5110399999999,26.7776000000001,0.774281680583954,0.003584,0.774281680583954,0.003584,0.15099762557269,0.33314725548206,0.33314725548206,0.272131958600256,0.000152439024390245,0.000152439024390245,1.13893728222998,36239.6240234375,13732.91015625,86231331.6727045,-2832686.48074792,36959.0625428317,1026.99645114068,22506.7138671875,27593.2654346558,18933.3980166962
1734.56384,1758.11584,23.5519999999999,29.2044800000001,0.718476355075836,0.00356352,0.718476355075836,0.00356352,0.153322219471742,0.30913610876309,0.30913610876309,0.276321403886563,0.000151304347826088,0.000151304347826088,1.24000000000001,36239.6240234375,12207.03125,77108368.9961536,-2681066.48681149,36527.3994311952,1343.36639606722,22506.7138671875,26237.7729506436,20372.7197644157
1787.32032,1811.90656,24.5862399999999,26.3987200000001,0.679836809635162,0.00359424,0.679836809635162,0.00359424,0.170468220593977,0.292510817426058,0.292510817426058,0.307222385606371,0.000146189087880051,0.000146189087880051,1.07371928363183,36239.6240234375,13732.91015625,73687513.738205,-2595282.48528982,36459.9012790766,997.923880833387,22411.3464355469,26437.6983295649,19265.3741428193
1838.30528,1862.83008,24.5247999999999,27.41248,0.752522706985474,0.0063488,0.608014404773712,0.00390144,0.175023398917209,0.323785104060664,0.261608062444605,0.315431849789487,0.000258872651356995,0.000159081419624218,1.11774530271399,36239.6240234375,12588.5009765625,71870695.8739357,-2591734.07488326,36463.3431111959,970.697570135929,22315.9790039062,26396.3565485454,20333.9931684031
1890.24256,1916.39552,26.1529600000001,26.9107199999999,0.810453534126282,0.0070144,0.619916021823883,0.0044032,0.192782044951515,0.348710782342514,0.266728926279421,0.347436956552426,0.000268206734534063,0.000168363351605324,1.02897415818323,37002.5634765625,12588.5009765625,71118524.3502762,-2667204.59444881,38435.5520273184,1200.57807628538,22315.9790039062,28903.1344741934,21111.8376133057
1943.30624,1969.31584,26.0096000000001,27.1872000000001,0.842488586902618,0.0067072,0.656779229640961,0.00590848,0.201125213019858,0.362494383555461,0.282589919533532,0.362473237147953,0.000257874015748031,0.000227165354330708,1.04527559055118,37002.5634765625,13732.91015625,72294768.8397971,-2635445.01459634,37618.8600218141,1085.07693896026,22315.9790039062,28396.955910281,19639.5107046684
1996.50304,2021.9392,25.43616,29.2454399999999,0.885501980781555,0.00649216,0.673267960548401,0.00569344,0.206596353793897,0.381001594146998,0.289684463529528,0.372333473353457,0.000255233494363929,0.000223832528180355,1.14975845410628,36239.6240234375,12588.5009765625,69234003.6090009,-2571037.28955048,36932.2145140016,1119.92657900589,22315.9790039062,27135.3857802505,20603.0376882068
2051.18464,2077.66528,26.4806400000002,27.3407999999999,0.880356073379517,0.00592896,0.880356073379517,0.00592896,0.214978088431401,0.37878748399698,0.37878748399698,0.387439259651225,0.000223897911832945,0.000223897911832945,1.03248259860788,36621.09375,12588.5009765625,64078104.4347385,-2480691.35619036,37179.1897757049,1428.40836234928,21839.1418457031,27261.0394439702,20757.1711594199
2105.00608,2132.10112,27.0950399999997,28.1600000000003,0.93087899684906,0.00596992,0.93087899684906,0.00596992,0.239537151674549,0.400525791533992,0.400525791533992,0.43170026015635,0.000220332577475437,0.000220332577475437,1.03930461073321,36621.09375,13351.4404296875,64460837.5645685,-2476361.54623266,37559.3671147127,1507.53551356196,21743.7744140625,27792.8705256789,19773.7589839043
2160.26112,2187.71456,27.4534399999998,27.4329600000001,0.969961106777191,0.00740352,0.91509085893631,0.005888,0.247266936993242,0.417341503422184,0.393732689040804,0.44563108595813,0.000269675494218577,0.000214472211861248,0.999254009697886,36621.09375,13351.4404296875,59145466.2528769,-2361590.44508683,36649.0954803518,961.115640781153,21743.7744140625,26891.0418425283,20256.3542274965
2215.14752,2243.328,28.18048,27.2486400000003,0.933174669742584,0.00813056,0.85908442735672,0.00678912,0.252754391404892,0.401513542042806,0.369635013171716,0.455520723037576,0.000288517441860465,0.000240915697674419,0.966933139534893,37384.033203125,12588.5009765625,57000016.1005322,-2372861.91950076,37790.0044437454,1134.31311186,21743.7744140625,27787.6776229414,21602.4262564707
2270.57664,2299.136,28.5593599999997,26.24512,0.878643035888672,0.00784384,0.847236394882202,0.0059904,0.258161717678859,0.378050421823195,0.364537204969964,0.4652659510446,0.000274650412334172,0.00020975259949803,0.918967371817866,37384.033203125,12207.03125,57861990.4985331,-2385084.37794356,37770.026286129,1143.96194876026,21743.7744140625,28234.7580349183,20922.1005124957
2325.38112,2355.23072,29.8496,27.9347200000002,1.17768609523773,0.00748544,0.959548115730286,0.00653312,0.28034050218409,0.506718549962249,0.412861145077635,0.505237149557759,0.000250771869639794,0.000218867924528302,0.93584905660378,38146.97265625,12588.5009765625,49931826.0369248,-2271240.90787636,38943.0833899457,847.066478659392,21648.4069824219,28349.3432959846,23306.444502796
2383.16544,2414.39744,31.232,26.3884799999996,1.15300190448761,0.00754688,1.15300190448761,0.00754688,0.273297628912555,0.49609777640088,0.49609777640088,0.492544295015926,0.000241639344262295,0.000241639344262295,0.844918032786874,37765.5029296875,13351.4404296875,48827534.3606047,-2243107.16296419,39074.5309682993,1417.61834904731,21648.4069824219,29094.9888448308,22428.4990457257
2440.78592,2471.0144,30.2284800000002,28.03712,1.03553998470306,0.00728064,1.03553998470306,0.00728064,0.28408805038153,0.445557879640876,0.445557879640876,0.511991081131519,0.000240853658536584,0.000240853658536584,0.927506775067743,38146.97265625,13351.4404296875,47713598.2154959,-2195859.67365416,38325.676551232,896.992944206636,20694.7326660156,27749.8967242224,22778.674860483
2499.05152,2528.6144,29.56288,28.0985599999999,0.963494539260864,0.00984064,0.879924297332764,0.00726016,0.277078660874573,0.414559157830811,0.378601705347471,0.499358571925591,0.000332871492899204,0.000245583650848632,0.950467613439555,37765.5029296875,13351.4404296875,48671776.1896653,-2223690.40904713,38730.7871942935,896.909103687471,21648.4069824219,27596.0790045694,23201.318651789
2556.71296,2588.04736,31.3344000000002,27.2281600000001,1.01656401157379,0.01005568,0.952198088169098,0.00743424,0.299089309551131,0.437393159324426,0.409698676468174,0.539026751552233,0.000320915032679737,0.000237254901960783,0.868954248366012,38146.97265625,12969.970703125,45337201.1059303,-2175340.98649603,39069.8359562801,1176.48436405144,21553.0395507812,28539.008633374,23648.9174632331
2615.27552,2646.03648,30.7609600000001,27.8630399999997,1.19882845878601,0.00500736,1.19882845878601,0.00500736,0.302908949088822,0.515815394905295,0.515815394905295,0.545910608067172,0.000162782956058588,0.000162782956058588,0.905792276964037,38528.4423828125,13351.4404296875,46535526.3529414,-2203114.83649741,39149.3577223558,1206.96686131278,21553.0395507812,28414.3406098138,23736.3063277155
2673.89952,2705.84832,31.9488000000001,27.3715200000001,1.20088088512421,0.00690176,1.20088088512421,0.00690176,0.315629139905356,0.516698484637101,0.516698484637101,0.568835276104457,0.00021602564102564,0.00021602564102564,0.856730769230771,37765.5029296875,12969.970703125,41483807.181739,-2038160.38987277,37848.9698100294,1014.22432543468,21553.0395507812,27295.722894935,22773.1855019502
2733.21984,2766.21312,32.9932799999997,27.0336000000002,1.10131669044495,0.01200128,1.05011117458344,0.00540672,0.310548084257197,0.473859374487083,0.451827370498638,0.559678061743992,0.000363749224084423,0.000163873370577283,0.81936685288642,38528.4423828125,10681.15234375,43595570.7838157,-2147230.15024403,38939.7217094971,1096.1917672195,21553.0395507812,29491.3235233946,23387.9225267394
2793.24672,2828.05248,34.8057599999997,26.2963200000004,1.12423896789551,0.00523264,1.12423896789551,0.00523264,0.311608817078228,0.483722056264977,0.483722056264977,0.56158974279887,0.000150338334804355,0.000150338334804355,0.755516328331879,38146.97265625,10681.15234375,38649092.7211726,-2023385.88300313,39035.8159107528,1021.32111539457,19741.0583496094,29360.5090472918,23604.3906332124
2854.3488,2887.48544,33.1366399999997,26.7673600000003,1.1915625333786,0.0124928,1.18748342990875,0.00502784,0.331272940680547,0.512689112612021,0.510934012162295,0.597028952188824,0.000377008652657605,0.000151730531520397,0.807787391841795,38146.97265625,12969.970703125,39250925.1257893,-2014416.82772813,38437.8491449414,1081.22514723406,21076.2023925781,28039.4135593803,23652.0406714123
2914.2528,2949.4272,35.1743999999999,27.0848000000001,1.20937693119049,0.00627712,1.20937693119049,0.00627712,0.324293345060361,0.520354046302071,0.520354046302071,0.584450138322345,0.000178457059679768,0.000178457059679768,0.770014556040762,38146.97265625,11825.5615234375,34003647.721499,-1919977.89393264,39897.9333168702,1186.23581115453,20980.8349609375,28741.243332421,25463.4512089615
2976.512,3012.03456,35.5225599999999,26.9209599999999,1.34231150150299,0.00930816,1.22811830043793,0.00731136,0.345154787509853,0.577551301989298,0.528417824492007,0.622047187755907,0.000262035168636495,0.000205823003747478,0.75785528970885,38528.4423828125,11825.5615234375,34408453.0515169,-1875439.26711226,38200.5287508659,1135.30596365116,19741.0583496094,27908.5677881004,23202.0193381384
3038.95552,3075.33824,36.3827200000001,28.2419199999999,1.23218715190887,0.01338368,1.19392037391663,0.00658432,0.358341968084532,0.530168513852871,0.513703611758527,0.64581347722299,0.000367858148043906,0.000180973824936673,0.776245426400222,38528.4423828125,11825.5615234375,32816810.8474629,-1888486.42448618,39721.2399637758,1221.62933359807,20980.8349609375,29069.1466058929,25268.5843293835
3103.58016,3139.84,36.2598400000002,28.9177599999998,1.29780852794647,0.00989184,1.28436660766602,0.00668672,0.35307931274939,0.558403175573647,0.552619571283196,0.636328979050528,0.000272804292572718,0.000184411183281558,0.79751482632024,38909.912109375,12969.970703125,32985090.1994334,-1888706.9915984,39789.8293481084,1134.50113965586,20980.8349609375,28957.013951269,25116.2084749229
3168.75776,3205.20192,36.44416,28.1497600000002,1.47345340251923,0.00589824,1.47345340251923,0.00589824,0.368558137919128,0.633977232626465,0.633977232626465,0.664225331687171,0.000161843214386063,0.000161843214386063,0.772407979769605,38528.4423828125,11062.6220703125,29906980.386307,-1767747.37457342,38590.4547028941,1157.59608058661,19645.6909179688,27541.8722803866,24702.3107080682
3233.35168,3270.72768,37.3759999999997,28.7231999999999,1.47997879981995,0.00989184,1.34472918510437,0.00736256,0.370754576184457,0.636784890687063,0.578591549584742,0.668183811463404,0.000264657534246577,0.000196986301369864,0.768493150684934,39291.3818359375,11825.5615234375,29148818.574741,-1723527.22610843,38024.3422324718,1135.71544847753,19741.0583496094,27256.1830637027,23698.6633028393
3299.45088,3337.15456,37.7036800000001,29.0406400000002,1.46020638942719,0.01262592,1.34619832038879,0.00546816,0.363658893367296,0.628277490316121,0.579223668876998,0.655395782146276,0.000334872351982617,0.000145029875067898,0.770233568712659,38528.4423828125,11444.091796875,29411491.1832828,-1781052.47293135,39367.67578125,1312.84743383871,20980.8349609375,28585.2070966917,25341.8129351684
3366.1952,3402.81344,36.6182399999998,29.2352000000001,1.59846484661102,0.01163264,1.32998335361481,0.0050688,0.36446431640307,0.687765434707678,0.572246916341135,0.656847337078983,0.000317673378076064,0.000138422818791947,0.798378076062647,38146.97265625,11825.5615234375,30584772.2206324,-1743466.61163711,37545.6410675801,1127.13859788005,20980.8349609375,26861.0320006002,22831.695356437
3432.04864,3469.49632,37.4476800000002,28.6310399999998,1.47505223751068,0.00620544,1.47505223751068,0.00620544,0.382898001662282,0.634665157321997,0.634665157321997,0.690069017584118,0.000165709598031172,0.000165709598031172,0.76456111566857,38909.912109375,11444.091796875,27866819.4255897,-1686513.45582048,38036.2233807964,1008.47792762204,20980.8349609375,26956.7482353747,24077.574509338
3498.12736,3536.90624,38.7788799999998,28.6208000000001,1.54826045036316,0.00594944,1.54826045036316,0.00594944,0.390358405235914,0.666164178675771,0.666164178675771,0.703514356401472,0.000153419593345657,0.000153419593345657,0.738051227884876,37765.5029296875,11444.091796875,25197458.0473682,-1577407.49289981,37267.7464638987,1053.2116484902,20980.8349609375,26096.1938876793,23278.1198123914
3565.52704,3606.3232,40.7961599999999,27.8732800000002,1.43131744861603,0.01375232,1.38950264453888,0.00636928,0.362477523407984,0.615847554820602,0.597856056937925,0.653266685614858,0.000337098393574298,0.000156124497991968,0.683232931726916,38909.912109375,11444.091796875,25271841.8135576,-1638108.68306612,38829.3980277158,1066.42505225432,20885.4675292969,28322.7797406718,24767.9435826207
3634.19648,3674.38848,40.192,29.3478399999999,1.56410467624664,0.0060416,1.56410467624664,0.0060416,0.387956631195611,0.672981413928372,0.672981413928372,0.699185815000744,0.00015031847133758,0.00015031847133758,0.730191082802545,38528.4423828125,11825.5615234375,25915775.8567003,-1640205.31469897,38590.808767727,1279.39161548358,20885.4675292969,27845.2994255002,24058.868961374
3703.73632,3743.4368,39.70048,30.0544,1.50537991523743,0.01376256,1.43658757209778,0.006144,0.382287120132164,0.64771413271838,0.618115110954272,0.688968070555096,0.00034665978849626,0.000154758834150116,0.757028630384318,38528.4423828125,11062.6220703125,25404954.2607812,-1639130.36535381,38800.4213484152,1123.16131336844,20885.4675292969,27845.632820647,25032.7996868083
3773.4912,3814.56384,41.0726399999999,27.9859200000001,1.37496304512024,0.00626688,1.37496304512024,0.00626688,0.343467604687588,0.591600158388865,0.591600158388865,0.619006501757049,0.000152580403889305,0.000152580403889305,0.681376215407633,38528.4423828125,11444.091796875,24254408.6898175,-1603915.94970328,38918.2631344719,1119.15188725424,20885.4675292969,28071.7622887802,24960.8025045232
3842.54976,3884.61568,42.06592,29.9315200000001,1.50389492511749,0.01352704,1.39863848686218,0.0050688,0.383706561985919,0.647075191625907,0.601786901322916,0.691526226620904,0.000321567672833496,0.000120496592015579,0.711538461538464,37765.5029296875,11444.091796875,22104461.3511984,-1526130.27171387,38700.0891887295,1036.13143000754,20885.4675292969,27600.0242485017,25083.3094505126
3914.5472,3957.71904,43.17184,29.77792,1.51871776580811,0.00617472,1.51871776580811,0.00617472,0.396851649838108,0.653452959327709,0.653452959327709,0.715216655457923,0.000143026565464896,0.000143026565464896,0.689753320683112,38146.97265625,11444.091796875,21831207.8836796,-1468464.91430232,37156.4336183692,1237.81697031367,20885.4675292969,26680.6447866419,22707.1574659727
3987.49696,4029.89056,42.3935999999999,30.0646400000001,1.40140318870544,0.0053248,1.40140318870544,0.0053248,0.364921945434691,0.602976459147162,0.602976459147162,0.657672088357124,0.0001256038647343,0.0001256038647343,0.709178743961356,37002.5634765625,11444.091796875,21307272.5742444,-1458551.22257783,37410.8439096519,1161.1052446224,20885.4675292969,26381.8651749477,23539.4377766655
4059.9552,4107.18208,47.2268799999997,25.8457600000002,1.45441401004791,0.00661504,1.45441401004791,0.00661504,0.359617451139278,0.625785225109149,0.625785225109149,0.648112186891654,0.000140069384215092,0.000140069384215092,0.547267996530796,37765.5029296875,11444.091796875,17868829.5622875,-1353543.68163286,37695.7122104827,1123.10985108566,20885.4675292969,27195.3143482716,24069.3972097023
4133.02784,4177.83808,44.8102400000007,30.7404799999995,1.59354734420776,0.00579584,1.59354734420776,0.00579584,0.336494978064961,0.685649599514165,0.685649599514165,0.606440247604328,0.000129341864716634,0.000129341864716634,0.686014625228497,37765.5029296875,11444.091796875,18619477.5353346,-1378582.42284656,38025.2165530486,1092.54248838545,20885.4675292969,26647.5003650549,24387.4876375486
4208.57856,4254.67904,46.1004800000001,28.94848,1.82089877128601,0.00533504,1.82089877128601,0.00533504,0.382717124326588,0.78347123970062,0.78347123970062,0.689743035612931,0.000115726343847179,0.000115726343847179,0.627943136383829,37384.033203125,11444.091796875,18117527.1585305,-1346511.46665746,37375.3058848194,1126.36532834128,27942.6574707031,26466.5196307798,23570.473232421
4283.62752,4331.3664,47.7388799999999,30.8019199999999,1.55681455135345,0.00605184,1.55681455135345,0.00605184,0.359161015736766,0.669844719413715,0.669844719413715,0.647289586803813,0.000126769626769627,0.000126769626769627,0.645216645216644,37384.033203125,11062.6220703125,16895238.9587286,-1301462.99127439,37519.1901102931,1169.5385868101,20885.4675292969,26500.5982953086,23626.1247653952
4362.16832,4411.2896,49.1212800000003,29.8803200000002,1.46359145641327,0.005888,1.46359145641327,0.005888,0.35415166526946,0.629733970308243,0.629733970308243,0.638261601437733,0.000119866583281217,0.000119866583281217,0.608296852199292,37765.5029296875,10299.6826171875,17691813.0889132,-1349628.17091015,37802.5688140499,1130.28471890239,14638.9007568359,27871.6210442528,23606.8848437566
4441.16992,4491.76576,50.59584,30.6892799999996,1.71056640148163,0.00684032,1.71056640148163,0.00684032,0.367234523282407,0.735998947493681,0.735998947493681,0.661839877994395,0.000135195304594212,0.000135195304594212,0.606557377049173,37384.033203125,11444.091796875,16137239.9152813,-1271299.87354419,37409.2975208504,1165.12766431681,20885.4675292969,27064.7039641048,23012.1347740699
4522.45504,4572.66176,50.2067200000001,31.4777599999998,1.69915473461151,0.00468992,1.69915473461151,0.00468992,0.359885369274985,0.731088892673079,0.731088892673079,0.648595036120165,9.34121966143175e-05,9.34121966143175e-05,0.626963083826222,37384.033203125,10681.15234375,15697979.1662516,-1224500.56402186,35897.8042459398,1383.32246692228,27942.6574707031,25849.779485454,21908.0295925613
4604.13952,4652.8,48.6604800000005,34.4678400000003,1.80885171890259,0.00705536,1.80885171890259,0.00705536,0.394518925960701,0.778287799954043,0.778287799954043,0.711012558107222,0.000144991582491581,0.000144991582491581,0.708333333333332,37002.5634765625,11444.091796875,14941260.5504274,-1192383.14828389,36145.0287977211,1472.85362828424,20885.4675292969,24935.5266237715,22643.3873861907
4687.26784,4738.2528,50.9849599999998,30.1670399999994,1.60318970680237,0.0048128,1.60318970680237,0.0048128,0.340693414137935,0.689798382463973,0.689798382463973,0.614006781364466,9.43964651536457e-05,9.43964651536457e-05,0.591685077324754,36621.09375,11444.091796875,15231014.6195597,-1195350.82908233,35807.6256614241,1314.64582465385,27942.6574707031,25553.9818110679,21352.4073309435
4768.41984,4817.89952,49.4796800000004,34.0070400000004,1.72475492954254,0.0060928,1.72475492954254,0.0060928,0.377081418506642,0.742103791895086,0.742103791895086,0.679586215881097,0.000123137417218542,0.000123137417218542,0.687293046357619,36239.6240234375,11444.091796875,14649704.0060461,-1181523.74770862,36304.1032181095,1126.32352854146,27942.6574707031,25050.5157825581,22595.4441759195
4851.90656,4903.48544,51.57888,35.5123199999998,2.04016757011414,0.00720896,2.04016757011414,0.00720896,0.363692991435484,0.877815197945048,0.877815197945048,0.655457234596573,0.00013976573357157,0.00013976573357157,0.688505062537221,36621.09375,10681.15234375,13778925.038655,-1146042.40738278,36095.210484096,1385.80181544638,27942.6574707031,25205.8390344245,22454.3953328469
4938.99776,4990.52544,51.5276800000001,35.2153599999992,1.8756514787674,0.00548864,1.8756514787674,0.00548864,0.361155811954701,0.807029480435282,0.807029480435282,0.650884661890168,0.000106518282988871,0.000106518282988871,0.683426073131939,37002.5634765625,10681.15234375,14452366.4760977,-1174133.39875677,35990.2066220805,1436.83161683768,27942.6574707031,25566.3774247478,22127.865714214
5025.7408,5077.62688,51.8860800000002,36.7001600000003,1.82542705535889,0.00678912,1.82542705535889,0.00678912,0.371905770845704,0.785419607392575,0.785419607392575,0.670258525265737,0.00013084665482534,0.00013084665482534,0.707321886717982,37002.5634765625,11444.091796875,14412821.368434,-1167716.32211587,35946.9091435343,1439.65897054883,27894.9737548828,25517.2377868108,21786.5249756678
5114.32704,5167.08352,52.75648,36.0243199999995,1.77234625816345,0.00693248,1.77234625816345,0.00693248,0.379684857672558,0.762580733184519,0.762580733184519,0.684278203563885,0.000131405279503106,0.000131405279503106,0.682841614906823,37002.5634765625,10681.15234375,13407476.0121671,-1138937.59628652,36398.7217207568,1415.60242694625,31566.6198730469,25605.1747602897,22770.032098807
5203.10784,5257.84064,54.7328000000007,36.0140799999999,1.69943189620972,0.0059904,1.69943189620972,0.0059904,0.32560573616506,0.731208145947543,0.731208145947543,0.586815364665588,0.000109448082319924,0.000109448082319924,0.6579981290926,37384.033203125,11825.5615234375,13176185.184445,-1129675.88480662,36634.3432270627,1475.53540575485,30612.9455566406,26068.3561298445,22358.6977951961
5293.85472,5348.6592,54.8044799999998,37.3043200000002,1.78994202613831,0.00607232,1.78994202613831,0.00607232,0.334780291792544,0.770151597840003,0.770151597840003,0.603349994152144,0.000110799701046338,0.000110799701046338,0.680680119581471,36621.09375,11825.5615234375,12629665.0584748,-1094339.64628412,36081.1487564829,1333.57998482409,14638.9007568359,25370.2406297123,22041.1243807877
5385.96352,5441.73056,55.7670399999997,37.2736000000004,1.83622968196869,0.00600064,1.83622968196869,0.00600064,0.343932709279948,0.790067612759741,0.790067612759741,0.619844725690656,0.000107601909658465,0.000107601909658465,0.668380462724947,36621.09375,11825.5615234375,11716889.8936016,-1050150.65589141,36072.9494424165,1359.15726812469,14257.4310302734,24936.2680497514,22124.7025140034
5479.00416,5535.9488,56.9446399999997,35.9935999999998,1.7882045507431,0.00610304,1.7882045507431,0.00610304,0.340256939535003,0.769404020861373,0.769404020861373,0.613220155163395,0.00010717496853084,0.00010717496853084,0.63208056105017,36621.09375,10681.15234375,10835971.8825224,-996561.759898264,35237.8513502038,1513.58825044303,14638.9007568359,24214.724020221,21611.1310515987
5571.9424,5629.53216,57.5897599999998,37.9494400000003,2.08364653587341,0.0057344,2.08364653587341,0.0057344,0.343991252615235,0.89652272839182,0.89652272839182,0.619950234055005,9.95732574679946e-05,9.95732574679946e-05,0.658961593172127,37002.5634765625,10681.15234375,11464320.2386127,-1031401.79369041,35546.595557091,1630.95166585346,14638.9007568359,25019.8530854587,21375.8413077383
5667.4816,5726.23872,58.7571200000002,41.0623999999998,2.17005705833435,0.0050176,2.17005705833435,0.0050176,0.346819927350334,0.93370225765683,0.93370225765683,0.625048147303548,8.53956082258624e-05,8.53956082258624e-05,0.698849773440217,36621.09375,11444.091796875,9838747.64892672,-919538.944065235,34057.094916274,1505.55115183788,14638.9007568359,22908.3305672033,20062.1760541491
5767.30112,5827.45088,60.1497600000002,39.9257600000001,1.87881374359131,0.0063488,1.87881374359131,0.0063488,0.332532706458907,0.808390096182254,0.808390096182254,0.599299335761695,0.000105549880830779,0.000105549880830779,0.663772557030983,36621.09375,10299.6826171875,9717135.75711574,-959019.267136511,35937.6418601573,1455.89700475409,14638.9007568359,24796.2980989546,22528.2435015019
5867.37664,5927.61856,60.2419199999995,42.0147200000001,1.85938489437103,0.00621568,1.85938489437103,0.00621568,0.352105921624637,0.800030518579917,0.800030518579917,0.634574707536267,0.000103178650348463,0.000103178650348463,0.697433282338951,36239.6240234375,10299.6826171875,9400467.14848846,-927938.835181753,35168.4386811799,1399.41897239284,14352.7984619141,24013.6566496503,21785.6858528976
5969.63328,6031.62624,61.9929599999996,39.4854400000004,2.03694558143616,0.00605184,2.03694558143616,0.00605184,0.355966574401585,0.876428885040869,0.876428885040869,0.64153247920772,9.76214073339947e-05,9.76214073339947e-05,0.636934258341603,36239.6240234375,10299.6826171875,8147099.05174345,-836908.88927364,33832.0829430405,1550.33012602706,14638.9007568359,22413.5108491848,20572.1222293818
6071.11168,6135.6544,64.5427200000004,39.8643199999997,1.75641524791718,0.00620544,1.75641524791718,0.00620544,0.309326499502694,0.755726157551784,0.755726157551784,0.557476489033307,9.61446930033312e-05,9.61446930033312e-05,0.617642392511494,36621.09375,10299.6826171875,8321033.91228546,-870222.335890134,34896.1946651407,1663.53552739188,14638.9007568359,24001.306229997,21503.063824374
6175.51872,6240.74752,65.2287999999999,39.9667200000004,1.94414699077606,0.00826368,1.94414699077606,0.00826368,0.332415364941885,0.836500785789318,0.836500785789318,0.599087859741914,0.00012668759811617,0.00012668759811617,0.612715855573005,35476.6845703125,11825.5615234375,8181602.44922422,-871064.086716531,35841.6872326605,1292.78804450875,14638.9007568359,24362.0316501606,22007.4128661834
6280.71424,6347.07968,66.3654399999996,39.8540800000001,1.82986235618591,0.00635904,1.82986235618591,0.00635904,0.319002244729503,0.787327967534386,0.787327967534386,0.574914375817964,9.58185465205993e-05,9.58185465205993e-05,0.600524610399634,36239.6240234375,11444.091796875,7781467.22845736,-843988.659679925,35290.5255199385,1539.11126326684,14638.9007568359,24030.8889048709,21739.2052820406
6386.93376,6453.76,66.8262400000003,40.4377599999998,2.26891493797302,0.0078336,2.26891493797302,0.0078336,0.339556884095445,0.976237464300955,0.976237464300955,0.611958496530199,0.000117223414036162,0.000117223414036162,0.605117989580135,35858.154296875,10299.6826171875,7204358.70057596,-800925.951883667,34482.0559141852,1467.10355894406,14638.9007568359,23170.4112858301,21350.0312934413
6494.19776,6559.92832,65.73056,42.9567999999999,2.10278582572937,0.006144,2.10278582572937,0.006144,0.345576551637048,0.904757718379674,0.904757718379674,0.622807302344237,9.34725035052189e-05,9.34725035052189e-05,0.653528587007321,35858.154296875,11825.5615234375,7970651.42778297,-831207.612817935,34082.0549595502,1488.27621337658,14638.9007568359,23142.1393207591,20198.4904211394
6602.88512,6670.96064,68.0755200000003,42.7007999999996,2.06062626838684,0.006912,2.06062626838684,0.006912,0.33019290700241,0.886617884811082,0.886617884811082,0.595082486613152,0.00010153429602888,0.00010153429602888,0.627256317689522,35858.154296875,11444.091796875,7484371.51929828,-813967.604658171,34809.051031375,1371.16257195711,14638.9007568359,23535.1634346339,20726.6214754906
6713.66144,6783.36512,69.7036800000005,44.0934399999996,2.08193969726562,0.00717824,2.08193969726562,0.00717824,0.347378252543411,0.895788333388045,0.895788333388045,0.626054375896559,0.000102982224180989,0.000102982224180989,0.632584104598198,35858.154296875,10299.6826171875,7048337.52106641,-800641.665998132,34922.3699748602,1349.8740419268,14638.9007568359,23911.0391136406,21562.5966175828
6827.45856,6902.6304,75.17184,40.8780800000004,1.98857522010803,0.00693248,1.98857522010803,0.00693248,0.326558555958059,0.855616752289663,0.855616752289663,0.588532561975667,9.2221768151478e-05,9.2221768151478e-05,0.543795123280213,36239.6240234375,10681.15234375,6621561.69762605,-778356.215309851,34813.7387889369,1580.42927452456,14638.9007568359,24654.0849136317,21093.3114289471
6943.50848,7016.54016,73.0316799999991,43.6838400000006,1.87563765048981,0.0077824,1.87563765048981,0.0077824,0.313417068283062,0.807023530594492,0.807023530594492,0.564848621474256,0.000106561974200786,0.000106561974200786,0.598149186763896,35858.154296875,11825.5615234375,6344393.24770473,-755206.568871114,35136.3091324165,1427.25054808411,14638.9007568359,23632.7286382887,21315.381892224
7060.224,7136.9728,76.7487999999994,41.2364800000005,2.26541209220886,0.00816128,2.26541209220886,0.00816128,0.314283105884049,0.974730308078653,0.974730308078653,0.566409417597269,0.000106337558372249,0.000106337558372249,0.537291527685134,35095.21484375,10681.15234375,5763107.61518698,-722645.121117813,34897.7706073953,1398.11650650068,14638.9007568359,23791.5435998448,21515.2618264228
7178.20928,7253.44256,75.2332800000004,44.1241599999994,1.56733191013336,0.01022976,1.56733191013336,0.01022976,0.299643702475102,0.674369983668713,0.674369983668713,0.540025893304708,0.000135973866884442,0.000135973866884442,0.586497890295348,35476.6845703125,10681.15234375,6359572.81357034,-764646.670674697,35234.0020470143,1593.23390299757,14305.1147460938,24437.4528641228,21531.3997426989
7297.56672,7374.44864,76.8819199999998,43.9705600000007,2.03132295608521,0.00690176,2.03132295608521,0.00690176,0.298167979759219,0.874009659258773,0.874009659258773,0.537366306364178,8.97709110282368e-05,8.97709110282368e-05,0.571923281832722,35858.154296875,11444.091796875,5996903.72162886,-728715.945016147,34467.3531954406,1619.05017849673,14638.9007568359,23696.6844564063,20578.4048241979
7418.4192,7497.92256,79.5033599999997,44.6771200000003,1.65742063522339,0.00807936,1.65742063522339,0.00807936,0.295604204133915,0.713132119292256,0.713132119292256,0.532745801374914,0.000101622874806801,0.000101622874806801,0.56195260175168,35858.154296875,10299.6826171875,5562229.44146672,-719727.904345269,35342.7556607475,1636.27375636963,14305.1147460938,24501.6713463698,22063.1344256686
7542.59968,7625.23648,82.6367999999993,43.2332800000004,2.32414245605469,0.00790528,2.32414245605469,0.00790528,0.325836188852087,1,1,0.587230692660629,9.56629491945485e-05,9.56629491945485e-05,0.523172242874854,35858.154296875,10681.15234375,4882374.5925116,-656323.189037084,34432.0193870918,1625.61371471015,14352.7984619141,23218.3121857907,20895.4897084691
7668.46976,7751.24992,82.7801600000003,46.6124799999998,1.50725090503693,0.00794624,1.50725090503693,0.00794624,0.278378644087251,0.648519156435676,0.648519156435676,0.501701436434033,9.59920831271645e-05,9.59920831271645e-05,0.563087580405735,35858.154296875,11444.091796875,5463690.41170932,-702313.336696888,34677.2237257524,1677.29976112629,14352.7984619141,24440.9863125427,20697.3719359086
7797.8624,7885.34272,87.4803199999997,47.3702400000002,1.76056444644928,0.00794624,1.76056444644928,0.00794624,0.299474010357081,0.75751141753931,0.75751141753931,0.539720069631911,9.08346014280701e-05,9.08346014280701e-05,0.541495961605998,35858.154296875,11444.091796875,4598442.92131655,-641741.049933639,34715.4342605353,1679.16176371005,14305.1147460938,23830.7430841698,20948.7190456166
7932.71296,8019.32288,86.6099199999999,49.3670400000001,1.77616560459137,0.00780288,1.77616560459137,0.00780288,0.282371067112542,0.7642240689525,0.7642240689525,0.50889668797069,9.00922203830694e-05,9.00922203830694e-05,0.569992906124381,35476.6845703125,11444.091796875,4716335.75621274,-646759.561197577,34419.8341746774,1700.33118358368,14352.7984619141,23708.4454617911,20637.247062777
8068.68992,8159.65184,90.9619200000006,49.8278399999999,1.67314517498016,0.00827392,1.67314517498016,0.00827392,0.262222975794454,0.719897857646982,0.719897857646982,0.472585259021704,9.09602611730265e-05,9.09602611730265e-05,0.547787909490032,35858.154296875,11062.6220703125,4324535.79086526,-629460.100403382,34985.7757588827,1673.83973323819,14638.9007568359,24335.3170582212,21475.3835959419
8209.47968,8299.35616,89.876479999999,52.8384000000005,1.50594532489777,0.00782336,1.50594532489777,0.00782336,0.278436250475878,0.647957409398286,0.647957409398286,0.501805256208057,8.70456875925725e-05,8.70456875925725e-05,0.587900193688061,36239.6240234375,10299.6826171875,4797527.2186204,-640480.849690752,33027.7163362307,2966.99346900727,14781.9519042969,23942.0610345735,18810.7869113853
8352.19456,8443.05408,90.85952,50.6675200000009,1.44504380226135,0.00796672,1.44504380226135,0.00796672,0.268268210728651,0.621753541181105,0.621753541181105,0.483480143074367,8.76817310943311e-05,8.76817310943311e-05,0.557646793643648,35858.154296875,10299.6826171875,3632385.3463396,-559809.693446899,33916.8162253141,2013.91939659832,14352.7984619141,22260.8548022408,20877.0558051182
8493.7216,8591.7184,97.996799999999,51.2716799999998,1.2834814786911,0.00884736,1.2834814786911,0.00884736,0.270845733873689,0.552238730180875,0.552238730180875,0.488125424211315,9.02821316614429e-05,9.02821316614429e-05,0.523197492163013,35858.154296875,10681.15234375,3550291.37177184,-562653.83326652,34592.2380135798,1871.00021492684,14233.5891723633,23541.4762383907,21043.5035399774
8642.99008,8739.06176,96.0716800000009,53.7600000000002,1.35621762275696,0.00874496,1.35621762275696,0.00874496,0.281193268754532,0.583534636280078,0.583534636280078,0.506774028274646,9.10253677254308e-05,9.10253677254308e-05,0.559582178639946,36239.6240234375,11444.091796875,4171097.45440974,-626186.58644947,35838.5436056688,2160.02807679909,14352.7984619141,25342.6536416166,21660.5368038642
8792.82176,8895.65184,102.83008,49.0700799999995,1.59744727611542,0.00928768,1.59744727611542,0.00928768,0.287753680781641,0.687327608492269,0.687327608492269,0.518597378260388,9.03206532563237e-05,9.03206532563237e-05,0.477195777733516,36239.6240234375,11062.6220703125,3631373.09810429,-580184.60314396,35249.8683580702,1682.46086685642,14662.7426147461,25085.8764035811,21262.1979514565
8944.72192,9042.65728,97.9353599999995,54.9580800000003,1.65116322040558,0.01084416,1.65116322040558,0.01084416,0.314951569428161,0.710439765042839,0.710439765042839,0.567614140471698,0.000110727728983689,0.000110727728983689,0.561166875784197,35858.154296875,10681.15234375,3696687.31920104,-601386.584876656,36578.1229974795,1610.94454863012,14352.7984619141,25476.7099063536,23440.8461878751
9097.61536,9196.36992,98.7545599999994,55.2755200000011,1.54387891292572,0.00873472,1.54387891292572,0.00873472,0.316596605444919,0.664278951104619,0.664278951104619,0.570578868370633,8.84487764413112e-05,8.84487764413112e-05,0.559726254666128,35476.6845703125,11825.5615234375,3415455.54709838,-537554.088321507,33802.6674847177,1167.10159886128,14758.1100463867,22525.6615350042,19776.8132048513
9251.64544,9354.21952,102.57408,55.73632,1.59182274341583,0.00980992,1.59182274341583,0.00980992,0.313458461491593,0.684907562042478,0.684907562042478,0.564923221421555,9.56374163921331e-05,9.56374163921331e-05,0.543376260357391,36239.6240234375,10299.6826171875,3211997.52527777,-530855.11925835,34184.2569099923,1574.55496715007,14352.7984619141,23210.7631531348,20657.1301653537
9409.95584,9515.65312,105.69728,55.521279999999,1.3183251619339,0.01046528,1.3183251619339,0.01046528,0.306888811911976,0.567230790220924,0.567230790220924,0.553083223271666,9.90118194148418e-05,9.90118194148418e-05,0.525285797326089,36621.09375,10681.15234375,3181842.63672598,-544669.443999164,35419.7304480349,1577.23724816536,14233.5891723633,24595.6260201466,22022.8032511132
9571.1744,9679.16544,107.991040000001,57.3644800000002,1.58679831027985,0.01158144,1.58679831027985,0.01158144,0.338272969749965,0.6827457181663,0.6827457181663,0.609644591763915,0.000107244452873126,0.000107244452873126,0.531196662241606,36239.6240234375,10681.15234375,3224395.48676996,-554042.358865599,36204.284871893,1385.2590617334,14352.7984619141,25371.5844199633,22228.5016877163
9736.52992,9843.02592,106.495999999999,58.85952,1.73789262771606,0.01241088,1.73789262771606,0.01241088,0.372814664496835,0.747756499688146,0.747756499688146,0.671896557708323,0.000116538461538462,0.000116538461538462,0.552692307692312,36621.09375,11444.091796875,3200642.72060654,-545577.69829521,36009.6468292322,1284.1724528049,14233.5891723633,24697.1806573583,21802.0795564951
9901.88544,10011.10528,109.21984,61.3171199999997,1.44463968276978,0.01261568,1.44463968276978,0.01261568,0.375846620758355,0.621579662213177,0.621579662213177,0.677360830359689,0.0001155072192012,0.0001155072192012,0.561410088130507,37002.5634765625,11825.5615234375,2893539.49234243,-520081.885445397,36147.2311163405,1190.96431677956,14376.6403198242,24453.2067370651,22286.3045359162
10072.4224,10177.62816,105.205760000001,61.4195199999995,1.75053250789642,0.0133632,1.75053250789642,0.0133632,0.39325733529855,0.75319501321275,0.75319501321275,0.708738885679984,0.000127019661280902,0.000127019661280902,0.583803776523253,37002.5634765625,10299.6826171875,3121556.29150206,-554293.286078162,36890.7311221618,1158.60612353652,15425.6820678711,25448.1225260922,23764.6749545567
10239.04768,10350.16192,111.114240000001,62.9862400000002,2.10990214347839,0.01357824,2.10990214347839,0.01357824,0.425459003939841,0.907819629550602,0.907819629550602,0.766773594002814,0.000122200718827757,0.000122200718827757,0.566860197216844,37002.5634765625,10681.15234375,2897891.61715295,-533205.890932056,36660.8368528863,1342.78974765658,15091.8960571289,25586.1170638438,23468.3126593085
10413.14816,10522.58304,109.434879999999,70.6764800000001,1.77151787281036,0.01307648,1.77151787281036,0.01307648,0.452550666249961,0.762224306946131,0.762224306946131,0.81559891227009,0.000119490970337795,0.000119490970337795,0.645831383924401,37384.033203125,10299.6826171875,2798323.6945253,-523967.374406317,36600.2385309252,1241.82828609098,15091.8960571289,25227.0933932463,23827.6018751663
10593.25952,10698.93632,105.676800000001,134.123519999999,2.16076040267944,0.01263616,2.16076040267944,0.01263616,0.554869139035948,0.929702220726783,0.929702220726783,1,0.000119573643410851,0.000119573643410851,1.26918604651161,37765.5029296875,9918.212890625,3006038.69101908,-541325.939233448,36679.276799249,1602.53156110047,14543.5333251953,25105.4543571501,23635.3972390667
10833.05984,10841.93792,8.87808000000041,0,0.0640976056456566,0.00045056,0.0640976056456566,0.00045056,0.0204609833905079,0.0275790347870778,0.0275790347870778,0.0368753314088753,5.07497116493633e-05,5.07497116493633e-05,0,31661.9873046875,30899.0478515625,26433881.5386948,-249461.403914865,31453.0872163318,317.717513448636,30899.0478515625,1045.89763326269,131.211709531399
