note.starts,note.ends,note.durs,INI,pk.amps,pk.times,qpk.amps,qpk.times,note.rmss,rel.pk.amps,rel.qpk.amps,rel.note.rmss,rel.pk.tm,rel.qpk.tm,rel.INI,max.Hz,min.Hz,FMa,FMb,FMc,FM.resid,note.DF,arcL,chordL
998.9632,1010.2784,11.3152,48.3737600000001,0.0934404209256172,0.0086528,0.0770288929343224,6.144e-05,0.0267855553776391,0.058461673702687,0.0481936827745066,0.0712627383019819,0.000764705882352941,5.42986425339366e-06,4.27511312217195,26321.4111328125,15640.2587890625,99487517.7910852,-2042433.74690091,26797.6703065814,858.820155660249,18310.546875,10592.3347268318,10372.7862484879
1058.65216,1072.46592,13.81376,41.6563199999998,0.135867327451706,0.00633856,0.109769754111767,0.00018432,0.034861439862609,0.0850063739616581,0.0686782388578362,0.0927485590921636,0.000458858413639733,1.33432171979244e-05,3.0155670867309,28610.2294921875,14114.3798828125,70391762.8666761,-1943918.78300057,28274.109313538,922.763128123425,18310.546875,13420.6781964745,13420.6737775974
1114.12224,1129.22624,15.104,40.9087999999999,0.134275168180466,0.00857088,0.111944653093815,0.00044032,0.0356332400695795,0.0840102280231455,0.0700389801019923,0.0948019268642828,0.000567457627118642,2.91525423728813e-05,2.70847457627117,28610.2294921875,12207.03125,64273151.1259016,-1951424.91576405,28326.2231847742,1190.07194111225,15640.2587890625,14811.6355144776,14811.6355144647
1170.13504,1184.96256,14.82752,42.16832,0.149176567792892,0.00850944,0.120538912713528,0.00023552,0.0387472661070018,0.0933333962326351,0.0754160406570148,0.103086766190617,0.000573895027624308,1.58839779005524e-05,2.84392265193369,28610.2294921875,12207.03125,65825910.6009018,-1963636.31315849,28238.1917094136,1203.26213867899,18310.546875,14643.6781346338,14643.6781346218
1227.13088,1242.64448,15.5136,40.8268800000001,0.192393943667412,0.00596992,0.122886426746845,0.0007168,0.0485323615284388,0.120372659344193,0.076884779753744,0.12911992788716,0.000384818481848185,4.62046204620462e-05,2.63168316831684,27084.3505859375,12207.03125,62997670.1285801,-1881136.69385681,27562.2357378949,998.209699935183,15449.5239257812,14064.3278555069,14021.440495659
1283.47136,1298.91328,15.44192,41.02144,0.207951888442039,0.00570368,0.136766523122787,0.00067584,0.0519394621252666,0.130106599772638,0.0855689622226793,0.138184489542767,0.000369363395225465,4.37665782493369e-05,2.65649867374006,28228.759765625,12207.03125,59836695.4830439,-1865072.89133199,27389.3167684366,849.353133353135,15449.5239257812,14532.0732195078,14532.0732194964
1339.93472,1355.56096,15.6262400000001,38.9631999999999,0.260237902402878,0.0056832,0.148434519767761,0.00049152,0.062918217432594,0.162819721750395,0.0928691285304222,0.167393373036767,0.000363695937090431,3.14547837483616e-05,2.49344692005241,28228.759765625,12207.03125,60945809.3937584,-1866817.37667405,27385.1247934195,852.287351768087,15449.5239257812,14301.4358391361,14289.6266237403
1394.52416,1410.74432,16.2201600000001,38.8505600000001,0.2886962890625,0.00612352,0.153577148914337,0.00104448,0.0643716475244509,0.18062491674544,0.0960866515698398,0.171260211219361,0.000377525252525251,6.43939393939391e-05,2.39520202020201,28228.759765625,11825.5615234375,60668530.9160802,-1944083.53994955,28123.9603901958,802.319659716429,15258.7890625,15576.6360553402,15571.8444467985
1449.59488,1467.25888,17.664,37.5808,0.347927808761597,0.00647168,0.179902955889702,0.00385024,0.0724948057825249,0.217683544513388,0.112557582694806,0.192871803473818,0.000366376811594203,0.000217971014492754,2.12753623188406,28228.759765625,12207.03125,59476233.462062,-1896786.18111289,28247.8332519531,600.561085648637,15258.7890625,15298.438359443,14947.2413525847
1504.83968,1523.11808,18.2783999999999,38.7072000000001,0.334444880485535,0.00710656,0.145243883132935,0.00203776,0.0703354916801329,0.209247853132467,0.0908728836933237,0.187126966989337,0.000388795518207285,0.000111484593837536,2.11764705882354,30517.578125,11825.5615234375,64356334.6692056,-2103391.39512443,30144.282749721,971.404512923577,15258.7890625,17427.9337882596,16945.1838771266
1561.82528,1581.47584,19.65056,36.7616,0.39891442656517,0.0068096,0.191199496388435,0.0047104,0.0838337751081155,0.249583689907735,0.11962534478389,0.223039033246411,0.000346534653465346,0.00023970818134445,1.87076602397082,28610.2294921875,12588.5009765625,57726932.4778837,-1878389.34322803,28779.9274220186,629.441368954492,15258.7890625,15940.231659791,14620.4645343515
1618.23744,1638.03136,19.7939199999998,36.82304,0.375694096088409,0.0065536,0.238620966672897,0.0044544,0.0920061059378245,0.235055722566047,0.149294929903576,0.244781448702204,0.000331091567511643,0.00022503879979307,1.86032074495604,27847.2900390625,12207.03125,54072837.0887113,-1769739.11902296,28007.6382206935,938.826173031232,15258.7890625,15116.3432262785,13844.3765005288
1674.8544,1694.73024,19.8758400000002,38.2975999999999,0.473437041044235,0.00659456,0.297784775495529,0.00453632,0.10406551262909,0.296209301479138,0.186311193873001,0.276865395852102,0.000331787738279235,0.000228232869654815,1.92684183410611,30136.1083984375,11825.5615234375,56599605.1769688,-1925132.78521159,29127.2705676509,892.4874627316,16593.9331054688,16835.9344345812,15904.0129031452
1733.02784,1752.96512,19.9372800000001,38.5843199999999,0.418650507926941,0.00897024,0.389954686164856,0.0049152,0.108553667141876,0.261931711645137,0.243977963664689,0.288806092096561,0.000449922958397532,0.000246533127889059,1.93528505392911,30136.1083984375,11825.5615234375,58504399.5819629,-1930482.75404555,29331.5625658222,812.647044660086,16593.9331054688,16616.9255809898,15233.3610629628
1791.54944,1811.42528,19.8758399999999,37.30432,0.431499391794205,0.00678912,0.411008298397064,0.00473088,0.118718007498352,0.269970708565856,0.257150308099675,0.3158482316611,0.000341576506955179,0.000238021638330758,1.8768675940237,29754.638671875,11825.5615234375,61536521.287872,-1978968.75730645,29309.1231701421,923.729565807457,16593.9331054688,16797.3590549738,15023.7242205145
1848.7296,1869.03552,20.30592,38.5843200000002,0.449513912200928,0.00917504,0.410743802785873,0.00507904,0.123611343879512,0.281241623267391,0.256984824511694,0.328866910760257,0.000451840645486636,0.000250126071608674,1.90015128593042,30136.1083984375,12588.5009765625,58970879.8444105,-1957630.02447158,30108.5266412473,834.850724029992,16593.9331054688,17057.3054844894,15435.9929558187
1907.61984,1928.04864,20.4287999999999,39.3113599999999,0.467968970537186,0.00512,0.276301145553589,0.00407552,0.12121282032587,0.292788163703861,0.172869805754525,0.322485659600648,0.000250626566416041,0.000199498746867169,1.92431077694236,29754.638671875,12207.03125,57999045.9643115,-1944086.96050904,29985.5774524165,861.855409105004,16593.9331054688,17071.9292133678,15510.2814246542
1967.36,1990.656,23.296,35.8400000000001,0.506794571876526,0.0094208,0.47966867685318,0.00531456,0.137506596372154,0.317079681382468,0.300108169396123,0.365835109778812,0.000404395604395604,0.000228131868131868,1.53846153846154,30136.1083984375,13351.4404296875,55998091.1543389,-1943071.13685275,30397.1140008224,824.953335346523,16593.9331054688,18835.779786932,14875.4186455825
2026.496,2050.69312,24.1971199999998,37.8060800000003,0.540965914726257,0.01009664,0.458463817834854,0.0053248,0.140939629889609,0.338459228647713,0.28684119631787,0.374968665745344,0.000417266187050363,0.000220059246720273,1.56242065171395,32424.9267578125,11444.091796875,50674487.4574595,-1901201.39580094,30853.7303953242,1278.03797093094,16403.1982421875,19330.9205117434,16333.6546816355
2088.4992,2111.88736,23.38816,40.25344,0.539017558097839,0.00956416,0.433530867099762,0.00541696,0.134279690725503,0.33724022526204,0.27124171575174,0.357249955228891,0.000408931698774081,0.000231611208406305,1.72110332749562,29754.638671875,12969.970703125,51644275.3714951,-1829839.51577753,29707.7915124726,748.151496334712,16403.1982421875,17870.237557301,14546.8494198613
2152.1408,2176.09216,23.95136,39.1987199999999,0.545660972595215,0.01020928,0.501095414161682,0.00591872,0.148661623797736,0.34139672548721,0.3135139622279,0.395512963718115,0.000426250534416417,0.000247114151346729,1.6365968362548,30899.0478515625,12969.970703125,49463275.5479466,-1845053.2717619,30382.1993949718,910.930373964533,16307.8308105469,18595.5629072749,15816.0542915646
2215.29088,2239.36512,24.0742399999999,37.9289600000002,0.57521790266037,0.01007616,0.504487097263336,0.0052224,0.152069292212862,0.359889232092009,0.315635993237902,0.404579036049391,0.000418545299872396,0.000216928966397278,1.57549978732456,30899.0478515625,12969.970703125,49905204.2176337,-1832502.96893336,30009.3342487077,1024.44016752934,16307.8308105469,18451.864149363,15192.6053957371
2277.29408,2301.72672,24.43264,35.95264,0.584197044372559,0.01040384,0.547357380390167,0.00601088,0.163014784061346,0.365507096905847,0.342458095266934,0.433699422398974,0.000425817267393127,0.000246018440905281,1.47150041911148,32043.45703125,12969.970703125,44143763.7831939,-1726187.95919476,30054.6517049459,1044.15772182405,16307.8308105469,17926.7004265564,15823.5371444186
2337.67936,2362.54208,24.8627200000001,35.9423999999999,0.593664526939392,0.01037312,0.51013445854187,0.00608256,0.161549112616532,0.371430495699702,0.319169305578283,0.429800016202763,0.000417215815485995,0.000244645799011531,1.44563426688632,32043.45703125,11825.5615234375,49545114.1904812,-1931232.01785116,31543.8177352561,1033.90922509804,16307.8308105469,20249.8707706255,17389.1284924052
2398.48448,2423.7056,25.2211199999997,37.1507200000001,0.6771399974823,0.01086464,0.500956594944,0.00128,0.168746349057322,0.423657526279353,0.313427108982513,0.448948201474505,0.0004307754770605,5.07511165245641e-05,1.47300040600895,31661.9873046875,11444.091796875,44760529.5528415,-1823478.64784278,31271.3523963829,987.114030831574,16307.8308105469,19625.1472958956,17517.7818856698
2460.85632,2486.14912,25.2928000000002,36.2700799999998,0.686931312084198,0.01145856,0.594179272651672,0.00263168,0.173205887053181,0.429783532923011,0.37175255006946,0.460812763723303,0.000453036437246961,0.000104048582995951,1.43400809716597,30899.0478515625,12969.970703125,41838890.0143542,-1728617.66661726,30996.1492365057,984.502832200589,16403.1982421875,18753.6609809181,16956.1663844299
2522.4192,2549.82144,27.4022400000003,35.5225599999999,0.686143457889557,0.0117248,0.603750765323639,0.00289792,0.172041736173165,0.429290606260266,0.377741023536223,0.457715550380627,0.0004278774289985,0.000105754857997009,1.29633781763825,31661.9873046875,12969.970703125,38913401.1484118,-1670203.00054002,31083.8592718847,969.740267475627,16307.8308105469,19295.5101999102,16547.9015302889
2585.344,2612.41856,27.07456,34.7545599999999,0.685113549232483,0.01118208,0.619637966156006,0.00284672,0.18206594644787,0.428646236476215,0.387680965393401,0.484384875075185,0.000413010590015128,0.000105143721633888,1.28366111951588,31661.9873046875,12207.03125,44637900.9781977,-1811573.97692335,31283.9639449375,927.458245923348,16307.8308105469,20433.6759580187,16326.5674663982
2647.17312,2674.96448,27.7913600000002,36.51584,0.730755925178528,0.00314368,0.730755925178528,0.00314368,0.180134243342748,0.457202718383517,0.457202718383517,0.479245595679383,0.000113117170228444,0.000113117170228444,1.31392778187177,32806.396484375,12969.970703125,39415738.3813138,-1731419.08364393,32121.4849298651,850.375979134015,16307.8308105469,20352.7445987803,17675.3635615231
2711.48032,2738.42176,26.9414400000001,36.2598399999997,0.705703318119049,0.00246784,0.705703318119049,0.00246784,0.183156398517612,0.441528373974487,0.441528373974487,0.487286013370857,9.16001520334472e-05,9.16001520334472e-05,1.34587609274039,32806.396484375,12207.03125,42968392.6704907,-1774612.31117583,31100.6603100958,951.890497749202,16307.8308105469,20023.7328133799,16622.3818677029
2774.6816,2802.7904,28.1088,37.2940800000001,0.791799604892731,0.00308224,0.791799604892731,0.00308224,0.190266707967863,0.495395137143102,0.495395137143102,0.506202930136463,0.000109653916211293,0.000109653916211293,1.32677595628416,30899.0478515625,12969.970703125,36955193.2815658,-1635097.89433589,31189.2965565557,691.255749781252,16307.8308105469,19410.6198669724,16762.1701030756
2840.08448,2868.44928,28.3647999999998,36.1574400000004,0.85923957824707,0.00279552,0.85923957824707,0.00279552,0.196740628485301,0.537589443180077,0.537589443180077,0.523426739653109,9.85559566787009e-05,9.85559566787009e-05,1.27472924187728,30899.0478515625,12207.03125,33648346.0455987,-1560510.08491438,31087.1440902529,972.290881900934,16307.8308105469,18994.540461181,17191.3799355677
2904.60672,2933.21728,28.6105599999996,37.3760000000002,0.8515704870224,0.00355328,0.8515704870224,0.00355328,0.200520175749087,0.532791220908265,0.532791220908265,0.53348219244331,0.000124194702934862,0.000124194702934862,1.3063707945598,32806.396484375,12207.03125,39211998.97815,-1773139.77792514,33095.1374038877,917.635828951611,16307.8308105469,21457.0953360558,18632.9856457306
2970.59328,2999.21408,28.6208000000001,35.9731199999997,0.884726166725159,0.0032768,0.884726166725159,0.0032768,0.202660948756079,0.553535311195663,0.553535311195663,0.539177700503918,0.000114490161001788,0.000114490161001788,1.25688729874775,32806.396484375,12207.03125,38161957.4387671,-1734212.78843085,32397.4096727937,998.562605591648,16307.8308105469,21030.1657029706,18374.1825876584
3035.1872,3064.58624,29.3990400000002,38.2054399999997,0.918203771114349,0.0040448,0.918203771114349,0.0040448,0.212988237099584,0.574480815986427,0.574480815986427,0.56665336177793,0.000137582723789619,0.000137582723789619,1.2995471960989,32806.396484375,12207.03125,34403749.0634832,-1675368.32716154,33045.2297044837,1056.53489459914,16307.8308105469,21273.9887612689,19518.9379155856
3102.79168,3132.11904,29.3273600000002,37.0995199999998,0.724109768867493,0.00964608,0.721724092960358,0.0011264,0.214394889148562,0.453044502722844,0.45155188737435,0.570395747382222,0.000328910614525137,3.840782122905e-05,1.26501396648043,32806.396484375,12207.03125,36553983.3799509,-1747437.69388543,33541.140349015,1272.37202400521,16307.8308105469,21959.6512265316,19807.8709157775
3169.21856,3198.76096,29.5424000000003,36.8947199999998,0.7439004778862,0.00297984,0.7439004778862,0.00297984,0.199371407404422,0.465426702648051,0.465426702648051,0.530425904202828,0.000100866551126516,0.000100866551126516,1.24887348353551,32806.396484375,12207.03125,29952826.7174422,-1476275.77719919,30922.267747962,1009.79833796824,23555.7556152344,18909.0822075709,17471.29823019
3235.65568,3265.64864,29.99296,37.7139200000001,0.912039577960968,0.0033792,0.912039577960968,0.0033792,0.213923740914553,0.570624144053622,0.570624144053622,0.569142261582572,0.000112666439057699,0.000112666439057699,1.25742574257426,32806.396484375,12207.03125,31783346.8935604,-1567021.88210155,32010.2857506794,981.219463492031,16307.8308105469,20221.620090577,18408.0361353108
3303.36256,3333.888,30.5254399999999,39.2294400000001,0.909532725811005,0.0036864,0.909532725811005,0.0036864,0.221412402786534,0.569055713914285,0.569055713914285,0.58906578169224,0.000120764844012077,0.000120764844012077,1.28513921502852,32806.396484375,12207.03125,32898247.4855481,-1620411.72958337,32616.2484975962,887.974560580131,16307.8308105469,21097.7884203133,18809.112195374
3373.11744,3403.50976,30.3923199999999,40.4172800000001,0.798318386077881,0.00300032,0.798318386077881,0.00300032,0.213892399174095,0.499473659637011,0.499473659637011,0.56905887715329,9.87196765498655e-05,9.87196765498655e-05,1.32985175202157,32806.396484375,12207.03125,27654308.6933463,-1406268.5059204,30645.9573599008,1089.8694143355,23555.7556152344,18559.9016457586,17195.6678982396
3443.92704,3477.9136,33.9865599999998,36.02432,0.692144870758057,0.01529856,0.654522001743317,0.00372736,0.198747906535494,0.433045433533065,0.409506414013348,0.528767085536309,0.000450135583006932,0.000109671587827659,1.05995781862007,32806.396484375,12207.03125,24380172.280688,-1321862.9310392,30333.8298867474,1093.67675410616,23555.7556152344,19070.520985698,16764.3717842713
3513.93792,3546.88,32.9420800000003,38.87104,0.937108874320984,0.00436224,0.937108874320984,0.00436224,0.23238792898447,0.586308930243978,0.586308930243978,0.618266074168647,0.000132421510724276,0.000132421510724276,1.17998134908299,33950.8056640625,12207.03125,26352546.5185752,-1454850.37903646,32599.5923835279,1027.36562841614,23555.7556152344,20830.5864212114,19328.524416593
3585.75104,3617.85344,32.1023999999998,39.6492800000001,0.867749929428101,0.00159744,0.867749929428101,0.00159744,0.21506922249355,0.542914005814879,0.542914005814879,0.572189805411436,4.97607655502396e-05,4.97607655502396e-05,1.23508771929826,37002.5634765625,12207.03125,32634203.3622631,-1716567.93018714,35206.0692942041,1102.36806330496,16307.8308105469,23671.6521143623,21474.3123695271
3657.50272,3690.50624,33.0035200000002,37.62176,0.795084118843079,0.00475136,0.795084118843079,0.00475136,0.225475400677855,0.49745011700016,0.49745011700016,0.599875352424248,0.000143965249767297,0.000143965249767297,1.13993174061433,32806.396484375,12207.03125,25342636.6854302,-1408822.61786542,32184.819744329,1031.60692705332,23555.7556152344,20266.8468391587,18892.0861794088
3728.128,3764.1216,35.9935999999998,35.3791999999999,0.823186814785004,0.00101376,0.823186814785004,0.00101376,0.214436111208933,0.515032771530692,0.515032771530692,0.570505418317139,2.81650071123757e-05,2.81650071123757e-05,0.982930298719774,32806.396484375,12207.03125,23407190.4164476,-1345370.54497855,31932.1167292853,1045.04315781052,23555.7556152344,20564.0030150611,18099.795542645
3799.5008,3836.0576,36.5568000000003,37.3862399999998,1.00254285335541,0.00155648,1.00254285335541,0.00155648,0.23170440645306,0.627248171457629,0.627248171457629,0.616447568388474,4.25770308123246e-05,4.25770308123246e-05,1.02268907563024,37002.5634765625,12207.03125,27651569.6272583,-1570924.92467502,34690.7253923087,1165.84220215484,16307.8308105469,24148.8125511389,20474.4409715751
3873.44384,3910.5024,37.0585599999999,35.5328,1.00568604469299,0.00108544,1.00568604469299,0.00108544,0.205923429035427,0.629214731802101,0.629214731802101,0.547857501056294,2.92898590770932e-05,2.92898590770932e-05,0.958828405636916,33950.8056640625,12207.03125,24434433.3244214,-1435383.52889958,33589.0246975806,1079.67016930522,23555.7556152344,22523.7718862273,19636.5384645364
3946.0352,3983.39072,37.3555200000001,37.1097600000003,1.16624653339386,0.00241664,1.16624653339386,0.00241664,0.21500921420503,0.729670560307478,0.729670560307478,0.572030153879091,6.46929824561402e-05,6.46929824561402e-05,0.993421052631585,36621.09375,11062.6220703125,26173169.1734998,-1546363.68970561,35015.1019579046,1425.21308111943,23555.7556152344,24438.8911065934,21242.2666979894
4020.50048,4057.2416,36.7411199999997,37.9289600000002,1.07051944732666,0.00123904,1.07051944732666,0.00123904,0.221160001333881,0.669778218056316,0.669778218056316,0.588394269811531,3.37235228539579e-05,3.37235228539579e-05,1.03232998885174,33569.3359375,11825.5615234375,23052461.7645565,-1361009.12875206,32461.1642602023,1296.82847987486,16212.4633789062,21290.5032417235,18886.2533916733
4095.17056,4132.92544,37.75488,36.9664000000002,1.1873539686203,0.00113664,1.1873539686203,0.00113664,0.226095441880686,0.74287657948724,0.74287657948724,0.601524966679051,3.01057770545159e-05,3.01057770545159e-05,0.979115812313542,33569.3359375,11444.091796875,20962842.3563067,-1294642.30298183,32408.717476884,1332.97536808909,16212.4633789062,20980.0604964313,18997.9802078008
4169.89184,4208.5888,38.6969600000002,38.10304,1.15267670154572,0.00186368,1.15267670154572,0.00186368,0.209655226899452,0.721180497079508,0.721180497079508,0.557785916981616,4.81608891241066e-05,4.81608891241066e-05,0.984652024345058,36621.09375,11062.6220703125,24246985.0543334,-1504373.3195971,35556.9777950164,1342.7837437408,20313.2629394531,24762.5520470375,21905.9121220403
4246.69184,4284.63104,37.9391999999998,37.5807999999997,0.999104261398315,0.00116736,0.999104261398315,0.00116736,0.209263766754511,0.625096791583686,0.625096791583686,0.556744440653376,3.07692307692309e-05,3.07692307692309e-05,0.990553306342778,33569.3359375,11444.091796875,21754780.6686265,-1360982.40771839,33435.163826778,1508.81114163018,23555.7556152344,22250.5201488595,20321.1245483696
4322.21184,4360.69376,38.4819200000002,38.9836800000003,1.01957368850708,0.0014336,1.01957368850708,0.0014336,0.209378707865299,0.63790363638018,0.63790363638018,0.557050240484019,3.72538584353378e-05,3.72538584353378e-05,1.01303885045237,33569.3359375,11444.091796875,21845441.9234403,-1366535.37252714,33541.6486186366,1459.09123495952,20313.2629394531,22504.7131396535,20236.9038012269
4399.67744,4439.6032,39.9257599999992,37.3350400000008,0.759951889514923,0.00237568,0.759951889514923,0.00237568,0.225147073575062,0.475469384175063,0.475469384175063,0.599001841008339,5.95024365221864e-05,5.95024365221864e-05,0.93511156706852,35095.21484375,11062.6220703125,20761249.1484283,-1343050.98245766,33935.8433250808,1421.77456969043,19359.5886230469,22913.6433865866,20527.5233396293
4476.93824,4517.65248,40.7142399999993,37.7446399999999,1.04812121391296,0.00258048,1.04812121391296,0.00258048,0.198523137465394,0.65576460167513,0.65576460167513,0.528169089370276,6.33802816901419e-05,6.33802816901419e-05,0.927062374245485,36239.6240234375,11444.091796875,21299064.710389,-1433424.52353981,36284.6303113641,1249.78933492745,14781.9519042969,25180.237799514,23054.409539564
4555.39712,4596.38784,40.9907200000007,38.9324799999995,1.06831967830658,0.00217088,1.06831967830658,0.00217088,0.235056210958156,0.66840191669338,0.66840191669338,0.625365015270515,5.29602797901565e-05,5.29602797901565e-05,0.94978765925553,35095.21484375,11444.091796875,19375517.6164475,-1297496.09251186,33895.4084059771,1454.07526048169,21839.1418457031,22814.1033272649,20629.7962413367
4635.32032,4675.97312,40.6527999999998,39.1782400000002,0.905503988265991,0.00203776,0.905503988265991,0.00203776,0.219934283224456,0.566535105194234,0.566535105194234,0.585133257387766,5.01259445843831e-05,5.01259445843831e-05,0.963727959697741,34713.7451171875,11062.6220703125,18010960.2504902,-1198309.86679841,32142.7131081647,1457.61832035985,14781.9519042969,20914.3034184433,18948.835232313
4715.15136,4757.87264,42.7212799999998,39.1782400000002,0.924402356147766,0.0028672,0.924402356147766,0.0028672,0.233515587562451,0.578359005447179,0.578359005447179,0.621266200057532,6.71140939597319e-05,6.71140939597319e-05,0.917066155321199,36239.6240234375,11444.091796875,19858584.6037695,-1389812.52791405,36346.5754288221,1450.85156488114,20313.2629394531,25502.8322440811,23130.5131935234
4797.05088,4840.43776,43.38688,40.1408000000001,1.19496858119965,0.0032256,1.19496858119965,0.0032256,0.21584716222408,0.747640716801438,0.747640716801438,0.574259507332859,7.43450554637715e-05,7.43450554637715e-05,0.925182912438048,36239.6240234375,11062.6220703125,18786432.3876602,-1339120.82237879,36040.2339646796,1262.86833530031,20313.2629394531,24990.8392104656,22736.2928939849
4880.57856,4923.60704,43.0284799999999,38.8096000000005,1.01084136962891,0.00290816,1.01084136962891,0.00290816,0.233990364430123,0.632440198053741,0.632440198053741,0.622529339805645,6.75868633983818e-05,6.75868633983818e-05,0.901951451689684,36239.6240234375,10299.6826171875,17804566.6739601,-1252495.61523857,34135.2749817967,1820.40625988432,21839.1418457031,23125.8775918834,20928.7159397401
4962.41664,5007.8208,45.40416,41.5743999999995,1.25476479530334,0.00477184,1.25476479530334,0.00477184,0.248021200113155,0.785052649698971,0.785052649698971,0.659858256729007,0.00010509697789806,0.00010509697789806,0.915651781686953,37765.5029296875,10299.6826171875,17815649.1387829,-1354010.44852155,37592.5896250603,1456.35409539426,32043.45703125,26703.1259935724,24750.0738896638
5049.3952,5093.82656,44.4313600000005,39.5468799999999,0.938209891319275,0.00364544,0.938209891319275,0.00364544,0.240965910980379,0.586997789474893,0.586997789474893,0.641087721041941,8.20465545056455e-05,8.20465545056455e-05,0.89006683567641,35858.154296875,10299.6826171875,18367660.3338721,-1311535.82722999,35383.4007968422,1496.23348468581,14781.9519042969,24811.9874659662,22012.8818804152
5133.37344,5180.4672,47.0937599999997,41.8815999999997,1.3693825006485,0.00411648,1.3693825006485,0.00411648,0.233614837381915,0.856764044233176,0.856764044233176,0.621530253343389,8.74103065883892e-05,8.74103065883892e-05,0.889323766036093,37384.033203125,10681.15234375,16874243.3485648,-1294607.13663238,36889.2439963864,1381.19179900466,14781.9519042969,26117.8664251943,23543.8457582019
5222.3488,5269.6576,47.3087999999998,40.7040000000006,1.30583548545837,0.00449536,1.30583548545837,0.00449536,0.238211582968115,0.817005395566748,0.817005395566748,0.633759855199008,9.50216450216454e-05,9.50216450216454e-05,0.860389610389628,37765.5029296875,10299.6826171875,18048159.9764902,-1347515.73619414,36964.9132201494,1798.34977196469,14877.3193359375,26948.9404846232,23355.3584968406
5310.3616,5358.2848,47.9232000000002,41.6153599999998,1.15926742553711,0.00431104,1.15926742553711,0.00431104,0.234428490240694,0.725304031109348,0.725304031109348,0.623694969733487,8.99572649572646e-05,8.99572649572646e-05,0.868376068376061,37765.5029296875,10681.15234375,17109856.9705648,-1333738.65838009,37933.5933760019,1297.92241199785,14877.3193359375,27361.4955730136,24621.9606485757
5399.90016,5449.09312,49.1929600000003,42.8851199999999,1.33164024353027,0.0035328,1.33164024353027,0.0035328,0.242614478260817,0.833150328684901,0.833150328684901,0.645473720026198,7.1815154038301e-05,7.1815154038301e-05,0.871773522064939,37765.5029296875,10681.15234375,14694247.3669933,-1163461.90012422,34937.2987322479,1605.17086389392,14877.3193359375,24385.5070676986,21674.8302738256
5491.97824,5541.56032,49.5820799999992,41.5436800000007,1.26144063472748,0.00405504,1.26144063472748,0.00405504,0.230863157652523,0.789229436813574,0.789229436813574,0.614209433234123,8.17843866171017e-05,8.17843866171017e-05,0.837876910367643,37384.033203125,10299.6826171875,15111335.2013165,-1217732.36487604,36353.5243972593,1526.24802211485,13113.0218505859,25836.634124338,23228.2591489859
5583.104,5634.93888,51.8348799999994,42.7110400000001,1.02688491344452,0.00480256,1.02688491344452,0.00480256,0.240717585358475,0.6424779570267,0.6424779570267,0.640427052873674,9.26511260371405e-05,9.26511260371405e-05,0.823982615566981,37384.033203125,10681.15234375,13166171.6377259,-1121244.78524755,35858.918565491,1215.00690336564,13113.0218505859,24999.1981489416,22743.9976341134
5677.64992,5729.28,51.6300799999999,44.2982400000001,1.31140840053558,0.0049664,1.31140840053558,0.0049664,0.246456168409645,0.820492130103999,0.820492130103999,0.65569450342432,9.61919873066245e-05,9.61919873066245e-05,0.857992859976203,37384.033203125,10681.15234375,13886988.8972214,-1174609.23195373,36710.9451559778,1516.86223500561,13113.0218505859,26049.1332486595,23627.1061227377
5773.57824,5825.29024,51.7120000000004,42.7417599999999,0.925489664077759,0.005632,0.925489664077759,0.005632,0.217581112593697,0.579039287500576,0.579039287500576,0.578872667287039,0.000108910891089108,0.000108910891089108,0.826534653465337,37765.5029296875,10681.15234375,15135987.8422461,-1271272.54944729,38308.5988539852,1857.87741681515,14925.0030517578,28122.7159797626,25264.4326201129
5868.032,5922.12992,54.0979200000002,44.7385599999998,1.5418963432312,0.00447488,1.5418963432312,0.00447488,0.250948861896827,0.964698574860934,0.964698574860934,0.667647275570883,8.27181525648303e-05,8.27181525648303e-05,0.826992239257991,37384.033203125,10681.15234375,12297622.9018809,-1084349.01270291,35818.3482592648,1516.77693278459,14877.3193359375,25135.5200060572,22670.9880565066
5966.86848,6021.2736,54.4051200000004,44.8409599999995,0.999473392963409,0.00530432,0.999473392963409,0.00530432,0.235372293402579,0.625327741411374,0.625327741411374,0.626205949878783,9.74967061923577e-05,9.74967061923577e-05,0.824204780726506,37384.033203125,10299.6826171875,12810816.1365181,-1149802.13407118,37331.3233269842,1546.49153780506,14877.3193359375,26962.6626785309,24636.1695608709
6066.11456,6120.46848,54.3539200000005,44.8102399999998,0.989053964614868,0.005376,0.989053964614868,0.005376,0.251127653601697,0.618808750869092,0.618808750869092,0.668122949354573,9.89073097211747e-05,9.89073097211747e-05,0.824415975885445,37002.5634765625,10299.6826171875,12703679.381558,-1124069.82086119,36517.2293711126,1808.1263011124,14877.3193359375,26164.4823865486,23566.5034757868
6165.27872,6219.99104,54.7123199999996,44.5849600000001,1.12687921524048,0.00403456,1.12687921524048,0.00403456,0.244591407213808,0.705040113594647,0.705040113594647,0.650733322398909,7.3741343814337e-05,7.3741343814337e-05,0.814897997379757,37384.033203125,10299.6826171875,11562591.1574504,-1046641.07066127,35339.6964987683,1715.04347830482,14877.3193359375,24718.5061393031,22652.2618990716
6264.576,6320.40448,55.8284800000001,45.2403199999999,1.2014240026474,0.00347136,1.2014240026474,0.00347136,0.233455786822054,0.751679597818384,0.751679597818384,0.621107100705173,6.21790168745413e-05,6.21790168745413e-05,0.810344827586203,37384.033203125,10299.6826171875,11863828.0893357,-1089576.14006346,36653.0845163573,1686.92761428236,14925.0030517578,26181.4634102846,23851.9728175655
6365.6448,6422.8864,57.2416000000003,46.7251200000001,1.01691257953644,0.00278528,1.01691257953644,0.00278528,0.242615396255399,0.63623869434773,0.63623869434773,0.645476162342839,4.865831842576e-05,4.865831842576e-05,0.816279069767439,36621.09375,10299.6826171875,9798686.83528745,-955184.291295214,34983.5130694041,1440.83153858977,14925.0030517578,23986.2055421709,22569.8922936977
6469.61152,6527.08864,57.4771199999996,47.3190400000003,1.04405498504639,0.0103936,1.04405498504639,0.0103936,0.26654904621822,0.653220536239172,0.653220536239172,0.709151430966749,0.000180830215570997,0.000180830215570997,0.823267414929639,36239.6240234375,10299.6826171875,9712914.6118923,-922928.084103192,33758.9148319129,1573.79139458576,14877.3193359375,22889.1621410909,20959.4758421497
6574.40768,6633.53344,59.1257599999999,47.7695999999996,1.05399167537689,0.00371712,1.05399167537689,0.00371712,0.258196765017829,0.659437498256595,0.659437498256595,0.686930259106898,6.28680290959475e-05,6.28680290959475e-05,0.807932109456178,35858.154296875,10299.6826171875,8153244.10271565,-832190.023187384,32861.7113591564,1458.28530059161,14877.3193359375,21768.922491084,20701.304382192
6681.30304,6743.42912,62.12608,47.1654399999998,1.08554410934448,0.00413696,1.08554410934448,0.00413696,0.233424010561973,0.679178506279314,0.679178506279314,0.621022560240193,6.65897478160541e-05,6.65897478160541e-05,0.759189055546395,36621.09375,10299.6826171875,7858586.52679554,-837333.202231599,33991.4827930684,1727.63568855049,14877.3193359375,22920.1318080894,21688.8374651113
6790.59456,6853.49888,62.9043200000006,47.5955199999999,0.896345496177673,0.0121856,0.896345496177673,0.0121856,0.252187747847299,0.560805028523217,0.560805028523217,0.67094332092181,0.000193716425199412,0.000193716425199412,0.756633566661231,36621.09375,10299.6826171875,8196866.3988921,-857553.459586981,34086.651017829,1674.20641519074,14781.9519042969,23349.2836074382,21509.1982606188
6901.0944,6965.97504,64.8806400000003,47.6569599999993,1.07044410705566,0.00555008,1.07044410705566,0.00555008,0.25034576760453,0.669731080872044,0.669731080872044,0.666042748424909,8.55429292929289e-05,8.55429292929289e-05,0.734532828282815,35858.154296875,10299.6826171875,7701281.56360515,-844827.234848745,35040.7043733209,1461.93823048471,14877.3193359375,23944.1813410102,22394.4066073531
7013.632,7076.66944,63.0374400000001,48.0870400000003,0.916321873664856,0.00492544,0.916321873664856,0.00492544,0.220590059646188,0.573303393265678,0.573303393265678,0.586877944883233,7.81351526965561e-05,7.81351526965561e-05,0.762833008447048,35858.154296875,10299.6826171875,8678234.3292901,-892263.481266952,35354.229582458,1830.94191859537,14781.9519042969,24108.4492712667,21761.1423971949
7124.75648,7189.97504,65.2185600000003,49.3875199999993,1.120121717453,0.01453056,1.120121717453,0.01453056,0.274995301142727,0.700812236335698,0.700812236335698,0.731622619106436,0.000222797927461139,0.000222797927461139,0.757261736536334,35476.6845703125,10299.6826171875,6957988.8377272,-780821.652294839,33819.3798496712,1364.52007930082,14829.6356201172,22483.1521660284,21328.5326224377
7239.36256,7307.37664,68.0140800000008,50.7289599999995,1.01149785518646,0.00712704,1.01149785518646,0.00712704,0.248551045171083,0.63285093298062,0.63285093298062,0.661267904920781,0.000104787714543811,0.000104787714543811,0.745859680819013,35476.6845703125,10299.6826171875,7209388.13736784,-815675.039317284,35110.9940704656,1463.60996720367,14829.6356201172,24015.6483356453,22127.3700886527
7358.1056,7425.57696,67.4713600000005,49.6947199999995,1.0904107093811,0.00584704,1.0904107093811,0.00584704,0.269152850593152,0.682223329714013,0.682223329714013,0.716078829975069,8.665958415541e-05,8.665958415541e-05,0.736530581271804,35476.6845703125,10299.6826171875,6405922.71387207,-742821.042825637,33378.2781075901,1441.67743032275,14829.6356201172,22111.2769253528,20956.9232362183
7475.27168,7547.0336,71.7619199999999,49.7561599999999,1.0479302406311,0.00715776,1.0479302406311,0.00715776,0.247586767415475,0.655645117863098,0.655645117863098,0.658702452296053,9.97431506849316e-05,9.97431506849316e-05,0.693350456621004,35476.6845703125,10299.6826171875,6382281.7591273,-763179.537824922,34867.8714024719,1427.27748902529,14877.3193359375,23729.7678163572,21899.9256231193
7596.78976,7667.18976,70.4000000000005,48.8550399999995,0.948418140411377,0.0064512,0.948418140411377,0.0064512,0.242828067412858,0.593384654191324,0.593384654191324,0.646041972116978,9.16363636363629e-05,9.16363636363629e-05,0.693963636363623,35476.6845703125,10299.6826171875,5851738.47221648,-707421.035298528,33260.1142652107,1679.18283627488,14829.6356201172,21960.0391692558,20800.288738675
7716.0448,7790.99136,74.9465600000003,47.9436800000003,1.16846656799316,0.00666624,1.16846656799316,0.00666624,0.266268828740422,0.73105954097631,0.73105954097631,0.708405914791839,8.8946577401284e-05,8.8946577401284e-05,0.639704877715536,34713.7451171875,10299.6826171875,5367722.90428678,-686703.890370344,33888.0448645141,1437.96029301474,21362.3046875,22610.0555605391,21315.6653228703
7838.93504,7914.87488,75.93984,51.7119999999995,1.08745181560516,0.01108992,1.08745181560516,0.01108992,0.257587799928789,0.680372076469043,0.680372076469043,0.685310112756992,0.000146035598705502,0.000146035598705502,0.680960086299886,34332.275390625,10299.6826171875,5648129.07022909,-706480.543178089,34186.0193177875,1376.97739753213,14829.6356201172,23106.024068941,21078.0537603169
7966.58688,8041.84064,75.2537600000005,50.1350399999992,1.16389167308807,0.01015808,1.16389167308807,0.01015808,0.271309156672654,0.728197224962361,0.728197224962361,0.721815663640678,0.000134984351612463,0.000134984351612463,0.666213090216341,34713.7451171875,10299.6826171875,5030845.20514251,-653406.495719251,33315.9517503356,1453.98996264019,14781.9519042969,21751.2631122067,20680.9732836808
8091.97568,8166.94272,74.9670400000005,53.30944,1.38711726665497,0.0086528,1.38711726665497,0.0086528,0.287930070372919,0.867859928575232,0.867859928575232,0.766035460716479,0.00011542139052042,0.00011542139052042,0.711105040295037,35476.6845703125,10299.6826171875,4738852.00754969,-620275.362629104,32271.2018154017,1608.77045129835,14877.3193359375,20726.7959168255,19867.5891151234
8220.25216,8298.68032,78.4281599999995,52.5414400000009,1.47578775882721,0.01043456,1.47578775882721,0.01043456,0.292495996395076,0.92333726192925,0.92333726192925,0.778183067388649,0.00013304608956783,0.00013304608956783,0.669930800365599,34713.7451171875,10299.6826171875,4653516.12684026,-634142.635112257,33608.8647544857,1603.32007484277,14877.3193359375,22096.8852907644,21110.9727301731
8351.22176,8429.1584,77.9366399999999,54.7225600000002,1.28763806819916,0.00950272,1.28763806819916,0.00950272,0.280844210079047,0.8056200501295,0.8056200501295,0.747183590719857,0.000121928787281566,0.000121928787281566,0.702141637104194,34713.7451171875,10299.6826171875,4581079.71575635,-611769.24889357,32368.0492382968,1516.24074540913,14877.3193359375,20995.410436783,19853.2124577663
8483.88096,8564.51072,80.6297599999998,56.4633599999997,1.12452900409698,0.00625664,1.12452900409698,0.00625664,0.269628332055277,0.703569687031472,0.703569687031472,0.717343844290625,7.75971551943106e-05,7.75971551943106e-05,0.7002794005588,34332.275390625,10299.6826171875,4365661.77487775,-613654.702166428,33500.5754333121,1341.60557681703,14829.6356201172,22031.891673798,21096.9735227578
8620.97408,8700.40576,79.4316799999997,56.0128000000004,1.47883546352386,0.01030144,1.47883546352386,0.01030144,0.279466702901691,0.925244080367706,0.925244080367706,0.743518744794318,0.000129689312878691,0.000129689312878691,0.70516952430064,35095.21484375,10299.6826171875,4755535.11004002,-640403.669155143,33556.5789735133,1632.16902496713,14829.6356201172,22256.1459145476,20863.8051502719
8756.41856,8837.34528,80.9267199999995,57.3542400000006,1.33556830883026,0.00970752,1.33556830883026,0.00970752,0.267972249798557,0.83560795108831,0.83560795108831,0.712937851777,0.000119954447678098,0.000119954447678098,0.70871820827535,35095.21484375,10299.6826171875,4645499.56760791,-623166.595396688,32879.7166065503,1635.37384997104,14829.6356201172,21790.2493887647,20006.8293677168
8894.69952,8975.57504,80.8755199999996,59.2896000000001,1.22257506847382,0.01401856,1.22257506847382,0.01401856,0.297772341917912,0.764912914797899,0.764912914797899,0.792220738994986,0.000173335021524437,0.000173335021524437,0.733096986578885,35858.154296875,10299.6826171875,4638772.27755477,-620202.853313061,32757.2295193299,1729.50209598332,14686.5844726562,21642.7726123203,19817.7158437188
9034.86464,9117.94176,83.0771199999999,60.2009600000001,1.3408864736557,0.01755136,1.3408864736557,0.01755136,0.297730650113288,0.838935299292032,0.838935299292032,0.792109818309552,0.000211265869592013,0.000211265869592013,0.724639467521264,35476.6845703125,10299.6826171875,4617581.10005105,-638129.06470283,34007.3092000468,1454.65880833791,14877.3193359375,22949.0303629581,21144.2673188422
9178.14272,9261.76256,83.6198399999994,59.3715200000006,1.59831929206848,0.0101376,1.59831929206848,0.0101376,0.342570752237171,1,1,0.911406522000677,0.00012123438648053,0.00012123438648053,0.710017144256686,35476.6845703125,10299.6826171875,3751272.20036835,-557844.822594701,32850.0704331832,1662.7352855772,21982.1929931641,21061.0899154692,20416.9580760813
9321.13408,9404.5696,83.4355200000009,58.501119999999,1.48371195793152,0.00910336,1.48371195793152,0.00910336,0.30401253532993,0.928295094287048,0.928295094287048,0.808822719570146,0.000109106529209621,0.000109106529209621,0.701153657339205,35095.21484375,10299.6826171875,4000636.48721614,-566422.842731081,32126.3199919587,1799.29909950573,14686.5844726562,20688.5726499931,19409.4095358007
9463.07072,9547.8784,84.8076799999999,63.1603200000009,1.24458837509155,0.01839104,1.24458837509155,0.01839104,0.335576511260551,0.778685698951213,0.778685698951213,0.892798404404804,0.000216855831924656,0.000216855831924656,0.744747645496268,34713.7451171875,10299.6826171875,3871828.37462963,-571946.099961542,33123.4212783194,1406.59276004188,14877.3193359375,21586.0046050437,20657.905714625
9611.03872,9697.46432,86.4255999999987,64.6656000000003,1.46073019504547,0.01690624,1.46073019504547,0.01690624,0.339789962506458,0.913916388480209,0.913916388480209,0.904008254984788,0.000195616113744079,0.000195616113744079,0.74822274881518,34713.7451171875,10299.6826171875,4100532.40198971,-593039.483168788,33696.9086212175,1531.77020626136,14925.0030517578,22258.8597972564,20625.3406666756
9762.12992,9845.97504,83.84512,67.624960000001,1.36794722080231,0.01907712,1.36794722080231,0.01907712,0.37587042002418,0.855866051039129,0.855866051039129,1,0.000227528089887641,0.000227528089887641,0.8065461651197,35476.6845703125,10299.6826171875,3775608.60439041,-569175.897740495,33542.2929350313,1500.49019806931,14781.9519042969,21721.7797175023,21180.0772979372
9913.6,9997.01504,83.4150399999999,74.6393599999992,1.50084292888641,0.01800192,1.50084292888641,0.01800192,0.370011754067553,0.939013209897556,0.939013209897556,0.984413069918484,0.000215811441198134,0.000215811441198134,0.894794991406818,35858.154296875,10299.6826171875,3931242.33057131,-585398.868921189,33784.0293670868,1525.53676271234,14925.0030517578,22108.4785001706,21477.215075536
10071.6544,10151.95648,80.3020800000013,118.016,1.34750950336456,0.01814528,1.34750950336456,0.01814528,0.342331294289674,0.843079045627154,0.843079045627154,0.910769446203433,0.000225962764600863,0.000225962764600863,1.46965059933688,35095.21484375,9918.212890625,4267023.97656606,-616277.879010819,34174.2086337276,1149.24029781246,19788.7420654297,22531.085885631,21972.8155003617
10269.97248,10315.3152,45.3427199999987,0,0.128457903862,0.03316736,0.0855526998639107,0.01115136,0.0438808557519752,0.0803706146196574,0.0535266640955023,0.116744637019195,0.000731481481481502,0.0002459349593496,0,20217.8955078125,11444.091796875,3675299.03746552,-325040.946313071,19247.8724888393,423.450944143584,12683.8684082031,7191.23719087952,7181.9645131401
