note.starts,note.ends,note.durs,INI,pk.amps,pk.times,qpk.amps,qpk.times,note.rmss,rel.pk.amps,rel.qpk.amps,rel.note.rmss,rel.pk.tm,rel.qpk.tm,rel.INI,max.Hz,min.Hz,FMa,FMb,FMc,FM.resid,note.DF,arcL,chordL
998.17472,1014.28224,16.10752,33.3619200000001,0.108308464288712,0.00397312,0.108308464288712,0.00397312,0.0235566510682313,0.0469212243059866,0.0469212243059866,0.0503453095034531,0.00024666242848061,0.00024666242848061,2.07120152574698,33569.3359375,14877.3193359375,120006125.139303,-2984523.672711,35581.4839457418,2375.32863023328,32234.1918945312,20174.7843185142,16937.4215017548
1047.64416,1065.65632,18.01216,27.0950399999999,0.207664713263512,0.00323584,0.207664713263512,0.00323584,0.0488580358910653,0.0899641838287166,0.0899641838287166,0.104419466567715,0.00017964752700398,0.00017964752700398,1.50426378624218,27847.2900390625,14877.3193359375,83571733.1723333,-1995851.14247524,28059.823172433,2671.20685609066,22506.7138671875,14996.608046177,8835.75184733118
1092.75136,1111.13216,18.3808000000001,27.7503999999999,0.235484585165977,0.00219136,0.235484585165977,0.00219136,0.0548064962868453,0.102016265429835,0.102016265429835,0.117132524923384,0.000119220055710306,0.000119220055710306,1.50974930362115,30136.1083984375,11062.6220703125,82136409.2878792,-2317959.24406862,30258.4031048943,1416.96063935243,25749.2065429688,17851.5409505901,14855.8465674639
1138.88256,1157.26336,18.3807999999999,28.22144,0.269081503152847,0.00259072,0.269081503152847,0.00259072,0.0629795653334928,0.116571069943078,0.116571069943078,0.134600020177898,0.000140947075208914,0.000140947075208914,1.53537604456825,31661.9873046875,14114.3798828125,102464183.801459,-2721118.78558781,32484.3911563649,1149.80247179859,23460.3881835938,20733.663871098,15398.4254276317
1185.4848,1207.9616,22.4768000000001,23.5417599999998,0.29094386100769,0.00591872,0.283991038799286,0.00442368,0.072192516566445,0.126042246581964,0.123030155767616,0.154289953178974,0.000263325740318905,0.000196810933940773,1.04738041002277,32806.396484375,13351.4404296875,74559095.2811991,-2390290.98773073,32980.4002192982,1511.4650272107,23269.6533203125,22256.8344256741,16058.3500517208
1231.50336,1252.29056,20.7872,26.85952,0.382690757513046,0.00415744,0.382690757513046,0.00415744,0.0808294678601737,0.165788694272615,0.165788694272615,0.172748858258034,0.0002,0.0002,1.29211822660098,32424.9267578125,14114.3798828125,96522540.9714378,-2617174.18232197,32784.4245761048,1766.93194889474,22697.4487304688,22786.2831336881,12695.5915452608
1279.15008,1302.07744,22.9273600000001,24.1356799999999,0.399689257144928,0.0024576,0.399689257144928,0.0024576,0.0950373237844541,0.17315275782324,0.17315275782324,0.203113908952911,0.000107190710138454,0.000107190710138454,1.05270209915139,32043.45703125,11444.091796875,65822820.1906244,-2210644.66583255,31916.3004557292,2137.46614226219,22697.4487304688,21038.4428223769,16083.5698904042
1326.21312,1349.98016,23.7670400000002,24.4428799999998,0.376913249492645,0.00246784,0.376913249492645,0.00246784,0.091667960920338,0.163285771241297,0.163285771241297,0.195912901656414,0.00010383455407152,0.00010383455407152,1.02843601895733,32043.45703125,11825.5615234375,74063971.4938645,-2409628.10816577,32150.1538269502,1423.07334136759,25272.3693847656,23764.8756526188,15433.0498273
1374.42304,1398.49728,24.0742400000001,23.56224,0.426129996776581,0.0045056,0.426129996776581,0.0045056,0.0981982868999267,0.184607373888757,0.184607373888757,0.209869523998382,0.000187154402381964,0.000187154402381964,0.97873245427477,32043.45703125,11825.5615234375,74538635.6205655,-2374362.82989305,31663.7082207472,1360.98451988463,24127.9602050781,23855.9435406858,13960.6957522182
1422.05952,1446.63552,24.576,23.3779199999999,0.531329274177551,0.00507904,0.531329274177551,0.00507904,0.115150464483207,0.230181641091003,0.230181641091003,0.246099743001741,0.000206666666666666,0.000206666666666666,0.951249999999995,34332.275390625,11825.5615234375,77402988.1092785,-2554782.55079459,33587.1187367833,1347.56379787425,23460.3881835938,26125.4976834285,16036.4965483741
1470.01344,1494.53824,24.5248000000001,24.2687999999998,0.513462424278259,0.00251904,0.513462424278259,0.00251904,0.119067290846149,0.222441392189206,0.222441392189206,0.254470790097632,0.000102713987473903,0.000102713987473903,0.989561586638818,33569.3359375,11825.5615234375,74047603.7653575,-2484299.19196918,33375.4460614426,1403.44790725931,23365.0207519531,25284.3191457463,16389.8384727343
1518.80704,1544.45824,25.6512,24.8012800000001,0.599147975444794,0.00360448,0.599147975444794,0.00360448,0.135645485689535,0.259561953287274,0.259561953287274,0.289901732636166,0.000140518962075848,0.000140518962075848,0.966866267465074,35095.21484375,11825.5615234375,69967575.4411752,-2426499.53779258,33374.6377523843,1309.37824596881,23365.0207519531,25870.8412548662,16205.0754859513
1569.25952,1596.5184,27.2588799999999,24.0025600000001,0.617884457111359,0.00428032,0.617884457111359,0.00428032,0.126353142607567,0.267678942709619,0.267678942709619,0.270042123257952,0.000157024793388431,0.000157024793388431,0.880540946656658,33569.3359375,13351.4404296875,61563943.7025789,-2197072.3704039,32199.1897315914,1277.18195383147,23269.6533203125,25059.3197004661,14144.8568097535
1620.52096,1648.61952,28.0985599999999,22.5689600000001,0.652069449424744,0.0032768,0.652069449424744,0.0032768,0.134496205029117,0.282488511867197,0.282488511867197,0.287445488308927,0.00011661807580175,0.00011661807580175,0.803206997084553,34332.275390625,13351.4404296875,60886737.0224271,-2230711.64651898,32990.7232593642,1305.26074653804,25939.94140625,26255.4397749936,14607.9359377597
1671.18848,1699.45088,28.2624000000001,24.1459199999999,0.669788002967834,0.00248832,0.669788002967834,0.00248832,0.147799575434952,0.2901645160524,0.2901645160524,0.315877471216043,8.80434782608693e-05,8.80434782608693e-05,0.854347826086952,34332.275390625,11062.6220703125,61701694.6350825,-2287818.25907524,33444.5666889899,1286.41491881585,16975.4028320312,27040.4965587902,15374.1883960896
1723.5968,1751.58272,27.9859200000001,25.36448,0.73327761888504,0.00498688,0.73327761888504,0.00498688,0.163092091854362,0.31766938863199,0.31766938863199,0.348560659925331,0.000178192462495426,0.000178192462495426,0.906330040248807,33569.3359375,13351.4404296875,56952999.3151866,-2136896.57474039,32508.6088519794,1365.39991483231,22602.0812988281,24891.8147061243,15196.7601360508
1776.9472,1805.94688,28.9996799999999,21.6064000000001,0.857352375984192,0.00355328,0.857352375984192,0.00355328,0.18539594779032,0.371420861767473,0.371420861767473,0.396228493819198,0.000122528248587571,0.000122528248587571,0.745056497175148,33950.8056640625,13351.4404296875,52232514.0664981,-2019224.08575934,32434.8781419837,1316.21143666938,23555.7556152344,24399.6853762227,14630.2774355297
1827.55328,1856.73728,29.184,23.98208,0.779678761959076,0.00371712,0.779678761959076,0.00371712,0.181040902250099,0.337771219606413,0.337771219606413,0.386920884049499,0.000127368421052632,0.000127368421052632,0.821754385964913,35476.6845703125,12969.970703125,60996442.8549,-2388699.76060899,35592.7840523098,1298.21271719691,23460.3881835938,29011.5088322321,17760.7862389493
1880.71936,1910.09792,29.3785599999999,24.6988800000001,1.00008165836334,0.00398336,1.00008165836334,0.00398336,0.213351466437194,0.433253819307087,0.433253819307087,0.455975069617677,0.000135587312652493,0.000135587312652493,0.840711049146052,35095.21484375,12969.970703125,54244832.4792857,-2147709.85562155,33700.3624957541,1215.48337511291,23460.3881835938,26239.1305870954,16277.9194607341
1934.7968,1965.83424,31.0374399999998,21.6576,0.897918045520782,0.00622592,0.897918045520782,0.00622592,0.202576794134801,0.388994657979514,0.388994657979514,0.432947424037198,0.000200593863411416,0.000200593863411416,0.697789508413069,35095.21484375,13351.4404296875,51904361.0159584,-2133021.8578953,34921.0592416617,1446.87916363223,23460.3881835938,27625.6323667074,16202.8896845437
1987.49184,2018.6112,31.1193600000001,23.74656,1.06915867328644,0.00474112,1.06915867328644,0.00474112,0.23824285164035,0.463179256186653,0.463179256186653,0.509172974888371,0.000152352747614346,0.000152352747614346,0.763079960513325,36239.6240234375,9918.212890625,46943969.6061479,-2068643.45932023,35120.4505333534,2074.46406856767,23460.3881835938,26665.0142888609,18913.6365317963
2042.35776,2073.86624,31.5084799999997,23.67488,1.01462030410767,0.00580608,1.01462030410767,0.00580608,0.252763906254638,0.439552228785558,0.439552228785558,0.540207394286755,0.000184270393240171,0.000184270393240171,0.751381215469621,35476.6845703125,11825.5615234375,47173132.9006468,-2054821.27832264,34837.2500166934,1667.10088966159,23365.0207519531,26841.5732291422,17911.5488642047
2097.54112,2129.4592,31.9180799999999,24.0537600000002,1.04626500606537,0.0050176,1.04626500606537,0.0050176,0.26405122409374,0.453261297309468,0.453261297309468,0.564330666666496,0.0001572024382419,0.0001572024382419,0.753609239653522,35858.154296875,12207.03125,44297527.3704954,-1974884.70407932,34746.6102013221,1501.34662660811,23365.0207519531,26116.6304831914,17905.8092928475
2153.51296,2185.73824,32.2252800000001,23.1423999999997,1.00358009338379,0.00416768,1.00358009338379,0.00416768,0.266245267133413,0.434769405880974,0.434769405880974,0.569019778695887,0.000129329520177947,0.000129329520177947,0.718144264378762,35858.154296875,12207.03125,44033483.2472104,-1991204.91223956,35153.2504089877,1549.71763133409,22792.8161621094,26581.6456558553,18439.7430036398
2208.88064,2242.048,33.1673599999999,23.2960000000003,1.2427943944931,0.00485376,1.2427943944931,0.00485376,0.279604997691935,0.538401453046098,0.538401453046098,0.597572214604682,0.000146341463414635,0.000146341463414635,0.702377276937336,35476.6845703125,12207.03125,40315058.3056803,-1866902.33957127,34033.2478394002,1661.73716820407,20694.7326660156,25655.4150419922,17570.683828749
2265.344,2299.136,33.7919999999999,23.9923199999998,1.2504506111145,0.00398336,1.2504506111145,0.00398336,0.284631784878507,0.541718267293139,0.541718267293139,0.608315471614472,0.000117878787878788,0.000117878787878788,0.709999999999997,36239.6240234375,12969.970703125,40111720.7553827,-1905910.0009783,35465.5059702667,1431.96779820073,22792.8161621094,26678.7304138659,18600.9663447445
2323.12832,2357.10464,33.9763200000002,24.7705599999999,1.15554201602936,0.00548864,1.15554201602936,0.00548864,0.287718100130359,0.500602113465259,0.500602113465259,0.61491154913541,0.000161543098251958,0.000161543098251958,0.729053646775159,36239.6240234375,12588.5009765625,39942272.7968013,-1902845.03714815,35257.071656913,1509.75544910358,22792.8161621094,26782.9546825248,18542.6987875085
2381.8752,2416.9984,35.1232,22.5484799999999,1.51624715328217,0.00536576,1.51624715328217,0.00536576,0.301893366440967,0.656866231551593,0.656866231551593,0.645206949259745,0.000152769679300292,0.000152769679300292,0.641982507288628,36239.6240234375,12588.5009765625,37929231.0488545,-1845339.20853202,34901.4524429563,1567.32552822903,20694.7326660156,26866.6405195419,18023.2326667621
2439.54688,2475.008,35.4611199999999,22.55872,1.34362435340881,0.007168,1.34362435340881,0.007168,0.311557034301958,0.582082850895449,0.582082850895449,0.665860154504878,0.000202136875541438,0.000202136875541438,0.636153624025412,36621.09375,12207.03125,40279532.6647088,-1948606.27972527,35718.1567863878,1484.45895427013,22220.6115722656,28685.3394684141,18448.6100330237
2497.56672,2533.7856,36.2188800000004,23.3676799999998,1.37278366088867,0.00782336,1.37278366088867,0.00782336,0.320124721846081,0.594715200692438,0.594715200692438,0.684171028995841,0.000216002261803786,0.000216002261803786,0.645179530675703,37384.033203125,12588.5009765625,40725940.3900749,-1977068.62749731,36672.3008930977,1576.47799867982,22220.6115722656,29806.4670322285,18182.6267527846
2557.15328,2592.65536,35.5020800000002,22.5689599999996,1.29043710231781,0.00335872,1.29043710231781,0.00335872,0.327992521884468,0.559041152769185,0.559041152769185,0.700986102874404,9.46062878569363e-05,9.46062878569363e-05,0.63570810498989,37002.5634765625,12207.03125,37802086.649588,-1871285.25316555,35267.1580948853,1589.30939419616,20599.365234375,27527.488965659,18788.8562848902
2615.22432,2652.07808,36.8537600000004,22.7020799999996,1.48792827129364,0.00781312,1.48792827129364,0.00781312,0.323942465671399,0.644597969577751,0.644597969577751,0.692330316745777,0.000212003334259514,0.000212003334259514,0.616004445679337,37765.5029296875,10299.6826171875,33769112.144389,-1845064.25067672,36893.5115080124,1766.61021387449,22506.7138671875,28272.6113041076,22132.3595895424
2674.78016,2712.14592,37.3657600000001,23.73632,1.44158804416656,0.0079872,1.44158804416656,0.0079872,0.342577642376209,0.624522528515048,0.624522528515048,0.732157443960834,0.000213757193751712,0.000213757193751712,0.6352425322006,37765.5029296875,12588.5009765625,35731315.7350625,-1898296.14680193,37276.1693494073,1569.11086478026,22506.7138671875,29382.1358988935,21043.2144729461
2735.88224,2773.87264,37.9904000000001,23.1526399999998,1.45202445983887,0.00858112,1.45202445983887,0.00858112,0.346308950148274,0.629043776267258,0.629043776267258,0.740132000449919,0.00022587601078167,0.00022587601078167,0.609433962264143,37384.033203125,12207.03125,34086671.5666558,-1828905.21943314,36951.7291348026,1409.57175783505,22506.7138671875,28779.9953827165,20284.5536002848
2797.02528,2836.54144,39.5161600000001,21.5449600000002,1.61343312263489,0.00871424,1.61343312263489,0.00871424,0.350144344849712,0.698968985914707,0.698968985914707,0.748329011678403,0.000220523451671417,0.000220523451671417,0.545218968644729,37765.5029296875,12207.03125,31503939.5790906,-1772864.07026524,36917.2641608722,1375.70086188082,22506.7138671875,29020.8659423688,20862.5311140745
2858.0864,2897.94048,39.8540800000001,21.5654399999999,1.54645597934723,0.008192,1.54645597934723,0.008192,0.346270001567641,0.669953252156381,0.669953252156381,0.740048759485785,0.000205549845837615,0.000205549845837615,0.541109969167519,38146.97265625,12588.5009765625,31155907.2829698,-1747912.88464363,36707.5117452403,1513.14218843826,22506.7138671875,28855.7893660344,20175.0464924468
2919.50592,2959.21664,39.71072,24.29952,1.32395195960999,0.00662528,1.32395195960999,0.00662528,0.329255913446928,0.573560407076008,0.573560407076008,0.703686225190258,0.000166838576585869,0.000166838576585869,0.611913357400722,37384.033203125,12207.03125,30741917.2533101,-1743017.4873349,36778.9674014989,1237.52694287914,22506.7138671875,28674.888212255,20738.2809618917
2983.51616,3025.83808,42.3219199999999,20.8076799999999,1.50045740604401,0.00371712,1.50045740604401,0.00371712,0.331668353763671,0.650025821831429,0.650025821831429,0.708842096203213,8.78296636825553e-05,8.78296636825553e-05,0.491652552625211,37002.5634765625,11825.5615234375,24360597.9284465,-1467750.38976764,33773.9132851294,1848.99856335289,21362.3046875,25732.0653127763,18484.6535310999
3046.64576,3089.98144,43.3356800000001,19.6915199999999,1.39480352401733,0.0054272,1.39480352401733,0.0054272,0.321730033206089,0.604254611520875,0.604254611520875,0.687601902808713,0.00012523629489603,0.00012523629489603,0.454395085066158,37002.5634765625,11825.5615234375,26036313.1331991,-1570440.96833851,35712.7256420146,1492.53762957322,21362.3046875,28201.9802389407,19160.421695187
3109.67296,3154.25792,44.5849600000001,21.7190399999999,1.41775298118591,0.01009664,1.41775298118591,0.01009664,0.334398722936541,0.614196739632277,0.614196739632277,0.714677445237706,0.000226458429030776,0.000226458429030776,0.487138263665592,37384.033203125,11825.5615234375,25242656.7571124,-1589282.78615314,36810.6012332087,1439.38604721756,21743.7744140625,29350.498717886,20680.2853650074
3175.97696,3220.97152,44.9945600000001,21.2172799999998,1.35454380512238,0.01014784,1.35454380512238,0.01014784,0.308897795209087,0.586813358769559,0.586813358769559,0.660176824782565,0.000225534820209376,0.000225534820209376,0.471552116522526,38146.97265625,11825.5615234375,24347901.0039165,-1552750.91800407,36521.3322976995,1518.50365637016,21743.7744140625,28939.4426981512,20572.7648240971
3242.1888,3287.7056,45.5167999999999,20.0704000000001,1.23815393447876,0.00586752,1.23815393447876,0.00586752,0.305746338878158,0.536391120182034,0.536391120182034,0.65344152765108,0.000128908886389202,0.000128908886389202,0.440944881889766,37765.5029296875,10681.15234375,23984191.5773399,-1571271.3370826,37211.021708092,1412.20017338337,21362.3046875,29639.9053623164,21829.2967813992
3307.776,3353.28256,45.5065600000003,20.7667200000001,1.32805979251862,0.00365568,1.32805979251862,0.00365568,0.28886213028058,0.575339996054424,0.575339996054424,0.617356572064489,8.03330333033299e-05,8.03330333033299e-05,0.456345634563455,37002.5634765625,10681.15234375,22355904.2075189,-1470092.8667069,35897.7250304155,1341.42650356212,32329.5593261719,27732.4274360989,20603.2120161729
3374.04928,3418.3168,44.2675199999999,21.9033599999998,1.38261604309082,0.00447488,1.38261604309082,0.00447488,0.285266060819933,0.598974770004947,0.598974770004947,0.609671047094586,0.000101087207957437,0.000101087207957437,0.49479528105482,37765.5029296875,11062.6220703125,24949626.1581793,-1605035.11746094,37541.5363899466,1370.25635814015,14209.7473144531,29467.5503267309,22159.3042409506
3440.22016,3488.06144,47.8412800000001,22.8147199999999,1.23564910888672,0.00436224,1.23564910888672,0.00436224,0.289452052455851,0.535305983538066,0.535305983538066,0.618617354609977,9.11815068493149e-05,9.11815068493149e-05,0.476883561643832,37002.5634765625,11062.6220703125,21486097.5623193,-1488969.24779322,37395.6371624186,1364.35151003104,32234.1918945312,29535.1351851203,22057.0708798268
3510.87616,3556.63872,45.7625600000001,25.7024000000001,1.42624247074127,0.0045568,1.42624247074127,0.0045568,0.29992870201939,0.617874543082693,0.617874543082693,0.6410080655522,9.95748489594985e-05,9.95748489594985e-05,0.56164690087268,37002.5634765625,11062.6220703125,22607291.6052998,-1535997.97289268,37807.7248041848,1599.29572361852,32234.1918945312,29233.1003461024,22946.7403386213
3582.34112,3630.45888,48.1177600000001,22.8863999999999,1.60428726673126,0.00360448,1.60428726673126,0.00360448,0.337556894601214,0.695006832456596,0.695006832456596,0.721427094390399,7.49095552245157e-05,7.49095552245157e-05,0.475633113428385,37002.5634765625,10681.15234375,19021172.094842,-1354788.6987914,35558.9140660263,1467.02495624632,18882.7514648438,27098.2926889427,21149.3195884738
3653.34528,3699.7632,46.4179199999999,26.9107200000003,1.45033240318298,0.00369664,1.45033240318298,0.00369664,0.266166693391977,0.628310746116655,0.628310746116655,0.568851850779479,7.96382086918158e-05,7.96382086918158e-05,0.579748510919929,37002.5634765625,10681.15234375,20763790.7241647,-1474351.88375141,37725.3934408941,1629.70640934051,14209.7473144531,28645.6475829105,23698.2005609255
3726.67392,3776.03072,49.3568,22.7737599999996,1.68365633487701,0.00436224,1.68365633487701,0.00436224,0.306740286623623,0.729390976612651,0.729390976612651,0.655565794242742,8.83817427385892e-05,8.83817427385892e-05,0.461410788381734,36621.09375,11062.6220703125,19144534.0652573,-1365114.49350473,35899.4673138205,1264.69107474547,14162.0635986328,27930.4373307422,20739.8040878025
3798.80448,3848.43776,49.63328,24.2380800000001,1.45422673225403,0.00472064,1.45422673225403,0.00472064,0.311968535997858,0.629997841294893,0.629997841294893,0.666739616537969,9.51103775531256e-05,9.51103775531256e-05,0.4883433051372,36239.6240234375,11062.6220703125,18343765.9173213,-1336088.419753,36072.8275438069,1196.40769273223,14162.0635986328,27532.470572314,21125.2714979182
3872.67584,3921.27488,48.5990400000001,27.6070399999999,1.39375066757202,0.00453632,1.39375066757202,0.00453632,0.327578901101587,0.603798494690515,0.603798494690515,0.700102111925484,9.33417614833543e-05,9.33417614833543e-05,0.56805731142014,36621.09375,10681.15234375,17201836.1184946,-1280804.19864249,35729.9681134552,1487.53017497614,16164.7796630859,26065.275779757,21617.4107654881
3948.88192,3998.64832,49.7664,29.1123200000002,1.59641778469086,0.00442368,1.59641778469086,0.00442368,0.333057809522473,0.691597627696703,0.691597627696703,0.71181164310594,8.88888888888889e-05,8.88888888888889e-05,0.584979423868317,37002.5634765625,10681.15234375,17676627.8522266,-1323638.05860957,36772.8322141084,1430.81699466674,31995.7733154297,27465.3763951438,22093.0928809065
4027.76064,4081.1008,53.3401600000002,24.6374399999995,1.36437273025513,0.00457728,1.36437273025513,0.00457728,0.293676407262952,0.591071430415845,0.591071430415845,0.62764565195156,8.58130159339602e-05,8.58130159339602e-05,0.461892877711642,36621.09375,10299.6826171875,15543039.3027577,-1238936.58211431,36210.8770138189,1528.713046425,14162.0635986328,27515.4145773902,21862.4449052068
4105.73824,4157.41952,51.6812800000007,28.8768,1.54495596885681,0.00507904,1.54495596885681,0.00507904,0.295939887435429,0.669303419946642,0.669303419946642,0.632483165123879,9.82762036853563e-05,9.82762036853563e-05,0.558747770953034,36621.09375,11062.6220703125,14278524.6166648,-1177915.02047998,36316.5160920147,1511.46712339147,31948.0895996094,25847.5274352915,22738.8635209268
4186.29632,4239.6672,53.3708799999995,28.2419200000004,1.62731623649597,0.00436224,1.62731623649597,0.00436224,0.303226972535667,0.704983406891124,0.704983406891124,0.648057134177751,8.17344589409064e-05,8.17344589409064e-05,0.529163468917894,36621.09375,10681.15234375,13410590.086959,-1112481.50636591,35106.8372906495,1591.50545533589,14162.0635986328,24968.4884310821,21174.7104880755
4267.90912,4323.15392,55.2447999999995,27.1872000000003,1.69240915775299,0.00428032,1.69240915775299,0.00428032,0.321774306114683,0.73318286091432,0.73318286091432,0.687696522934441,7.74791473586661e-05,7.74791473586661e-05,0.49212233549584,36621.09375,10681.15234375,12464121.0522419,-1067772.54703321,34756.2202523509,1665.22232421106,14162.0635986328,24788.2905234953,20948.5338338059
4350.34112,4407.5008,57.1596799999998,28.0473600000005,1.55002057552338,0.00566272,1.55002057552338,0.00566272,0.308295187051879,0.671497500963154,0.671497500963154,0.658888929737719,9.90684342529564e-05,9.90684342529564e-05,0.49068434252957,36239.6240234375,10681.15234375,11189508.9506242,-1045509.23851287,36420.5834108536,1442.51739159392,14162.0635986328,25642.1254246831,23202.2851731897
4435.54816,4492.30848,56.7603199999994,28.1702400000004,1.78694403171539,0.00444416,1.78694403171539,0.00444416,0.316469865205844,0.774137111859141,0.774137111859141,0.676359863978771,7.82969511095083e-05,7.82969511095083e-05,0.496301641710277,36621.09375,10681.15234375,10639886.3746473,-988032.934607235,34990.8006992265,1718.05058512863,14162.0635986328,24072.7974162523,21802.1826315879
4520.47872,4578.67264,58.1939199999997,30.9247999999998,1.76200413703918,0.004096,1.76200413703918,0.004096,0.315451697107779,0.763332689509003,0.763332689509003,0.67418383361371,7.03853598451526e-05,7.03853598451526e-05,0.531409466830898,36239.6240234375,10681.15234375,10664427.435732,-991237.924205131,35215.7371631567,1549.63197834668,14162.0635986328,24498.2290498609,21568.5922238729
4609.59744,4666.37824,56.7808000000005,28.8870399999996,1.57520031929016,0.00362496,1.57520031929016,0.00362496,0.304225735651955,0.682405830362962,0.682405830362962,0.650191692187057,6.3841298467087e-05,6.3841298467087e-05,0.508746618575282,36239.6240234375,10681.15234375,11863294.7168417,-1034075.62268142,34466.31751984,1700.94883504364,14162.0635986328,24600.4277349039,20467.6760652523
4695.26528,4754.55488,59.2896000000001,29.8291200000003,1.71088898181915,0.004096,1.71088898181915,0.004096,0.313119950533825,0.741188661530532,0.741188661530532,0.669200421387187,6.90846286701208e-05,6.90846286701208e-05,0.50310880829016,35858.154296875,10681.15234375,9137873.40054815,-889260.694620845,33655.6606663255,1808.42716457786,29277.8015136719,22667.6757319035,20601.9404757986
4784.384,4843.9296,59.5456000000004,31.0476799999997,1.54640293121338,0.00520192,1.54640293121338,0.00520192,0.268731124314041,0.669930270726409,0.669930270726409,0.574332556338924,8.73602751504724e-05,8.73602751504724e-05,0.52141014617368,35858.154296875,10681.15234375,12412320.1804202,-1098477.46697819,36002.9257634081,1635.4470116415,14162.0635986328,27207.6559211023,21399.4033151377
4874.97728,4935.94624,60.9689600000002,29.6550399999996,1.84486830234528,0.00357376,1.84486830234528,0.00357376,0.291918542324209,0.799230974216385,0.799230974216385,0.623888740404585,5.86160564326502e-05,5.86160564326502e-05,0.486395700369492,36239.6240234375,11062.6220703125,9268801.0950994,-908238.979006976,34385.9428640971,1713.15791135557,14162.0635986328,23578.3707895105,20920.2680139128
4965.60128,5027.59424,61.9929600000005,33.3619199999994,1.87306690216064,0.0054784,1.87306690216064,0.0054784,0.30214278972829,0.811447127734403,0.811447127734403,0.64574001707831,8.83713247439702e-05,8.83713247439702e-05,0.538156590683831,35858.154296875,10681.15234375,9359103.17489,-915048.270206191,34450.998111647,1696.15788898025,14162.0635986328,23974.3497408398,20758.3278676323
5060.95616,5125.02784,64.07168,30.7200000000003,1.67480862140656,0.00504832,1.67480862140656,0.00504832,0.310238014619381,0.725557983955347,0.725557983955347,0.663041143688438,7.87917532363752e-05,7.87917532363752e-05,0.479463001438393,36239.6240234375,10681.15234375,8231178.92883505,-838448.602405704,33237.5076495442,1903.88332030285,14162.0635986328,22772.8978872678,19930.3379694792
5155.74784,5218.75456,63.0067200000003,33.6281599999993,2.06981492042542,0.00585728,2.06981492042542,0.00585728,0.333183200376376,0.896681997948714,0.896681997948714,0.712079628624354,9.29627823825771e-05,9.29627823825771e-05,0.533723386965694,36239.6240234375,10681.15234375,8645056.09785766,-880197.631278208,34279.3184168199,1785.01971799728,29277.8015136719,23669.9208396313,21138.81771401
5252.38272,5318.01088,65.6281600000002,35.7376000000004,1.77165973186493,0.00548864,1.77165973186493,0.00548864,0.313423799926103,0.767515671269494,0.767515671269494,0.669849808757758,8.36323919488217e-05,8.36323919488217e-05,0.544546731159311,35858.154296875,10299.6826171875,7927746.46315064,-871142.867111247,35460.1725621705,1655.84551684833,14209.7473144531,24836.6501382313,23026.2603708156
5353.74848,5418.5472,64.7987199999998,36.4236799999999,2.00563025474548,0.00366592,2.00563025474548,0.00366592,0.307550813019553,0.868876016992831,0.868876016992831,0.657298052454897,5.65739570164351e-05,5.65739570164351e-05,0.562104930467762,36239.6240234375,10299.6826171875,8175194.75331147,-852917.73151692,33902.1984808046,1652.05659791139,14209.7473144531,23551.0828768481,20941.3636440683
5454.97088,5521.53088,66.5600000000004,36.4851199999994,1.88505041599274,0.006144,1.88505041599274,0.006144,0.335308129729882,0.816638606943181,0.816638606943181,0.716621030781452,9.23076923076918e-05,9.23076923076918e-05,0.548153846153833,35858.154296875,10299.6826171875,7524114.81661402,-816798.195239949,34046.1323856239,1614.55341849666,29277.8015136719,23302.235806545,21032.501604455
5558.016,5629.44,71.424,36.2803200000008,2.14095687866211,0.00621568,2.14095687866211,0.00621568,0.354284530346137,0.927502006356302,0.927502006356302,0.757177422244723,8.70250896057348e-05,8.70250896057348e-05,0.507956989247323,36239.6240234375,10299.6826171875,6962966.4668775,-799240.126751096,34506.479029939,1587.45976072888,29277.8015136719,24306.0354473438,21564.1347943618
5665.72032,5732.94592,67.2255999999998,38.6355199999998,1.98158717155457,0.00613376,1.98158717155457,0.00613376,0.326279487144341,0.858460109918372,0.858460109918372,0.697325002494216,9.12414318354916e-05,9.12414318354916e-05,0.574714394516374,35476.6845703125,10299.6826171875,7273842.30425463,-820331.453410677,34905.5872946242,1529.7373722706,29277.8015136719,23983.0628569726,22274.7346834901
5771.58144,5841.09056,69.5091199999997,41.1238400000002,1.87124955654144,0.00539648,1.87124955654144,0.00539648,0.318892635269426,0.810659820094136,0.810659820094136,0.68153781174195,7.76370064820274e-05,7.76370064820274e-05,0.5916322922805,36239.6240234375,10299.6826171875,7112338.27660607,-807816.684837807,34728.5800509982,1722.94607845263,29277.8015136719,24088.523748948,21787.2381633768
5882.2144,5952.65536,70.4409599999999,36.2803199999998,1.95611310005188,0.00647168,1.95611310005188,0.00647168,0.337566927903284,0.847424272314969,0.847424272314969,0.721448537578423,9.18738188690218e-05,9.18738188690218e-05,0.515045791539467,35858.154296875,9918.212890625,6471865.68393041,-760451.012515928,34073.916348544,1701.85716364788,29277.8015136719,23222.9767593919,21453.9623319796
5988.93568,6062.51008,73.5744000000004,36.5568000000003,2.00397133827209,0.00674816,2.00397133827209,0.00674816,0.343562495135198,0.868157343780502,0.868157343780502,0.734262272733948,9.1718858733472e-05,9.1718858733472e-05,0.49686847599165,35858.154296875,10299.6826171875,5709024.74278852,-702612.287749081,33518.0923343163,1837.84620610419,29277.8015136719,22445.1798252898,20790.2285238527
6099.06688,6170.73664,71.6697599999998,37.76512,2.14970326423645,0.00553984,2.14970326423645,0.00553984,0.334040293502701,0.931291101900177,0.931291101900177,0.713911409321582,7.72967566795259e-05,7.72967566795259e-05,0.52693241891699,35858.154296875,9918.212890625,6204974.05863755,-745359.290265967,34112.9628909588,1712.87530894234,14162.0635986328,23219.813834558,21547.534033544
6208.50176,6284.70784,76.2060799999999,38.6048000000001,2.07822775840759,0.0065536,2.07822775840759,0.0065536,0.323354996759761,0.900326594523913,0.900326594523913,0.691074777318953,8.59983875302339e-05,8.59983875302339e-05,0.506584251545285,36239.6240234375,10299.6826171875,5688254.79087835,-725170.428760336,34971.0967415536,2353.40611337731,14448.1658935547,23995.7694694724,22228.6146582699
6323.31264,6399.78496,76.4723199999999,37.8265600000004,2.00950837135315,0.0053248,2.00950837135315,0.0053248,0.332739938582841,0.87055608863292,0.87055608863292,0.711132288863625,6.96304231387254e-05,6.96304231387254e-05,0.49464381360472,35858.154296875,10299.6826171875,5305032.9641076,-674859.984426971,33331.3810788913,1883.27525388605,14209.7473144531,22340.7114102704,20584.1924824191
6437.61152,6516.81792,79.2064,39.8335999999999,1.97544145584106,0.0065024,1.97544145584106,0.0065024,0.321953508176883,0.855797672523402,0.855797672523402,0.688079513846816,8.20943762120232e-05,8.20943762120232e-05,0.502908855850031,36239.6240234375,10299.6826171875,6300498.80728134,-781173.725684389,35811.4780257822,2432.31039577526,14305.1147460938,26080.508943381,22346.8102959439
6556.65152,6639.7184,83.0668799999994,40.2841600000002,1.99259150028229,0.00782336,1.99259150028229,0.00782336,0.337519022776362,0.863227388080436,0.863227388080436,0.721346154670312,9.41814595660756e-05,9.41814595660756e-05,0.48496055226825,35858.154296875,10299.6826171875,5115005.27230595,-692483.333741849,35189.3901824951,1649.32945762894,14209.7473144531,24646.7908503403,22228.3485883572
6680.00256,6761.5744,81.5718400000005,39.4342399999996,2.016770362854,0.00779264,2.016770362854,0.00779264,0.32225101565544,0.87370211728689,0.87370211728689,0.688715347270002,9.55310067788093e-05,9.55310067788093e-05,0.483429575696703,35858.154296875,10299.6826171875,5845336.27866487,-770751.619134677,37007.9781109597,2211.42305331299,14114.3798828125,26837.7377636749,23976.9642710791
6801.00864,6886.95296,85.9443199999996,39.2294400000001,1.96786105632782,0.0067072,1.96786105632782,0.0067072,0.311829675112883,0.852513703645939,0.852513703645939,0.666442842849226,7.8041224830216e-05,7.8041224830216e-05,0.456451805075661,35858.154296875,10681.15234375,5586278.85421295,-725987.264056509,35078.9561771378,2044.87587100997,14257.4310302734,26042.4470747835,21131.8455826184
6926.1824,7014.18496,88.0025599999999,43.5916800000005,1.69701933860779,0.00510976,1.69701933860779,0.00510976,0.318067919334822,0.735180076288019,0.735180076288019,0.679775227626753,5.80637654177334e-05,5.80637654177334e-05,0.49534558994648,35858.154296875,10299.6826171875,5216345.15411818,-696524.578743844,34733.9545108125,1735.19686799965,14209.7473144531,25604.313244613,20898.2188484155
7057.77664,7147.30496,89.5283200000003,43.2537599999996,1.75779044628143,0.00656384,1.75779044628143,0.00656384,0.327863287200573,0.761507240957969,0.761507240957969,0.700709902316846,7.33157954935374e-05,7.33157954935374e-05,0.483129360631356,35858.154296875,10299.6826171875,5444027.73608181,-713829.683046182,34660.4107704994,3197.35991095851,14209.7473144531,26526.913055779,20272.3474493513
7190.55872,7279.26784,88.7091200000004,41.7791999999999,1.88724267482758,0.00628736,1.88724267482758,0.00628736,0.301825487126795,0.817588333903135,0.817588333903135,0.645061877489103,7.08761399053442e-05,7.08761399053442e-05,0.470968486667433,35476.6845703125,10299.6826171875,4625009.66479762,-607210.718260159,31793.9755513279,3823.30335667337,14209.7473144531,22390.3996182811,17469.5030497013
7321.04704,7415.8592,94.8121599999995,41.2774399999998,1.41679859161377,0.00821248,1.41679859161377,0.00821248,0.298229526843218,0.613783280467437,0.613783280467437,0.637376585852596,8.66184253159093e-05,8.66184253159093e-05,0.435360190085323,35095.21484375,10299.6826171875,4428846.46052667,-642953.662837155,35075.3292689629,1971.04978924013,14209.7473144531,25522.7135321838,21147.3937392762
7457.13664,7553.64864,96.5120000000006,41.3286399999997,2.30830430984497,0.00858112,2.30830430984497,0.00858112,0.338174236026858,1,1,0.722746477398338,8.89124668435007e-05,8.89124668435007e-05,0.428222811671082,35476.6845703125,10681.15234375,5024405.13450155,-690618.781204192,34969.1833235631,3640.60286247317,14090.5380249023,27611.0393216123,19852.8458522455
7594.97728,7693.80352,98.8262400000003,44.3699199999992,1.68549764156342,0.00971776,1.68549764156342,0.00971776,0.330935399154311,0.730188664629152,0.730188664629152,0.707275624528046,9.83317790902494e-05,9.83317790902494e-05,0.448969018754523,35476.6845703125,10299.6826171875,3942292.54312239,-613482.746661768,35640.6228851586,1728.34533550906,14090.5380249023,25608.487775871,22125.2974396714
7738.17344,7836.8768,98.7033600000004,41.5539200000003,1.671710729599,0.0079872,1.671710729599,0.0079872,0.313950350085501,0.724215920088662,0.724215920088662,0.670975152537195,8.09212573918453e-05,8.09212573918453e-05,0.420998028841167,35095.21484375,10299.6826171875,3665061.39605163,-572423.897773034,34079.7740820549,1895.92225476964,14185.905456543,23907.8976290788,20793.8391587681
7878.43072,7988.1216,109.69088,36.8127999999997,1.89555132389069,0.01074176,1.89555132389069,0.01074176,0.355368975203647,0.821187793916996,0.821187793916996,0.759495099398093,9.79275578790141e-05,9.79275578790141e-05,0.335604929051528,35476.6845703125,10299.6826171875,3526083.14503673,-569486.728511755,34176.1016696604,2572.4803577803,14209.7473144531,25946.6578119686,20041.353629436
8024.9344,8144.5888,119.6544,28.3033599999999,2.16192984580994,0.00883712,2.16192984580994,0.00883712,0.34070012223506,0.936587882537522,0.936587882537522,0.728144805138307,7.38553701326485e-05,7.38553701326485e-05,0.236542575952074,35858.154296875,9155.2734375,2821174.26063201,-501891.81271818,33293.268125702,2076.79684219044,14209.7473144531,24981.3969188185,19662.316881595
8172.89216,8285.184,112.291839999999,36.7206400000014,1.93059062957764,0.00850944,1.93059062957764,0.00850944,0.365530426422235,0.836367467384445,0.836367467384445,0.781212167971307,7.57796826554813e-05,7.57796826554813e-05,0.32701076053257,35858.154296875,10299.6826171875,2999457.54522661,-523626.072038931,34197.814055936,1448.31542555021,14209.7473144531,24728.2404440538,20977.4031700868
8321.90464,8425.99424,104.089599999999,43.5916799999995,1.74509263038635,0.01327104,1.74509263038635,0.01327104,0.379310896930129,0.756006312921348,0.756006312921348,0.810663809922177,0.000127496310870635,0.000127496310870635,0.418789965568124,35858.154296875,10299.6826171875,3661066.40078294,-602623.884407255,36209.5320235531,1702.23248569284,14209.7473144531,26536.438372966,23060.5249338392
8469.58592,8582.77888,113.19296,47.8515200000002,1.84325814247131,0.01189888,1.84325814247131,0.01189888,0.423621430321976,0.798533423262165,0.798533423262165,0.905364347422779,0.000105120318436765,0.000105120318436765,0.422742898498281,36239.6240234375,10681.15234375,3335846.68217634,-574845.467023996,35586.5464004431,1495.87942731288,14209.7473144531,27202.3159495309,22327.4366606236
8630.6304,8723.44576,92.8153600000005,0,1.67100441455841,0.00730112,1.67100441455841,0.00730112,0.467901603954101,0.723909931386229,0.723909931386229,1,7.86628420123561e-05,7.86628420123561e-05,0,37002.5634765625,10299.6826171875,4224955.12185492,-626044.832327272,33956.718211757,1259.42170498513,14209.7473144531,24673.1040074837,21709.8934057461
