note.starts,note.ends,note.durs,INI,pk.amps,pk.times,qpk.amps,qpk.times,note.rmss,rel.pk.amps,rel.qpk.amps,rel.note.rmss,rel.pk.tm,rel.qpk.tm,rel.INI,max.Hz,min.Hz,FMa,FMb,FMc,FM.resid,note.DF,arcL,chordL
998.79936,1015.77728,16.97792,27.3920000000001,0.0986877977848053,0.007168,0.0891662761569023,0.00410624,0.027942566322586,0.0647691813351576,0.0585201700617576,0.090327557439341,0.000422195416164052,0.000241857659831121,1.61338962605549,27465.8203125,13351.4404296875,137419213.537519,-2655542.81195382,28916.2436684409,2198.58668361175,19073.486328125,20183.8378028438,5474.53706210255
1043.16928,1060.10624,16.93696,29.952,0.150934249162674,0.00679936,0.116375543177128,0.00412672,0.0428736241962683,0.0990587283649799,0.0763777166803634,0.138593918236167,0.000401451027811366,0.000243651753325272,1.76844014510278,27465.8203125,11062.6220703125,113351441.675016,-2566428.68573015,29842.6701472356,2601.13390963405,20217.8955078125,18102.2568266855,10951.4358316816
1090.05824,1106.29888,16.24064,26.48064,0.130648106336594,0.0041472,0.110452979803085,0.00346112,0.034732210110732,0.0857448547880421,0.0724907155540562,0.11227586140635,0.000255359394703657,0.000213114754098361,1.63051702395965,25939.94140625,10681.15234375,103369416.478586,-2115188.47725013,26417.8265582074,3602.69563959877,17738.3422851562,14553.4739282166,7087.46397264906
1132.77952,1151.5392,18.7596799999999,25.1084800000001,0.166554600000381,0.00451584,0.166554600000381,0.00451584,0.0375227777352234,0.109310424710787,0.109310424710787,0.121296692008651,0.000240720524017469,0.000240720524017469,1.33842794759827,26321.4111328125,10299.6826171875,110376406.714511,-2528496.39121879,27661.0430549173,2322.1583993142,17738.3422851562,20371.8227744133,8589.50071669795
1176.64768,1193.80992,17.1622399999999,27.8528000000001,0.183356434106827,0.00443392,0.148134768009186,0.00405504,0.046915883977446,0.120337533070998,0.0972214181144258,0.151660987608171,0.000258353221957042,0.000236276849642006,1.62291169451076,26321.4111328125,10681.15234375,78691631.9651898,-1791164.86233997,26152.4745396205,3388.65960016222,17738.3422851562,12822.7204121381,7562.37266976092
1221.66272,1239.1936,17.53088,29.0713599999999,0.223149389028549,0.006144,0.163975015282631,0.00260096,0.0514722962170922,0.146453802468425,0.107617433336943,0.166390113900386,0.000350467289719626,0.000148364485981308,1.65829439252336,26321.4111328125,9918.212890625,56578673.3703206,-1478978.30734459,26178.3599853516,4027.92932901995,16403.1982421875,10791.0337501529,8539.36832686535
1268.26496,1286.31808,18.05312,26.5318400000001,0.244650676846504,0.00659456,0.205387771129608,0.00274432,0.0600087313158434,0.160565180378156,0.13479678431294,0.193985121560309,0.000365286443562109,0.000152013613159387,1.46965399886557,27465.8203125,9536.7431640625,109344767.67256,-2633296.98949807,28611.5918840681,2274.69593829397,16403.1982421875,19806.0935373329,11902.1110931435
1312.84992,1331.88608,19.0361599999999,25.4668799999999,0.217522993683815,0.0075264,0.20191402733326,0.0045056,0.0578575652433411,0.142761177559102,0.132516952896009,0.187031229969526,0.000395373856912321,0.000236686390532546,1.33781603012373,27084.3505859375,9536.7431640625,89079788.5789254,-2402754.48636087,28932.2348201976,2241.58779187532,17166.1376953125,18945.9241334647,13458.8959343288
1357.35296,1377.98656,20.6336000000001,25.5180800000001,0.283576250076294,0.0046592,0.283576250076294,0.0046592,0.059954495770091,0.186112183834377,0.186112183834377,0.193809798924669,0.000225806451612902,0.000225806451612902,1.23672456575682,27084.3505859375,9155.2734375,79651504.8129183,-2409595.39156438,29461.5240658031,2375.77619967584,21553.0395507812,20639.8496198518,15807.3617944807
1403.50464,1425.41824,21.9135999999999,26.7264,0.321100860834122,0.00548864,0.239138394594193,0.00544768,0.0643634692854471,0.210739730230788,0.15694744833038,0.208062312593571,0.000250467289719628,0.000248598130841123,1.21962616822431,28228.759765625,9536.7431640625,80889314.2812548,-2456780.77583558,31304.1379946304,2906.82563257811,21553.0395507812,22315.443709039,14993.3880789154
1452.14464,1473.4336,21.2889600000001,24.9856,0.290608644485474,0.00519168,0.290608644485474,0.00519168,0.0615216992579145,0.190727571338531,0.190727571338531,0.198875964338083,0.000243867243867243,0.000243867243867243,1.17364117364117,27847.2900390625,9155.2734375,46889450.2402315,-1914237.62061078,29386.5538479989,1586.68607065093,25558.4716796875,19573.0215072786,19500.9000372437
1498.4192,1521.38752,22.9683199999999,24.0332800000001,0.275562345981598,0.00525312,0.275562345981598,0.00525312,0.0702522707752702,0.18085262774778,0.18085262774778,0.227098540285761,0.000228711547035221,0.000228711547035221,1.04636647347303,27847.2900390625,9536.7431640625,27197026.8803297,-1387819.45916975,27930.9456808525,3271.73843164536,25558.4716796875,17528.2606085512,17528.2606085451
1545.4208,1566.83264,21.41184,27.0233599999999,0.355918705463409,0.004096,0.355918705463409,0.004096,0.0844816689571489,0.233590815604191,0.233590815604191,0.273096705477983,0.000191296030607365,0.000191296030607365,1.26207556193209,28228.759765625,9155.2734375,45113551.6972295,-1865581.06195247,29750.7019357908,2415.01656735334,24604.7973632812,19311.2491321882,19262.453363485
1593.856,1616.384,22.528,24.70912,0.299460917711258,0.00668672,0.260307878255844,0.00303104,0.0670076686268485,0.196537352311042,0.170841061895889,0.216609990896779,0.000296818181818182,0.000134545454545454,1.09681818181818,27847.2900390625,9155.2734375,54995567.7832893,-1951067.93237298,29152.3180509868,2953.71545541883,24604.7973632812,18566.0318475764,16042.814658292
1641.09312,1664.74752,23.6543999999999,25.6512,0.328453809022903,0.00323584,0.328453809022903,0.00323584,0.0687967745024554,0.215565498413656,0.215565498413656,0.222393481284822,0.000136796536796537,0.000136796536796537,1.08441558441559,27847.2900390625,8773.8037109375,41115734.0094116,-1813542.35758318,29152.8916896734,758.732441239839,24986.2670898438,20103.3448778897,19892.7434051879
1690.39872,1713.99168,23.5929600000002,24.5145599999998,0.286344259977341,0.01307648,0.285634845495224,0.0040448,0.0767549827229165,0.187928839380885,0.187463247927175,0.248119304097557,0.000554253472222218,0.000171440972222221,1.03906249999999,28610.2294921875,9155.2734375,39969993.0139264,-1838591.47481839,30309.3472817786,926.635673684657,13160.7055664062,21157.5444583476,21129.4073807697
1738.50624,1763.62496,25.1187200000002,23.9718399999999,0.398027718067169,0.00699392,0.257079899311066,0.00391168,0.0770115233525266,0.261227122568143,0.168722526896493,0.248948601170314,0.000278434569914389,0.000155727680391356,0.954341622503048,28228.759765625,9155.2734375,42686291.9584176,-1885174.25927351,30228.9987539316,815.957693064461,26416.7785644531,21207.7759414326,20420.2444275253
1787.5968,1812.28544,24.6886400000001,25.05728,0.358582258224487,0.00705536,0.277166575193405,0.00321536,0.081852477275903,0.235338915527894,0.18190548955091,0.264597541161253,0.000285773537951057,0.00013023641642472,1.01493156366652,28610.2294921875,9155.2734375,37400259.6383382,-1767241.39422499,30017.9388290061,819.606294469224,22411.3464355469,20918.7013911818,20834.245773196
1837.34272,1861.9392,24.5964799999999,25.4873600000001,0.343851923942566,0.01366016,0.323623090982437,0.00569344,0.0930099390665812,0.225671340471516,0.212395079580071,0.300665318871424,0.000555370524562866,0.000231473771856787,1.03621981681932,28610.2294921875,9155.2734375,33832094.8238271,-1701439.19108707,30203.224124765,818.377004633358,22315.9790039062,21381.4432895472,21381.4432895331
1887.42656,1913.06752,25.64096,24.2687999999998,0.339616656303406,0.01340416,0.315797030925751,0.00502784,0.0930416446373788,0.222891718026988,0.20725880625825,0.300767810773359,0.000522763578274761,0.000196086261980831,0.94648562300319,28610.2294921875,9155.2734375,51071776.8675824,-2014569.92927065,30766.7719853389,1914.64529947706,22411.3464355469,21655.2952833198,18077.9163224865
1937.33632,1963.60192,26.2656000000002,24.7295999999999,0.366169631481171,0.0139776,0.339640915393829,0.005376,0.0962539878530729,0.240318537784652,0.222907639361357,0.311152079454363,0.000532163742690055,0.000204678362573098,0.941520467836247,28610.2294921875,9155.2734375,36320054.2514598,-1754164.64093816,30504.4388515272,819.940613801951,22315.9790039062,21343.1587515583,21017.6444471147
1988.33152,2013.7984,25.4668799999999,26.1836800000001,0.32973700761795,0.00607232,0.32973700761795,0.00607232,0.0971355617191205,0.216407666588012,0.216407666588012,0.314001868307081,0.000238439887414556,0.000238439887414556,1.02814636107761,28991.69921875,9155.2734375,30595004.5177517,-1627384.21305888,30614.4318023285,923.653685316713,22315.9790039062,21601.6418535409,21601.6418535301
2039.98208,2067.75296,27.7708799999998,23.9820800000002,0.406669706106186,0.00828416,0.387386560440063,0.006144,0.107408745694845,0.266898892563618,0.25424328988126,0.347211116338895,0.000298303834808262,0.000221238938053099,0.863569321533937,28991.69921875,9155.2734375,30952717.0191232,-1639637.66461465,30809.7115618438,838.382798044835,18405.9143066406,21764.9400645536,21662.7714367901
2091.73504,2118.81984,27.0848000000001,25.4361599999997,0.458015322685242,0.00801792,0.370053470134735,0.00596992,0.109580711288278,0.300597218249495,0.242867516033996,0.354232244771844,0.000296030245746691,0.000220415879017013,0.939130434782596,28610.2294921875,9155.2734375,30351397.0802306,-1611684.83188088,30474.2831419175,1009.74265396792,18405.9143066406,21404.1715254422,21386.7894874361
2144.256,2172.32384,28.0678400000002,25.2415999999998,0.522650718688965,0.00858112,0.443951785564423,0.0064,0.119038815667801,0.343017677297163,0.291367264735097,0.384806654321267,0.000305727836556,0.000228018971178401,0.899306822327607,29373.1689453125,9155.2734375,29683263.8147946,-1608146.85992085,31103.3527841681,768.331783272401,18405.9143066406,21809.5968244087,21752.625413153
2197.56544,2226.3808,28.8153600000001,26.7161599999999,0.488549470901489,0.00930816,0.467190504074097,0.00694272,0.121576985729753,0.320636897187768,0.306618925091647,0.393011580791332,0.000323027718550106,0.0002409381663113,0.927149964463394,29754.638671875,9536.7431640625,23335997.7931516,-1397941.11665168,30857.2068044791,2106.77008912195,18405.9143066406,20905.7148226074,20905.7148225922
2253.09696,2282.21952,29.1225600000002,24.56576,0.50493723154068,0.00456704,0.50493723154068,0.00456704,0.120753359921616,0.331392247538491,0.331392247538491,0.390349115696533,0.000156821378340364,0.000156821378340364,0.843530239099851,29373.1689453125,9155.2734375,30723901.9971085,-1623035.6630794,30845.9738026495,758.376809773227,18405.9143066406,21660.3397840306,21209.2901554467
2306.78528,2336.04096,29.2556799999998,26.65472,0.659917294979095,0.00933888,0.484206110239029,0.00722944,0.131056649282168,0.433106259376766,0.317786332876218,0.423655682845205,0.000319215960798043,0.000247112355617783,0.911095554777746,29754.638671875,9155.2734375,26743147.5045225,-1536718.40194219,31360.1286514946,840.518618394405,18405.9143066406,22083.1429160911,22068.4206046627
2362.69568,2392.87296,30.1772800000003,26.2655999999997,0.655190467834473,0.0093696,0.558663964271545,0.0046592,0.135772374695253,0.430004024537788,0.366653308914883,0.438899807282491,0.000310485239226328,0.000154394299287409,0.870376654224616,29754.638671875,9155.2734375,25124323.4183188,-1461218.46686955,30651.9728440505,1041.82176238956,18405.9143066406,21276.2043523085,21215.6757238706
2419.13856,2453.23776,34.0992000000001,23.4393599999999,0.717344701290131,0.00991232,0.566487848758698,0.00561152,0.137278357457863,0.470796087060203,0.371788154402049,0.44376806966476,0.00029069069069069,0.000164564564564564,0.687387387387381,30136.1083984375,9155.2734375,25605573.1728839,-1506031.01682933,31651.1299287809,978.645852616815,18405.9143066406,22708.3340252295,21581.4333316173
2476.67712,2507.264,30.5868800000003,25.3951999999999,0.751758337020874,0.01056768,0.602297186851501,0.00663552,0.14763051132078,0.493381888578512,0.395289960749803,0.477232596933957,0.00034549715433545,0.000216940073652492,0.83026447941077,29754.638671875,9536.7431640625,26317585.3192157,-1544136.95227129,32088.7932410607,1114.99227655449,18405.9143066406,22691.0057555567,22608.7244902725
2532.6592,2564.79232,32.13312,26.1427199999998,0.763108193874359,0.01033216,0.508208215236664,0.0064,0.141188878667887,0.500830843294012,0.333539006721541,0.456409278963087,0.000321542383683875,0.00019917144678139,0.813575525812615,30136.1083984375,9155.2734375,23862987.6418875,-1450947.61980019,31616.6021885016,1027.30822675757,18405.9143066406,22127.1334154172,21984.0467424931
2590.93504,2623.01696,32.0819200000001,26.6240000000003,0.84192818403244,0.01138688,0.651319742202759,0.00729088,0.152937376099477,0.552560706052892,0.42746365241513,0.494387647317898,0.000354931375678263,0.000227258218959463,0.829875518672205,30136.1083984375,9536.7431640625,21432956.5697797,-1421295.45630586,32441.4897168804,1187.38864495214,18405.9143066406,23538.0253446765,23538.0253446584
2649.64096,2684.98944,35.3484799999997,25.3132800000003,0.752374231815338,0.01091584,0.585660636425018,0.00878592,0.146901911753997,0.493786102701448,0.384371328704593,0.474877315086934,0.000308806488991892,0.000248551564310547,0.71610660486676,30517.578125,9155.2734375,24323845.4420422,-1482073.75232428,32045.3361924646,888.364304097902,18405.9143066406,23156.0341701498,21996.0437232185
2710.30272,2744.43264,34.1299199999999,25.7843200000002,0.808615028858185,0.00705536,0.808615028858185,0.00705536,0.168263145386163,0.530697154157323,0.530697154157323,0.543929958126559,0.000206720672067208,0.000206720672067208,0.755475547554765,30517.578125,9536.7431640625,20841397.7415423,-1377433.03817107,32201.5153689664,953.678290423537,18405.9143066406,22783.5576851257,22734.5472438527
2770.21696,2806.49728,36.2803199999998,26.5011199999999,0.78168922662735,0.0119808,0.697265386581421,0.007168,0.163768296811834,0.513025646570474,0.457617955572358,0.529399843458795,0.000330228619813719,0.000197572678521028,0.730454417160599,30517.578125,9155.2734375,21350442.781253,-1401933.75553317,32417.8799032578,935.040622948106,18405.9143066406,23267.7436479163,22759.8368814988
2832.9984,2868.74624,35.74784,25.7331199999999,0.928275108337402,0.00768,0.928275108337402,0.00768,0.180689755580838,0.60923052464826,0.60923052464826,0.584100403932338,0.000214838155256374,0.000214838155256374,0.719851045545685,30899.0478515625,9155.2734375,20789511.6080181,-1391003.42975008,32789.9538237473,908.932819136818,23746.4904785156,23376.9953103915,23158.2835018394
2894.47936,2930.97472,36.4953600000003,26.4191999999998,0.900326669216156,0.00748544,0.900326669216156,0.00748544,0.186911091488785,0.590887856536181,0.590887856536181,0.604211587353608,0.000205106621773287,0.000205106621773287,0.723905723905712,31280.517578125,9155.2734375,19821905.334188,-1362176.53355647,32800.2892104276,901.764910773194,23746.4904785156,23492.8070787556,23312.103243269
2957.39392,2995.22048,37.82656,25.4976000000001,0.889731705188751,0.01446912,0.876511573791504,0.00838656,0.188241900529662,0.583934340886487,0.575257917793026,0.608513580545387,0.000382512181916622,0.000221710882512182,0.674066053059019,31280.517578125,9536.7431640625,18298871.6472903,-1317733.90086368,33181.6710407397,1028.817880771,23746.4904785156,23783.793392624,23662.4248287912
3020.71808,3060.55168,39.8335999999999,25.6716799999999,0.749360501766205,0.00797696,0.749360501766205,0.00797696,0.183094637750506,0.491808180076472,0.491808180076472,0.591874461970091,0.000200257069408741,0.000200257069408741,0.644473007712081,30899.0478515625,9155.2734375,17829638.3960241,-1283753.28906311,32669.4980744392,986.320017397349,18405.9143066406,23369.8722667435,22845.9480438041
3086.22336,3126.1184,39.8950399999999,26.30656,0.899185717105865,0.00828416,0.899185717105865,0.00828416,0.194956644574036,0.590139045276989,0.590139045276989,0.630219762481455,0.000207648870636551,0.000207648870636551,0.659394250513349,30899.0478515625,9536.7431640625,17125153.6675862,-1260980.6968782,32824.7148620068,872.064932147865,23746.4904785156,23374.8157412692,23050.2373024011
3152.42496,3193.10848,40.68352,26.0915199999999,0.912491738796234,0.01375232,0.817876994609833,0.00836608,0.211170243162877,0.598871838500243,0.536775817910633,0.682632083559071,0.000338031714069972,0.000205638056883967,0.641328970551219,30899.0478515625,9536.7431640625,15254314.9752275,-1176503.64485613,32347.1538523302,789.82661667244,23651.123046875,22753.3346585544,22616.1484457922
3219.2,3260.99968,41.7996800000001,26.8492799999999,1.00782036781311,0.0144896,0.817809104919434,0.00836608,0.219411929048731,0.661436384450388,0.536731261645654,0.709274280508952,0.000346643802057814,0.00020014698677119,0.642332190102887,31280.517578125,9536.7431640625,14955069.9388333,-1171172.50289197,32739.9707732991,853.827239688876,23746.4904785156,23033.9273766645,22824.939522294
3287.84896,3329.44384,41.5948800000001,28.04736,1.03039956092834,0.00887808,1.03039956092834,0.00887808,0.219562363992875,0.676255195753393,0.676255195753393,0.709760578757337,0.000213441654357459,0.000213441654357459,0.674298375184637,31661.9873046875,9536.7431640625,14368549.6675008,-1171345.08253177,33262.196709128,918.374887344977,23746.4904785156,23882.4393110275,23862.4412295438
3357.4912,3400.07936,42.5881600000002,25.5999999999999,1.12511587142944,0.00840704,1.12511587142944,0.00840704,0.222364393827359,0.738417874706062,0.738417874706062,0.718818462270939,0.000197403221928347,0.000197403221928347,0.601106035104587,31280.517578125,9536.7431640625,15307666.0902875,-1185995.97330421,32817.4704718535,771.714199113014,23746.4904785156,23198.7748782614,22745.0858942576
3425.67936,3468.25728,42.5779199999997,27.27936,1.05145418643951,0.00892928,1.05145418643951,0.00892928,0.22494703721487,0.690073427472884,0.690073427472884,0.727167153877774,0.000209716209716211,0.000209716209716211,0.640692640692645,31280.517578125,9536.7431640625,15106231.4315033,-1184258.97043605,32958.8095225661,851.072946409177,23651.123046875,23382.7181108011,23037.5098694948
3495.53664,3539.83488,44.2982400000001,27.4739199999999,1.13624560832977,0.01468416,1.05094790458679,0.00830464,0.241068574932134,0.745722363849511,0.689741152745292,0.779281877606266,0.000331484049930651,0.000187471104946833,0.620203421174292,31280.517578125,9536.7431640625,14356636.8650996,-1139600.33532722,32554.9683984922,808.878691572739,23651.123046875,22919.7948289675,22309.7715491151
3567.3088,3611.56608,44.2572800000003,30.1363200000001,1.06148862838745,0.0159744,1.05760538578033,0.00956416,0.244487890509179,0.696659070325512,0.694110483263744,0.790335208235355,0.000360944007403977,0.000216103655714945,0.680934752429428,31661.9873046875,9536.7431640625,12564928.5843352,-1088693.64486923,33261.4887996214,959.060941563703,23651.123046875,23593.5623231971,23571.6080009655
3641.7024,3685.632,43.9295999999999,30.0748800000001,1.09296703338623,0.00905216,1.09296703338623,0.00905216,0.251825512339931,0.717318468622688,0.717318468622688,0.81405491421131,0.000206060606060606,0.000206060606060606,0.684615384615388,31280.517578125,9536.7431640625,12409435.1635193,-1067427.17135367,32619.5083746389,799.375717234502,23651.123046875,22964.8537453761,22943.7996197458
3715.70688,3761.664,45.95712,29.8291199999999,1.16044235229492,0.0091136,1.16044235229492,0.0091136,0.254109415759491,0.761602779997985,0.761602779997985,0.821437894533682,0.000198306595365419,0.000198306595365419,0.649064171122992,31280.517578125,9536.7431640625,11689875.9367545,-1032688.60769747,32440.436965993,713.780755534043,23651.123046875,22844.3718924485,22769.7113833255
3791.49312,3839.0784,47.5852799999998,29.2864,1.20040345191956,0.01297408,1.18878138065338,0.00960512,0.25903707084239,0.78782940341078,0.780201793329031,0.837367105988466,0.000272649020873683,0.000201850656337423,0.615450828491502,31280.517578125,9536.7431640625,10036139.8580765,-957593.346539224,32309.7219820917,701.568074635337,23651.123046875,22841.9251862778,22841.9251861787
3868.3648,3915.63264,47.26784,32.6860800000004,1.14146304130554,0.0094208,1.14146304130554,0.0094208,0.263310582100608,0.749146585182816,0.749146585182816,0.851181722340735,0.000199306759098787,0.000199306759098787,0.691507798960147,31280.517578125,9536.7431640625,9879948.85215797,-941667.438866892,32133.9929582567,791.313863659318,23651.123046875,22436.3229718271,22436.3229717552
3948.31872,3997.7472,49.4284799999996,32.2048000000004,1.15858495235443,0.00968704,1.15858495235443,0.00968704,0.258755970465995,0.760383761271679,0.760383761271679,0.836458416711257,0.000195980940542782,0.000195980940542782,0.651543401698792,30899.0478515625,9155.2734375,9714502.08292579,-941641.658974451,32411.0270511766,902.24027832906,23651.123046875,22827.7177816071,22809.6908261076
4029.952,4079.59552,49.6435199999996,32.5324799999999,1.23101413249969,0.01896448,0.914668440818787,0.0103424,0.26287720712514,0.807919310833893,0.600300416411352,0.849780787919127,0.000382013201320135,0.000208333333333335,0.65532178217822,31280.517578125,9536.7431640625,9657810.53262944,-945293.304915699,32675.1214772584,927.391684997913,23651.123046875,23135.7948115635,23126.2150916413
4112.128,4165.45792,53.3299200000001,33.4131200000002,1.14521837234497,0.01941504,0.982565760612488,0.01117184,0.256967082676155,0.751611223390639,0.644861688590905,0.830675631310522,0.00036405529953917,0.000209485407066052,0.626536098310293,30899.0478515625,9536.7431640625,8988603.88252801,-909847.313582532,32715.6115733537,781.61919027175,23651.123046875,23090.6534075614,22957.7726147402
4198.87104,4251.38176,52.5107200000002,32.9523199999994,1.18494951725006,0.00973824,1.18494951725006,0.00973824,0.273110291383736,0.777686926636369,0.777686926636369,0.882860409006145,0.000185452418096723,0.000185452418096723,0.627535101404042,30899.0478515625,9536.7431640625,8594500.41720353,-875342.876114696,31823.1560231298,668.930814793035,23651.123046875,22309.865455022,22266.6179394624
4284.33408,4337.75616,53.4220800000003,36.6080000000002,1.17800116539001,0.01308672,1.17800116539001,0.01308672,0.270069642293259,0.77312669658052,0.77312669658052,0.873031161319939,0.000244968372627946,0.000244968372627946,0.685259727812919,31661.9873046875,9536.7431640625,8567165.76069726,-875887.190833522,32188.4285098642,874.369170768251,23651.123046875,22432.6179307318,22341.7215959186
4374.36416,4430.08,55.7158399999998,31.4880000000003,1.26598536968231,0.01078272,1.26598536968231,0.01078272,0.297861029143512,0.830871068330142,0.830871068330142,0.962870013737944,0.000193530600992465,0.000193530600992465,0.565153464436691,32424.9267578125,9536.7431640625,8747320.75421113,-892168.938584644,33118.7769088046,695.405810938874,23651.123046875,22943.6532626163,22554.0291614693
4461.568,4517.20192,55.6339200000002,30.2899199999993,1.21157956123352,0.01412096,1.00877416133881,0.01099776,0.276418075064361,0.795164326947692,0.662062362810517,0.893553199960246,0.00025381925271489,0.000197680839315295,0.544450579790156,31280.517578125,9536.7431640625,7899495.54320366,-850066.779299678,32507.1887284454,688.506460019941,23078.9184570312,22895.438076384,22842.5574241141
4547.49184,4602.53184,55.04,35.7785600000007,1.2636753320694,0.01366016,1.2636753320694,0.01366016,0.282430546684789,0.829354981758141,0.829354981758141,0.912989205564629,0.000248186046511628,0.000248186046511628,0.650046511627919,30899.0478515625,9536.7431640625,7761553.56353492,-826035.660885116,31906.8914068006,889.711644779903,23651.123046875,22003.9397566335,21952.1399913274
4638.3104,4695.67488,57.3644799999993,33.7612800000006,1.17645990848541,0.01357824,1.17645990848541,0.01357824,0.278810872812734,0.772115163744861,0.772115163744861,0.901288193717144,0.000236701178150663,0.000236701178150663,0.588539807211728,31280.517578125,9536.7431640625,8041206.68849661,-835723.474553156,32086.4289174438,856.42686601531,18358.2305908203,21948.6427397151,21479.775843617
4729.43616,4788.93056,59.4943999999996,36.3212800000001,1.12172400951385,0.01405952,1.12172400951385,0.01405952,0.277049637687089,0.73619178268247,0.73619178268247,0.8955947987319,0.000236316695352842,0.000236316695352842,0.610499139414808,30899.0478515625,9536.7431640625,6516993.28221648,-755674.883803043,31711.0384536164,770.250714691352,23078.9184570312,21920.991236269,21890.9810595961
4825.25184,4885.54496,60.2931200000003,36.5260799999996,1.14844167232513,0.02070528,1.12274289131165,0.01491968,0.286855402783146,0.753726687567558,0.736860478725968,0.927293061508672,0.000343410326086955,0.000247452445652173,0.605808423913035,31661.9873046875,9536.7431640625,6591178.49705406,-763219.826453633,32027.8454282415,872.040902754657,23078.9184570312,22131.9317196124,22056.2549348397
4922.07104,4983.02976,60.9587200000005,39.0553599999994,1.22700238227844,0.01196032,1.22700238227844,0.01196032,0.284976215907717,0.805286383730603,0.805286383730603,0.921218373934529,0.000196203594826136,0.000196203594826136,0.640685368721637,30899.0478515625,9536.7431640625,6372322.58607228,-754231.049250437,32227.8561511352,904.488079290129,23078.9184570312,22337.9450162322,22297.6281813046
5022.08512,5083.86304,61.7779200000004,39.8028800000002,1.26411545276642,0.02076672,1.01033043861389,0.01482752,0.288144456877648,0.829643834664727,0.663083753573107,0.931460077036857,0.000336151168572847,0.000240013260401125,0.644289739764626,30899.0478515625,9536.7431640625,5539691.99736505,-684022.982721462,31296.0877710459,2326.04923497743,23078.9184570312,21115.2376616454,21115.2194470093
5123.66592,5187.86048,64.1945599999999,39.8643199999997,1.23261201381683,0.01137664,1.23261201381683,0.01137664,0.29195853671049,0.808968006489332,0.808968006489332,0.943789528498186,0.00017722124740788,0.00017722124740788,0.620992183761361,31280.517578125,9536.7431640625,5633209.977824,-699736.784847406,31520.0787346188,820.758804736614,23078.9184570312,21754.2276662383,21705.16605412
5227.7248,5294.24384,66.5190400000001,42.5164800000002,1.03142905235291,0.01266688,1.03142905235291,0.01266688,0.284849446058888,0.676930854935754,0.676930854935754,0.920808575826883,0.00019042487684729,0.00019042487684729,0.639162561576357,30899.0478515625,9536.7431640625,5901734.57147715,-719086.510245204,32083.2226366571,907.901646893692,23078.9184570312,22088.8673442178,21719.0514098518
5336.76032,5403.72992,66.9695999999994,41.7382400000006,1.07884216308594,0.02267136,1.00619041919708,0.01417216,0.296662389852645,0.708048261906654,0.660366642903325,0.958995274455056,0.000338532110091746,0.000211620795107035,0.623241590214081,31280.517578125,9536.7431640625,5502721.83932761,-680233.602878753,31588.5200863441,1459.81798405239,18262.8631591797,21168.7793417789,20875.6647570041
5445.46816,5513.63584,68.1676799999996,41.92256,1.1872171163559,0.02284544,1.04617631435394,0.01250304,0.295972159895116,0.779175160652914,0.686609539719309,0.956764026780261,0.000335135947123331,0.000183415953132043,0.614991738020133,31280.517578125,9536.7431640625,5098791.82643586,-666836.69298745,31603.0983246007,790.976141423404,18215.1794433594,21842.0621231286,21763.4782376634
5555.5584,5627.27936,71.7209600000006,44.3903999999993,1.32004177570343,0.02330624,1.20066559314728,0.01230848,0.303455892645714,0.86634849555517,0.788001447706984,0.980956053099046,0.00032495716733295,0.000171616219303254,0.618932038834937,31280.517578125,9536.7431640625,4733137.18911674,-637887.570854922,31430.7326905465,807.136190837334,23078.9184570312,21581.0924198257,21403.143010319
5671.66976,5744.03584,72.3660799999998,45.2608,1.21392345428467,0.0128,1.21392345428467,0.0128,0.298870132334744,0.796702632974046,0.796702632974046,0.966132055792922,0.000176878449129759,0.000176878449129759,0.625442196122826,31280.517578125,9536.7431640625,4923770.19102477,-655340.757463568,31785.6657835743,951.071739903,18262.8631591797,21972.662739908,21639.3980488102
5789.29664,5862.22592,72.9292800000003,47.13472,1.23413240909576,0.02275328,1.10457503795624,0.00715776,0.295068419448873,0.80996584775981,0.724936846677628,0.953842581909169,0.000311991013760179,9.81465880370678e-05,0.646307217073853,31661.9873046875,9536.7431640625,4912721.54670347,-659060.033749364,32088.9030616766,1081.3529725795,18405.9143066406,22272.1116028043,21935.5804852669
5909.36064,5985.35168,75.9910399999999,46.51008,1.23124885559082,0.02427904,1.10579693317413,0.01618944,0.295880734367751,0.808073360501571,0.725738781209727,0.956468483254333,0.000319498719849077,0.000213044064142299,0.612046893949604,30899.0478515625,9536.7431640625,4135228.64293528,-597541.492172902,31502.5771033478,818.162073991341,23078.9184570312,21644.0934940672,21528.3503105212
6031.86176,6110.21824,78.3564800000004,48.2611200000001,1.22324073314667,0.01389568,1.22324073314667,0.01389568,0.294901825732145,0.802817598934468,0.802817598934468,0.953304048571071,0.000177339257710402,0.000177339257710402,0.615917407213799,30899.0478515625,9155.2734375,4274280.11769801,-606885.554791567,31600.7120908095,1034.40471071263,17309.1888427734,21774.0023724164,21310.4559547442
6158.47936,6237.88032,79.4009599999999,48.3430399999997,1.29965710639954,0.01319936,1.29965710639954,0.01319936,0.30793466244577,0.852969958671815,0.852969958671815,0.99543419128083,0.00016623678101625,0.00016623678101625,0.608847046685579,31661.9873046875,9536.7431640625,4220123.96983851,-605700.154736337,31779.0958498393,948.873939154899,23078.9184570312,21979.705758443,21487.3496545211
6286.22336,6368.06144,81.8380800000004,48.9779199999994,1.20469486713409,0.02576384,1.04956936836243,0.01421312,0.296848096532242,0.790645875725027,0.688836414118054,0.959595592642531,0.000314814814814813,0.000173673673673673,0.598473473473462,30899.0478515625,9155.2734375,3703020.34435825,-565181.025089959,31477.540403932,881.412592666117,18405.9143066406,21678.5118077402,21452.4573252599
6417.03936,6500.82304,83.7836800000005,51.1078399999997,1.26865494251251,0.02509824,1.23318541049957,0.01359872,0.30304853488884,0.832623119248369,0.809344328938054,0.979639222327038,0.000299560009777559,0.000162307504277682,0.609997555609868,31280.517578125,9536.7431640625,3971045.20881872,-575359.676225199,31466.3673614288,1439.84821844413,17309.1888427734,21351.3800194746,20330.1849539822
6551.93088,6637.16864,85.23776,51.1999999999998,1.19709265232086,0.0262144,1.14828932285309,0.01439744,0.301578740966879,0.785656512897611,0.75362670002297,0.974887944531821,0.000307544449783758,0.000168909178279673,0.6006727534839,30899.0478515625,9536.7431640625,3791007.21636597,-568752.763310006,31815.9727099146,1527.49287719443,14209.7473144531,21728.3441548349,20935.7406164583
6688.36864,6778.5728,90.2041600000002,52.6336000000001,1.2311452627182,0.02681856,1.19160187244415,0.01509376,0.30275781355866,0.808005372100752,0.782052892941662,0.978699432210858,0.000297309569758201,0.000167328868202974,0.583494153706436,30517.578125,9536.7431640625,3396948.06100353,-528791.665311375,31189.2531735932,1459.53988139504,13589.8590087891,21098.6699927277,20058.9533363535
6831.2064,6922.0352,90.8288000000002,55.3676799999994,1.52368450164795,0.02788352,1.22928810119629,0.017152,0.309347082050244,1,0.806786509849477,1,0.000306989853438556,0.000188838782412626,0.60958286358511,30899.0478515625,9155.2734375,3413142.47957384,-522963.679765482,31272.3560192535,2770.80042605212,18215.1794433594,20722.2202099082,19342.1786248861
6977.40288,7072.78848,95.3856000000005,54.0262400000001,1.4423143863678,0.02660352,1.30803406238556,0.01445888,0.295903701829883,0.94659648031325,0.85846778711134,0.956542728215623,0.000278904991948469,0.000151583467525496,0.56639828234031,30136.1083984375,9536.7431640625,3171445.50072694,-504320.372841109,30656.9183812853,1348.05237105866,13589.8590087891,20848.5036626032,19249.7813748244
7126.81472,7223.15264,96.3379199999999,56.8115200000002,1.19517755508423,0.02803712,1.09368097782135,0.01560576,0.298104675683943,0.784399627213887,0.71778703310198,0.963657629185346,0.000291028911564626,0.000161989795918367,0.589710884353744,30517.578125,9536.7431640625,3072354.74607552,-505250.999689425,31299.8352484886,1408.99108421516,13494.4915771484,21384.1250355038,20160.3218742033
7279.96416,7381.36064,101.396479999999,57.3337600000004,1.29896366596222,0.03004416,1.09532427787781,0.02412544,0.29810025321562,0.852514851045159,0.718865537250759,0.963643333048158,0.000296303777014746,0.000237931730963443,0.565441324984859,30517.578125,9536.7431640625,2527723.06560127,-460478.707261466,31006.9514110235,900.447765958383,13589.8590087891,21240.2447687203,20702.7769788791
7438.6944,7545.50784,106.81344,57.7740800000001,1.19842994213104,0.0175104,1.19842994213104,0.0175104,0.272745539026067,0.786534181344546,0.786534181344546,0.88168130508426,0.000163934426229508,0.000163934426229508,0.540887738471865,29754.638671875,9536.7431640625,2494181.33403718,-451834.612535908,30838.426817605,1302.33015940647,13589.8590087891,21120.5361542976,19805.6176703674
7603.28192,7713.67936,110.39744,57.8867199999995,1.17824864387512,0.03161088,1.11170673370361,0.02039808,0.272716769378782,0.773289117662338,0.72961740603205,0.881588303892544,0.000286337074482887,0.000184769501901494,0.524348390687317,30136.1083984375,9536.7431640625,2345232.77577129,-445529.126566104,31612.3003284629,1417.63511490426,13494.4915771484,21716.5550798871,20602.5283330513
7771.56608,7883.8784,112.31232,59.21792,1.31176483631134,0.03203072,1.01450347900391,0.02287616,0.270612999398492,0.860916308391005,0.665822536034635,0.874787625617684,0.000285193289569657,0.000203683442742524,0.527261123267688,29754.638671875,9536.7431640625,2351785.56167966,-436907.320152042,31197.6298825633,1544.02226950874,13589.8590087891,21179.1227591841,19404.5170984911
7943.09632,8061.11232,118.016000000001,59.0131199999996,1.31164586544037,0.03311616,0.957842946052551,0.02719744,0.267882235707996,0.860838227350709,0.628636010287294,0.865960118106064,0.000280607375271148,0.000230455531453361,0.500043383947934,29754.638671875,9155.2734375,2142181.93659147,-413795.172094543,30989.8484997605,1912.91311859933,13065.3381347656,20966.818415432,18998.6203177853
8120.12544,8240.2304,120.104960000001,59.6787199999999,1.19701969623566,0.03411968,1.04077863693237,0.0195584,0.261318048925006,0.785608631538231,0.68306702326283,0.84474062982292,0.000284082189444964,0.000162844232244862,0.496888055247673,28991.69921875,9536.7431640625,1947079.46166667,-388072.673559204,30412.048146781,1802.41996382896,13065.3381347656,20151.0936439525,18522.4395266407
8299.90912,8425.0624,125.15328,64.8294399999995,1.18388473987579,0.03586048,1.08824014663696,0.0204288,0.252487056303624,0.776988109149471,0.714216194664953,0.816193431113775,0.00028653248240877,0.000163230240549828,0.518000327278672,28991.69921875,9536.7431640625,1841146.8324832,-379704.748217992,30569.0666060686,1723.54169542066,13589.8590087891,20470.9969923665,18682.7794100042
8489.89184,8614.10304,124.2112,59.9654399999999,1.07952749729156,0.03673088,0.864413619041443,0.02378752,0.249085284705003,0.708498049382268,0.567317983550093,0.8051968134115,0.000295713107996703,0.000191508656224238,0.482769991755978,29754.638671875,9536.7431640625,1912495.6622055,-395501.526840317,31504.618106041,1825.90222561571,13613.7008666992,21275.6619620527,19618.9287084822
8674.06848,8800.26624,126.197760000001,62.0748799999983,1.2787754535675,0.03670016,0.921694040298462,0.02156544,0.245597036850036,0.839265249587062,0.604911344377132,0.793920651270749,0.000290814670561504,0.000170886075949366,0.491885751379405,28991.69921875,9536.7431640625,1652213.0599752,-361628.483284068,30507.6479316704,1639.39481467544,12183.1893920898,20251.9906542706,19323.7664894683
8862.34112,8989.7984,127.457280000001,63.2012800000011,1.09195721149445,0.0377344,0.951283097267151,0.02070528,0.244215046531235,0.716655718630355,0.624330756293895,0.789453208715153,0.000296055274363299,0.000162448782839238,0.49586245681691,28991.69921875,9155.2734375,1585139.25795447,-349360.857689368,30237.1966964165,1847.18317299134,13613.7008666992,19721.714690868,18777.429578008
9052.99968,9184.98304,131.983359999998,55.4291200000007,1.24273550510406,0.03936256,0.836021602153778,0.02902016,0.234096866573527,0.815612092765909,0.548684193643484,0.756745028988199,0.000298238808286139,0.000219877414849875,0.419970517495549,28991.69921875,9155.2734375,1465241.46462111,-334174.422114842,30161.6366352802,1772.43633611873,13589.8590087891,19525.6836707326,18581.5321191201
9240.41216,9372.7744,132.36224,57.0060799999992,1.36903774738312,0.04542464,0.806278645992279,0.02551808,0.255456337472661,0.898504740254579,0.529163777094434,0.825791973790688,0.000343184279746247,0.000192789726133374,0.430682345659903,30136.1083984375,9155.2734375,1153576.84544008,-311128.61342896,31181.5171990486,1915.30817630934,23651.123046875,20971.2877550382,20971.2877545909
9429.78048,9562.95168,133.171200000001,59.2076799999995,1.14706492424011,0.04233216,0.948208093643188,0.02857984,0.260220149021684,0.75282312250305,0.622312619586042,0.841191542189556,0.000317877739331025,0.000214609765474816,0.444598231449437,29373.1689453125,9155.2734375,1136805.35265903,-302365.644254746,30364.2310823031,1935.55764105209,23651.123046875,20105.7157711997,20105.6432759889
9622.15936,9753.42592,131.26656,56.0332799999996,1.23068249225616,0.04217856,0.959307789802551,0.02665472,0.242967160154721,0.807701654066254,0.629597392875629,0.785419272567304,0.000321319915750058,0.000203057960839379,0.426866370231685,28991.69921875,9536.7431640625,1101102.62272724,-285673.077758593,29649.0809763642,2465.54522245951,23651.123046875,18531.5828231701,18526.322258063
9809.4592,9943.36768,133.90848,55.7158400000008,1.10242223739624,0.04401152,0.876631677150726,0.02838528,0.244348636155035,0.723523955388343,0.575336742089718,0.789885052529275,0.000328668654890265,0.000211975223675155,0.416074023093987,29754.638671875,9155.2734375,1227082.575331,-310703.567345355,30618.5111157047,1805.56260033075,23055.0765991211,19733.4386209626,19602.4345297492
9999.08352,10129.84832,130.764799999999,59.9040000000005,1.17823922634125,0.03188736,1.17823922634125,0.03188736,0.258958809603088,0.773282936898627,0.773282936898627,0.837114117536844,0.000243852779953017,0.000243852779953017,0.458104933437752,30517.578125,9536.7431640625,1038664.86039325,-293942.292166637,31316.5983490008,3088.8251183796,23627.2811889648,20676.724941674,20676.7249414668
10189.75232,10319.58528,129.83296,60.73344,1.03968286514282,0.031232,1.03968286514282,0.031232,0.25714635156024,0.682347864021947,0.682347864021947,0.831255138584026,0.00024055524883666,0.00024055524883666,0.467781370770566,31661.9873046875,9155.2734375,1176039.70875915,-314220.180203263,31735.2374903879,2729.47570353291,23627.2811889648,20972.1080709346,20972.1080705775
10380.31872,10508.00128,127.682560000001,60.2009600000001,1.03911244869232,0.02971648,1.03911244869232,0.02971648,0.26418098612394,0.681973497511108,0.681973497511108,0.853995403392981,0.0002327371882268,0.0002327371882268,0.471489293447747,31661.9873046875,9155.2734375,1207468.13950516,-326024.240357321,32040.8619990965,1872.99474465087,16713.1423950195,21942.4544231624,21942.4544229305
10568.20224,10694.9632,126.76096,74.4140800000005,1.09826636314392,0.02961408,1.09826636314392,0.02961408,0.246453718254886,0.720796439129022,0.720796439129022,0.796689972381432,0.00023362145569109,0.00023362145569109,0.587042572097913,32043.45703125,9536.7431640625,1093530.92188157,-312409.306421187,31853.6208224961,2394.15219705839,23603.4393310547,22030.0758702833,22030.0758701488
10769.37728,10876.3648,106.987519999999,0,1.11841022968292,0.02907136,0.709799408912659,0.02594816,0.238650088576464,0.734016936231418,0.465844082646356,0.771463842473555,0.000271726646248089,0.000242534456355286,0,32043.45703125,9155.2734375,1227638.75840272,-352049.496647489,32232.1901433109,404.904544907349,23627.2811889648,23612.9449070692,23612.9449070323
