note.starts,note.ends,note.durs,INI,pk.amps,pk.times,qpk.amps,qpk.times,note.rmss,rel.pk.amps,rel.qpk.amps,rel.note.rmss,rel.pk.tm,rel.qpk.tm,rel.INI,max.Hz,min.Hz,FMa,FMb,FMc,FM.resid,note.DF,arcL,chordL
997.9392,1009.73568,11.79648,31.0067200000001,0.0803225934505463,0.00543744,0.0462541431188583,0.00290816,0.0230517398040343,0.0514711285816561,0.0296398914132533,0.0674302918945272,0.000460937500000001,0.000246527777777778,2.62847222222224,25939.94140625,12207.03125,237184009.806284,-3464678.72573572,27666.9588955966,2711.11222281546,16403.1982421875,17440.0337187824,7865.21218040664
1040.7424,1053.11232,12.3699199999999,30.22848,0.114175342023373,0.00333824,0.0863173380494118,0.00309248,0.0307752911439804,0.0731641429600728,0.0553125915724193,0.09002300401701,0.000269867549668877,0.000250000000000003,2.44370860927155,25177.001953125,9536.7431640625,94200741.4833471,-2164266.66487348,25738.8028231534,3889.57689849865,16403.1982421875,12504.3787058591,12357.6865051794
1083.3408,1098.2912,14.9503999999999,26.6137600000002,0.145672053098679,0.00410624,0.126298651099205,0.00366592,0.0389066789564814,0.093347396463391,0.0809328214037229,0.113808707758494,0.000274657534246576,0.000245205479452056,1.78013698630139,25939.94140625,9536.7431640625,59337594.2232224,-1993219.87708429,26918.7675727593,1993.39678717831,16403.1982421875,16536.6241103736,16536.624110371
1124.90496,1140.2752,15.37024,26.9516799999999,0.156877100467682,0.00417792,0.112432457506657,0.00384,0.0429921291310494,0.100527648110129,0.0720472936501947,0.125759350101918,0.000271818787475017,0.00024983344437042,1.75349766822118,25939.94140625,9536.7431640625,54291125.9294719,-2039521.42553819,27204.8698676811,927.099319688985,16403.1982421875,18521.965967246,18521.9659672446
1167.22688,1181.184,13.95712,28.9996800000001,0.156247809529305,0.00364544,0.138673841953278,0.00339968,0.0424626296061851,0.10012439525918,0.0888629069787694,0.124210473191839,0.00026118855465884,0.000243580337490828,2.07776962582539,24795.5322265625,9536.7431640625,32090362.4833376,-1690600.12816271,25761.2108350634,862.826166543691,16403.1982421875,17344.6677824963,17344.667782496
1210.18368,1225.74848,15.5647999999999,25.8764800000001,0.171099722385406,0.00392192,0.149137139320374,0.00387072,0.0463849484700717,0.109641576956888,0.0955678414316327,0.13568392847737,0.000251973684210528,0.000248684210526318,1.66250000000002,25939.94140625,9536.7431640625,53348379.1053644,-2012699.96340398,27111.5984235491,827.613985624941,16403.1982421875,18402.93407441,18402.9340744084
1251.62496,1268.23424,16.6092799999999,24.8422399999999,0.173913106322289,0.00344064,0.173913106322289,0.00344064,0.0461406427013814,0.111444407768794,0.111444407768794,0.134969292209811,0.000207151664611592,0.000207151664611592,1.4956843403206,25177.001953125,9536.7431640625,78525264.8785826,-2280914.58474601,26715.4567844265,1136.47438134378,16403.1982421875,16905.0106145155,16221.7269217184
1293.07648,1309.62432,16.54784,26.1222400000001,0.176402851939201,0.00408576,0.176402851939201,0.00408576,0.0496334618373603,0.113039849490464,0.113039849490464,0.145186387139566,0.00024690594059406,0.00024690594059406,1.5785891089109,25177.001953125,9536.7431640625,55344784.1446508,-1930709.15232708,26656.7691341861,1049.35873902595,16403.1982421875,16793.9480725479,16793.9480725426
1335.74656,1353.75872,18.01216,24.8729599999999,0.197833254933357,0.00425984,0.197833254933357,0.00425984,0.0533999879892065,0.126772561305204,0.126772561305204,0.156204122026671,0.000236498010233087,0.000236498010233087,1.38089823763502,25939.94140625,9536.7431640625,60543755.6011247,-2064013.27287185,27576.174054827,1136.45384065361,20027.1606445312,17647.7665290935,17534.6479115455
1378.63168,1397.26848,18.6368,24.85248,0.219783201813698,0.00514048,0.218825578689575,0.00458752,0.0601808862398268,0.140838199498699,0.140224549704325,0.176039412214459,0.000275824175824176,0.000246153846153846,1.33351648351648,25939.94140625,9155.2734375,46935091.0216452,-1854950.60064866,27584.7491096048,1115.06784343005,20027.1606445312,18268.3634407533,18268.3634407475
1422.12096,1440.8704,18.74944,26.03008,0.20715343952179,0.0075776,0.205418586730957,0.00457728,0.0615446013340373,0.132744983244634,0.13163328070577,0.180028512718166,0.00040415073730202,0.00024412889131622,1.38831239759694,26321.4111328125,9155.2734375,58310032.8059431,-2024183.63676602,28069.4400562959,1839.89914506843,20027.1606445312,17680.0046195908,17453.9132305999
1466.90048,1486.24384,19.3433600000001,24.8729599999999,0.229562222957611,0.00510976,0.22432442009449,0.00415744,0.0694330615375498,0.147104646248965,0.143748235392795,0.203103611545549,0.000264160931709898,0.000214928533615669,1.28586553732133,26702.880859375,9155.2734375,53160808.3704645,-1918261.3087576,28408.2749310662,2179.91982951069,16403.1982421875,17394.7277241974,17214.6745800566
1511.1168,1530.73664,19.6198400000001,24.6271999999999,0.255181819200516,0.00567296,0.230852469801903,0.00408576,0.0666533799219487,0.163521814517324,0.147931443023965,0.194972566153433,0.000289144050104383,0.000208246346555323,1.25521920668058,26321.4111328125,9155.2734375,33209806.3765541,-1660258.76778563,27699.1900275735,796.497607486646,16403.1982421875,19790.2908964221,19790.2908964203
1555.36384,1574.59456,19.23072,26.7059200000001,0.271571427583694,0.00902144,0.260073632001877,0.00386048,0.0756418723536485,0.174024359371195,0.166656513172831,0.221265447884434,0.000469116080937167,0.000200745473908413,1.38871139510118,26321.4111328125,8773.8037109375,33927468.318781,-1671349.07680582,27590.3589585248,737.13238955808,16403.1982421875,19594.1697091636,19594.1697091618
1601.30048,1621.73952,20.43904,24.95488,0.299243092536926,0.00910336,0.270212084054947,0.00377856,0.0783367232970181,0.191756503761593,0.173153285087496,0.229148349013304,0.000445390781563127,0.000184869739478958,1.22094188376754,26702.880859375,9155.2734375,44587738.4189445,-1810949.16466968,27911.3358142329,994.717920024485,16403.1982421875,18388.8778478187,18387.340460537
1646.6944,1667.44064,20.7462399999999,26.3884800000001,0.357925951480865,0.01027072,0.29188859462738,0.00494592,0.0838071648692918,0.229360779824994,0.187043703896772,0.245150328696669,0.000495064165844029,0.000238400789733466,1.27196446199408,27847.2900390625,9155.2734375,30632203.9007222,-1670535.41121613,29271.2566899318,765.326644213519,16403.1982421875,21473.0296936263,21473.0296936247
1693.82912,1715.31264,21.48352,26.1222399999999,0.292923629283905,0.00991232,0.26180961728096,0.00433152,0.0805974052570212,0.187706959396923,0.167768941415957,0.235761231413487,0.00046139180171592,0.000201620591039085,1.21591992373689,27084.3505859375,9155.2734375,41790902.8103225,-1751673.65534033,28789.3509840202,1708.6140172828,22125.244140625,18366.9951450242,18343.8745392776
1741.43488,1763.15392,21.7190399999999,26.7161599999999,0.320271551609039,0.01084416,0.294631838798523,0.0050176,0.0928292306922744,0.205231647855903,0.188801588788159,0.271541418354417,0.0004992927864215,0.000231023102310232,1.23008015087223,27847.2900390625,9155.2734375,40902953.5388214,-1749458.58052487,29349.1548551987,1563.43458560582,22125.244140625,18711.0551889356,18701.9546856601
1789.87008,1812.1728,22.3027200000001,25.9071999999999,0.379202008247375,0.01091584,0.330817401409149,0.00513024,0.100234840049599,0.242994585787869,0.211989482329942,0.293204095656277,0.000489439853076214,0.000230027548209365,1.16161616161615,28228.759765625,9155.2734375,44010775.989075,-1827943.56191006,29757.9848975466,1515.4646298855,22125.244140625,19084.2503652385,18876.6552846226
1838.08,1861.0688,22.9888000000001,25.3542399999999,0.354340314865112,0.00478208,0.354340314865112,0.00478208,0.0984264679622831,0.227063085547852,0.227063085547852,0.287914297196888,0.000208017817371937,0.000208017817371937,1.10289532293986,28228.759765625,9536.7431640625,42063016.2967502,-1791751.49204384,30534.309253358,1957.54767853061,16403.1982421875,19200.9260697482,18960.5466689419
1886.42304,1909.26848,22.8454400000001,25.5180800000001,0.397261530160904,0.01143808,0.288945585489273,0.004352,0.10381159382484,0.254567219770445,0.185157808593133,0.303666713799188,0.00050067234424025,0.000190497534737785,1.11698789780368,27465.8203125,8773.8037109375,28357089.6382585,-1540115.2386431,29239.3199184485,1178.29249707029,22125.244140625,20384.6445438491,20384.6445438456
1934.78656,1959.7312,24.9446399999999,25.0060800000001,0.38593265414238,0.0048128,0.38593265414238,0.0048128,0.104331292088666,0.247307618091945,0.247307618091945,0.305186920339986,0.000192939244663383,0.000192939244663383,1.0024630541872,28228.759765625,9536.7431640625,35907076.4059104,-1676958.20177944,30142.7965040331,1524.8889904582,15258.7890625,19670.7879558619,19488.4766267692
1984.73728,2010.42944,25.6921600000001,24.6681599999999,0.39097660779953,0.0049152,0.39097660779953,0.0049152,0.108056307624937,0.250539809385755,0.250539809385755,0.316083229558192,0.000191311279394181,0.000191311279394181,0.960143483459541,28228.759765625,8773.8037109375,32138034.9233598,-1611980.2034551,30095.2366420201,1108.93529612287,15354.1564941406,20225.5284096025,20201.3514988652
2035.0976,2061.4144,26.3168000000001,24.4531199999997,0.414319336414337,0.0053248,0.414319336414337,0.0053248,0.117610500559271,0.265497949236147,0.265497949236147,0.344030882267079,0.000202334630350194,0.000202334630350194,0.929182879377417,28610.2294921875,9536.7431640625,30344798.2331646,-1577494.38289415,30427.3263940967,1092.84806139076,15258.7890625,20504.955571096,20498.5870300494
2085.86752,2114.31424,28.4467200000004,22.90688,0.439254701137543,0.01391616,0.437947750091553,0.00551936,0.123542242841802,0.28147665844813,0.28063915753527,0.361382245632901,0.000489200863930879,0.000194024478041754,0.805255579553625,28991.69921875,9536.7431640625,32018430.8202879,-1616877.18737999,30966.5212518142,1497.55108021254,15258.7890625,20739.7925717012,20085.0299911018
2137.22112,2164.16256,26.9414400000001,25.5283199999999,0.4440558552742,0.005888,0.4440558552742,0.005888,0.132017794646119,0.284553262567746,0.284553262567746,0.386174688068514,0.000218548080577727,0.000218548080577727,0.94754846066134,28991.69921875,9155.2734375,25791593.7576001,-1491396.38001189,31021.8246692591,1214.68669590965,15258.7890625,21459.7650020555,21459.7650020464
2189.69088,2218.31168,28.6207999999997,24.0640000000003,0.52925306558609,0.0057856,0.52925306558609,0.0057856,0.137543269469556,0.339148070558621,0.339148070558621,0.402337649448769,0.000202146690518786,0.000202146690518786,0.840787119856907,29373.1689453125,9536.7431640625,29479524.4116307,-1599416.53246171,31400.0095774534,1166.80616990871,15354.1564941406,21759.882610178,21628.422591576
2242.37568,2270.59712,28.2214399999998,25.9686400000001,0.52493292093277,0.01486848,0.448781460523605,0.00615424,0.148507049104487,0.336379699775383,0.287581454574122,0.434408584976214,0.000526850507982587,0.000218069666182875,0.920174165457193,29373.1689453125,9536.7431640625,25044274.3273716,-1479143.43299518,31290.3181837482,1140.19896592648,15258.7890625,21797.0534801828,21797.0534801699
2296.56576,2327.52128,30.95552,24.4838399999999,0.567197501659393,0.00663552,0.567197501659393,0.00663552,0.144693390009975,0.363463059208606,0.363463059208606,0.423252978149342,0.000214356599404565,0.000214356599404565,0.790936156136285,30136.1083984375,9536.7431640625,24828961.5616611,-1495210.83826147,32193.5506967398,1169.68489184574,15258.7890625,22528.2975060983,22492.8201409553
2352.00512,2382.65344,30.6483200000002,25.12896,0.605871796607971,0.0064512,0.605871796607971,0.0064512,0.158093150145307,0.388245745157719,0.388245745157719,0.462449574368251,0.000210491146007349,0.000210491146007349,0.81991313063815,30136.1083984375,9536.7431640625,22781681.9495141,-1432353.55505749,31959.2402531551,1083.78603969473,15258.7890625,22499.9515817974,22499.9515817778
2407.7824,2439.51616,31.7337600000001,25.3951999999999,0.704539239406586,0.00718848,0.704539239406586,0.00718848,0.168088489057416,0.451472347000916,0.451472347000916,0.491687654710903,0.000226524685382381,0.000226524685382381,0.800258147789605,30136.1083984375,9536.7431640625,21375196.9178111,-1393956.67420682,32198.7836788862,1260.56019170528,15258.7890625,22709.9894273852,22709.989427365
2464.91136,2497.5872,32.6758399999999,25.33376,0.667826056480408,0.01667072,0.556549727916718,0.00736256,0.177037713919621,0.427946351663146,0.356639911351023,0.517865672067432,0.000510184895017238,0.000225321215919775,0.775305546850519,30517.578125,9536.7431640625,21490716.2217483,-1397590.59729618,32217.042058961,1015.33277037642,15258.7890625,22722.6808668691,22721.5829568093
2522.92096,2555.4432,32.5222400000002,29.2659199999998,0.70861953496933,0.00775168,0.70861953496933,0.00775168,0.190837368594762,0.454087021260538,0.454087021260538,0.558232028390159,0.000238350125944583,0.000238350125944583,0.899874055415605,30899.0478515625,9536.7431640625,19398991.6825994,-1356640.82648297,32780.8347522703,1297.40072537847,15258.7890625,23602.7608105072,23602.7608104953
2584.70912,2619.11552,34.4063999999998,27.8220800000004,0.719437658786774,0.01821696,0.692735850811005,0.00806912,0.203298062319646,0.461019330317052,0.443908675236801,0.594681694325145,0.000529464285714288,0.000234523809523811,0.808630952380967,30899.0478515625,9536.7431640625,19638200.3749535,-1335896.5748225,32689.0533063081,892.761216933786,23555.7556152344,22721.771396914,22715.6832195242
2646.9376,2683.20768,36.2700799999998,25.7126400000002,0.809044241905212,0.00854016,0.809044241905212,0.00854016,0.216284155440777,0.518439686947987,0.518439686947987,0.632668243590901,0.000235460191981933,0.000235460191981933,0.708921513269349,31280.517578125,9536.7431640625,16699388.4698471,-1252309.60421662,32946.8637851659,1008.21124065075,23555.7556152344,23453.0116655631,23453.0116655399
2708.92032,2746.35776,37.4374399999997,25.7843200000002,0.76756876707077,0.00845824,0.76756876707077,0.00845824,0.205655605488155,0.491861990605262,0.491861990605262,0.6015779123702,0.000225929978118164,0.000225929978118164,0.688730853391696,30517.578125,9536.7431640625,15501604.3906558,-1196292.45537735,32389.3681781841,1161.47884406196,23460.3881835938,23059.6687046801,23059.6687046538
2772.14208,2809.45664,37.3145599999998,25.1699200000003,0.809945642948151,0.00903168,0.809945642948151,0.00903168,0.218750318961276,0.519017309345268,0.519017309345268,0.639882194792007,0.000242041712403953,0.000242041712403953,0.674533479692656,31280.517578125,9918.212890625,16656187.722231,-1243110.27569062,32812.9311159535,920.982125894255,23460.3881835938,23194.4304705969,23194.4304704808
2834.62656,2871.86944,37.2428799999998,25.82528,0.889491379261017,0.00896,0.889491379261017,0.00896,0.222672967245061,0.56999062390094,0.56999062390094,0.65135661368723,0.000240582897992853,0.000240582897992853,0.693428649986257,30136.1083984375,9536.7431640625,16422918.7638991,-1228384.4168104,32373.0740319104,1237.12631741398,23460.3881835938,22969.4577523697,22969.4577523164
2897.69472,2935.35744,37.6627200000003,26.8492799999999,0.957770824432373,0.00833536,0.957770824432373,0.00833536,0.235164442266257,0.613744441487306,0.613744441487306,0.687896320192379,0.000221315932572048,0.000221315932572048,0.712887438825441,30899.0478515625,9536.7431640625,16807126.4599751,-1234169.52059913,32290.500051055,770.66102866646,23460.3881835938,22671.7460644374,22641.6003155269
2962.20672,3002.4704,40.26368,28.4774399999997,0.938699066638947,0.00934912,0.938699066638947,0.00934912,0.241132293186065,0.601523161577214,0.601523161577214,0.705353307514232,0.000232197355035605,0.000232197355035605,0.707273652085444,31280.517578125,9918.212890625,15300790.8250178,-1183845.53979476,32793.2519996621,760.974973265372,23460.3881835938,22937.0858256852,22860.8878414887
3030.94784,3073.45408,42.5062400000002,26.3168000000001,1.0854959487915,0.0099328,1.0854959487915,0.0099328,0.249514646108871,0.695591354249709,0.695591354249709,0.729873127239458,0.000233678631655022,0.000233678631655022,0.619127920982895,30899.0478515625,9918.212890625,14969775.6949076,-1175325.62071741,32956.7695775043,836.194409230078,23460.3881835938,23227.7425144129,22911.5750115599
3099.77088,3141.48864,41.71776,29.98272,1.07551908493042,0.00944128,1.07551908493042,0.00944128,0.26358585672744,0.689198128874688,0.689198128874688,0.771033831263775,0.000226313205694649,0.000226313205694649,0.718703976435935,30899.0478515625,9918.212890625,13701831.7264147,-1105367.88623428,32163.4950484821,739.036653942722,23460.3881835938,22319.4824030702,22267.1947632
3171.47136,3213.42464,41.9532800000002,28.3033599999999,1.1162211894989,0.00990208,1.1162211894989,0.00990208,0.269468042904147,0.715280245596656,0.715280245596656,0.788240234522062,0.000236026360751769,0.000236026360751769,0.674639980473512,31280.517578125,9918.212890625,13264591.9789519,-1104972.29783914,32809.0192708831,786.890321816565,23460.3881835938,23012.9203903428,23010.4996251858
3241.728,3286.20032,44.4723199999999,27.6377600000001,1.18926453590393,0.0108544,1.18926453590393,0.0108544,0.257433922913185,0.762086795451927,0.762086795451927,0.753038369908688,0.00024407091871978,0.00024407091871978,0.621459820400648,30899.0478515625,9918.212890625,12349358.1600223,-1066340.50235935,32746.2375330992,851.317553705475,23460.3881835938,23039.8762491224,22998.232982498
3313.83808,3357.55264,43.7145599999999,30.1875199999999,1.19598376750946,0.01022976,1.19598376750946,0.01022976,0.270620700970984,0.766392513420945,0.766392513420945,0.791611957028135,0.000234012649332397,0.000234012649332397,0.690559850081987,30517.578125,9536.7431640625,11407562.7816718,-1012130.72724726,32001.783867844,832.976646936632,23460.3881835938,22445.421791753,22445.4217917029
3387.74016,3431.58784,43.8476800000003,31.0476799999997,1.22945702075958,0.01015808,1.22945702075958,0.01015808,0.279955668166403,0.787842345256171,0.787842345256171,0.818918336857341,0.000231667445119102,0.000231667445119102,0.70808033629144,31661.9873046875,9536.7431640625,12943060.3122283,-1091531.21275467,32859.0756370908,608.814745432982,23460.3881835938,23049.6875791421,22976.5371168697
3462.63552,3508.0704,45.4348800000002,31.8156800000002,1.22946107387543,0.0101376,1.22946107387543,0.0101376,0.281505459963709,0.787844942513528,0.787844942513528,0.82345174362648,0.00022312373225152,0.00022312373225152,0.700247915258057,31280.517578125,9155.2734375,11442329.1239181,-1021317.32542173,32531.4633481137,643.553671597853,23460.3881835938,22797.5743842741,22782.7060582074
3539.88608,3586.79552,46.9094399999999,32.5939199999998,1.28068888187408,0.01061888,1.28068888187408,0.01061888,0.285939151911945,0.82067198381267,0.82067198381267,0.836421052875218,0.00022636978825584,0.00022636978825584,0.694826457105433,31280.517578125,9155.2734375,10675740.3258858,-985078.690371368,32440.8439393855,596.533401634542,23460.3881835938,22730.3334602851,22717.5705225895
3619.38944,3667.67104,48.2816000000003,32.9625599999999,1.2137748003006,0.011264,1.2137748003006,0.011264,0.291342654747976,0.777793098201078,0.777793098201078,0.852227225276259,0.000233297985153763,0.000233297985153763,0.682714740190875,31661.9873046875,9155.2734375,10299929.1125167,-977630.38882398,33027.2891195614,651.201459795894,23460.3881835938,23205.2510317135,23191.2617726528
3700.6336,3748.82304,48.1894400000001,33.6998399999998,1.45472204685211,0.01135616,1.45472204685211,0.01135616,0.302370583426669,0.932193325781935,0.932193325781935,0.884485807757143,0.000235656608584785,0.000235656608584785,0.699320016999569,31280.517578125,9155.2734375,10266955.4557117,-976833.486854659,32992.0598330729,728.677558930184,23460.3881835938,23238.7557246615,23230.9075633732
3782.52288,3832.77056,50.2476799999999,34.0275200000001,1.30920052528381,0.01174528,1.30920052528381,0.01174528,0.30779022562857,0.838942390692896,0.838942390692896,0.900339190570967,0.000233747707356837,0.000233747707356837,0.677195842673734,31661.9873046875,9536.7431640625,9700625.49265284,-945112.211342695,32908.2410286336,683.019425082118,23460.3881835938,23042.9199659589,22997.2720472805
3866.79808,3917.58848,50.7903999999999,34.4576000000002,1.27686619758606,0.01092608,1.27686619758606,0.01092608,0.323927811438725,0.818222388175085,0.818222388175085,0.94754439637766,0.000215120967741936,0.000215120967741936,0.678427419354844,31661.9873046875,9155.2734375,9845959.31889167,-943926.112519401,32639.5661030209,721.009357893485,23460.3881835938,22703.7095946372,22543.1108161356
3952.04608,4005.61152,53.5654399999999,34.6214399999999,1.37351763248444,0.0127488,1.37351763248444,0.0127488,0.324674777675731,0.880157121847732,0.880157121847732,0.949729400712468,0.000238004205696808,0.000238004205696808,0.646339132097113,31280.517578125,9155.2734375,8416652.14575771,-871393.079623111,32917.3661236554,1429.65680499266,23460.3881835938,22581.5231591332,22527.0210037616
4040.23296,4093.42976,53.1968000000002,35.60448,1.34852135181427,0.0119296,1.34852135181427,0.0119296,0.323406162596625,0.864139377385466,0.864139377385466,0.946018484060919,0.000224254090471607,0.000224254090471607,0.669297401347447,31661.9873046875,9155.2734375,8050575.3535599,-858385.944260821,32506.6239045028,766.063136745691,23460.3881835938,22881.0659886437,22881.065988515
4129.03424,4183.78752,54.7532799999999,37.4272000000001,1.42281091213226,0.0125952,1.42281091213226,0.0125952,0.326898227266418,0.911744507488199,0.911744507488199,0.956233372047704,0.000230035533944268,0.000230035533944268,0.683560875257156,31661.9873046875,9155.2734375,7677248.11449825,-835533.462514727,32563.0093513749,738.723017406254,23508.0718994141,22734.1541911856,22732.4091282609
4221.21472,4277.71904,56.50432,37.5193600000002,1.38480114936829,0.01227776,1.38480114936829,0.01227776,0.326830382834252,0.887387657160807,0.887387657160807,0.956034915449494,0.000217288872779993,0.000217288872779993,0.664008698803919,31280.517578125,9155.2734375,7921903.11431242,-837429.061262676,32669.7659900851,1424.96567182968,23460.3881835938,22236.762251394,22025.7971342285
4315.2384,4372.71552,57.4771199999996,37.9084800000001,1.56053686141968,0.01261568,1.56053686141968,0.01261568,0.328103705265659,1,1,0.959759601913748,0.000219490468555142,0.000219490468555142,0.659540352752545,30899.0478515625,9536.7431640625,7866989.4528753,-815177.642136937,32101.5319020067,1566.77961932489,23460.3881835938,21369.8450770182,20864.5247842555
4410.624,4469.3504,58.7264000000005,39.6902399999999,1.33178555965424,0.01211392,1.33178555965424,0.01211392,0.329937986913889,0.85341499619731,0.85341499619731,0.965125190281846,0.000206277244986921,0.000206277244986921,0.675850043591972,31661.9873046875,9155.2734375,8727032.92896443,-855424.48848428,32488.4462312457,1912.37424193274,14162.0635986328,21786.1028100743,20138.2962884337
4509.04064,4569.55904,60.5183999999999,39.8540800000001,1.29337680339813,0.01342464,1.29337680339813,0.01342464,0.337905175063509,0.828802468800064,0.828802468800064,0.988430581852048,0.000221827411167513,0.000221827411167513,0.658544839255501,31661.9873046875,9536.7431640625,8104131.33099201,-839700.096559412,33291.8469407897,1817.69892028248,23460.3881835938,22366.1977561265,21136.1138377142
4609.41312,4672.256,62.8428800000002,39.3728000000001,1.17301559448242,0.03099648,1.16494131088257,0.01422336,0.326992075741835,0.751674390706341,0.746500348490825,0.956507894931661,0.000493237738308619,0.000226332084080169,0.626527619357993,31280.517578125,9536.7431640625,6969102.30758186,-782995.662857161,32827.124303701,1550.86749113448,14162.0635986328,22302.6136089715,21683.1315333283
4711.6288,4775.59808,63.9692799999993,43.0387200000005,1.44994878768921,0.01344512,1.44994878768921,0.01344512,0.332488272062722,0.92913459690413,0.92913459690413,0.972585211671205,0.000210180886825678,0.000210180886825678,0.672802945413813,30899.0478515625,9155.2734375,8208067.5966834,-823244.488110872,32727.7578511873,2052.33124673247,14162.0635986328,22210.0926474509,19074.3799814898
4818.6368,4884.46976,65.8329599999997,43.2537599999996,1.28874814510345,0.01371136,1.28874814510345,0.01371136,0.327962878391771,0.825836400897979,0.825836400897979,0.959347659158294,0.000208275003888631,0.000208275003888631,0.65702286514232,31280.517578125,9536.7431640625,6918764.0667474,-762455.490881848,32340.4126332987,1884.87665560137,14114.3798828125,21802.7954828047,20208.9262746655
4927.72352,4993.61792,65.8944000000001,44.2777599999999,1.37922930717468,0.01362944,1.37922930717468,0.01362944,0.340362475685643,0.883817192193683,0.883817192193683,0.995618607555608,0.000206837606837606,0.000206837606837606,0.67195027195027,31661.9873046875,9155.2734375,6872261.12041011,-761567.615055349,32408.4798857973,1795.72150765211,14162.0635986328,21854.3641131545,20343.1888002553
5037.89568,5106.93376,69.0380800000003,43.4688000000006,1.41427516937256,0.01410048,1.41427516937256,0.01410048,0.332416564273478,0.906274759883557,0.906274759883557,0.972375454091043,0.000204242064669237,0.000204242064669237,0.629635123108875,31661.9873046875,9155.2734375,5765545.86416564,-703034.925182381,32139.7877702809,1397.26389320916,14114.3798828125,21806.9699150294,21056.1110136781
5150.40256,5221.15072,70.7481599999992,45.5372800000005,1.17826557159424,0.03279872,1.1234518289566,0.01462272,0.335752686652293,0.755038602883322,0.719913676332233,0.982134184135357,0.000463598205239548,0.000206686930091188,0.64365320596325,31280.517578125,9536.7431640625,8136815.40251966,-826768.061658651,33433.6747338761,2220.13044236144,14114.3798828125,24238.1513438303,17765.0995346926
5266.688,5338.75712,72.0691200000001,46.9606400000002,1.46380853652954,0.0139264,1.46380853652954,0.0139264,0.337105332155261,0.938015994827486,0.938015994827486,0.986090904186441,0.000193236714975845,0.000193236714975845,0.65160556976414,31661.9873046875,9536.7431640625,6751454.05072574,-751616.948913316,32650.4710595737,1957.08737865168,14114.3798828125,22735.908639152,19101.6029182933
5385.71776,5460.06016,74.3423999999995,48.8140800000001,1.20624709129333,0.02074624,1.17835474014282,0.0145408,0.335664189548117,0.772969303779193,0.755095742545184,0.981875314929947,0.000279063360881544,0.000195592286501379,0.656611570247939,31661.9873046875,9155.2734375,5970947.09843284,-707670.388806999,32486.2853108346,1944.55959227725,14114.3798828125,22326.4535470947,19609.7298431028
5508.87424,5585.89952,77.0252799999998,48.4863999999998,1.3595165014267,0.015104,1.3595165014267,0.015104,0.332159970568441,0.871185125476559,0.871185125476559,0.971624873502504,0.000196091465035895,0.000196091465035895,0.629486838606752,32043.45703125,9536.7431640625,5761540.01677213,-702284.243949603,32885.4886516328,1876.30340705817,14114.3798828125,22890.294556515,19911.0357217677
5634.38592,5711.27808,76.8921600000003,50.1657599999999,1.31691193580627,0.01603584,1.31691193580627,0.01603584,0.341860299820314,0.843883901985007,0.843883901985007,1,0.000208549740311625,0.000208549740311625,0.652417099480619,31661.9873046875,9155.2734375,5396345.57177204,-676953.926135126,32865.0107546693,2076.22025557455,14114.3798828125,22313.7600777626,20147.0730031002
5761.44384,5842.97472,81.5308800000003,51.1692800000001,1.26990902423859,0.01640448,1.26990902423859,0.01640448,0.335665601683798,0.813764195921206,0.813764195921206,0.98187944566897,0.000201205727204219,0.000201205727204219,0.627606129113287,31280.517578125,9155.2734375,4865087.45491705,-640811.384209072,32547.1053630004,1991.98627903752,15211.1053466797,22296.3602748014,19906.296156306
5894.144,5977.6,83.4560000000001,52.82816,1.42241072654724,0.01611776,1.42241072654724,0.01611776,0.333908089977051,0.911488066519122,0.911488066519122,0.976738422544405,0.000193128834355828,0.000193128834355828,0.633006134969324,30899.0478515625,9155.2734375,4193538.82598825,-590840.440016576,31798.4694367522,1582.77357645329,14114.3798828125,21521.0702808342,20101.5846873023
6030.42816,6117.0688,86.6406399999996,51.6607999999997,1.25402307510376,0.0160256,1.25402307510376,0.0160256,0.340240926824377,0.803584398488946,0.803584398488946,0.995263056292912,0.000184966316038294,0.000184966316038294,0.596265216877436,31661.9873046875,9155.2734375,4749083.76590612,-631531.828538688,32602.7819030671,2127.45191749158,15211.1053466797,22923.6181264236,19066.8472353204
6168.7296,6258.24768,89.5180800000007,51.9782399999995,1.22766256332397,0.01747968,1.22766256332397,0.01747968,0.330882157880437,0.786692447756168,0.786692447756168,0.967887052267702,0.000195264241592311,0.000195264241592311,0.580645161290312,31280.517578125,9536.7431640625,4282813.31230643,-596582.761511011,32383.5861316848,2036.10441831674,15211.1053466797,22466.4014551068,19084.6760824985
6310.22592,6401.37216,91.14624,52.4492799999998,1.24273979663849,0.01865728,1.24273979663849,0.01865728,0.309160427604996,0.796354015955716,0.796354015955716,0.904347266317543,0.000204696101561622,0.000204696101561622,0.575440961689696,30517.578125,9536.7431640625,3686374.79496336,-553255.651669214,32142.4830927296,1834.53835871868,14114.3798828125,21714.5363829907,19802.1085222954
6453.82144,6545.46944,91.6480000000001,55.6953599999997,1.27461981773376,0.01777664,1.27461981773376,0.01777664,0.324547174471304,0.816782896479738,0.816782896479738,0.949356139457813,0.000193966480446927,0.000193966480446927,0.6077094972067,30517.578125,9155.2734375,3887668.78859759,-570890.302154165,32419.8225854148,1847.43981322602,15211.1053466797,22249.6178655717,19667.0406197347
6601.1648,6694.5536,93.3888000000006,56.4531200000001,1.17218828201294,0.01913856,1.17218828201294,0.01913856,0.312932090323488,0.751144244645754,0.751144244645754,0.915380026542914,0.000204934210526314,0.000204934210526314,0.604495614035085,30899.0478515625,9155.2734375,3421058.77593952,-541835.7147399,32326.6640542746,1652.3248077882,15211.1053466797,22143.8998604001,20764.7326746675
6751.00672,6850.14016,99.1334399999996,60.18048,1.2127640247345,0.01952768,1.2127640247345,0.01952768,0.29928550206027,0.777145388050111,0.777145388050111,0.87546141572326,0.000196983782667081,0.000196983782667081,0.607065385807254,30899.0478515625,9155.2734375,2613533.05822634,-461972.457662805,31418.1808342511,2678.3370157804,15187.2634887695,20716.9302754169,20112.5824022007
6910.32064,7009.00352,98.6828800000003,56.6988799999999,1.39156138896942,0.0207872,1.39156138896942,0.0207872,0.302966975727694,0.891719653263087,0.891719653263087,0.886230357508425,0.000210646466742762,0.000210646466742762,0.574556397219049,31280.517578125,9155.2734375,3414698.25737272,-547100.021298697,33099.7996353077,1804.96624799916,14090.5380249023,23091.9302017727,20736.0128141418
7065.7024,7172.73088,107.02848,56.9344000000001,1.20980417728424,0.02233344,1.20980417728424,0.02233344,0.301712714165137,0.77524870266995,0.77524870266995,0.88256142735416,0.000208668197474168,0.000208668197474168,0.531955606582473,30899.0478515625,9155.2734375,3001980.7986694,-510871.935816174,32824.9166866658,1717.19693271337,15187.2634887695,23179.7824210228,20289.8699340279
7229.66528,7335.49568,105.8304,59.62752,1.25219345092773,0.02188288,1.25219345092773,0.02188288,0.298731452508588,0.802411965961873,0.802411965961873,0.87384072577484,0.000206773101112724,0.000206773101112724,0.563425253991293,30899.0478515625,9536.7431640625,3070764.49119701,-509787.629718869,32771.3886728103,1944.18432060831,14114.3798828125,22757.5052943272,19558.2405688692
7395.1232,7504.67072,109.54752,62.3001599999998,1.06892347335815,0.02331648,1.06892347335815,0.02331648,0.276770073865302,0.684971627255069,0.684971627255069,0.809599927253255,0.000212843522153673,0.000212843522153673,0.568704430734714,30517.578125,9536.7431640625,2630047.91095843,-465663.183477804,32280.125561137,2444.18684734405,15187.2634887695,21774.0755169228,19449.9384091902
7566.97088,7677.67552,110.70464,61.1430399999999,1.10097408294678,0.0224768,1.10097408294678,0.0224768,0.282982491656712,0.705509821757867,0.705509821757867,0.827772314613458,0.000203033946905929,0.000203033946905929,0.552307834612894,30899.0478515625,9155.2734375,2601303.17693863,-464781.576322059,32353.8368808486,2427.83562224446,14114.3798828125,21948.7027874222,19573.1609525631
7738.81856,7851.83744,113.018880000001,58.9926399999995,1.17969810962677,0.02312192,1.17969810962677,0.02312192,0.281652574464263,0.755956580579298,0.755956580579298,0.823882078768148,0.000204584579142882,0.000204584579142882,0.521971550240094,31280.517578125,9536.7431640625,2706503.57064262,-477589.892535686,32834.3842777049,2486.70955920182,15211.1053466797,22732.00003551,19405.7813697963
7910.83008,8026.63424,115.804160000001,56.4531200000001,1.1798529624939,0.02556928,1.1798529624939,0.02556928,0.274499982710424,0.756055811088333,0.756055811088333,0.802959521344552,0.00022079759483597,0.00022079759483597,0.487487841542133,30899.0478515625,9155.2734375,1907803.4107864,-406512.185203877,32183.2146522719,1852.36249779064,15211.1053466797,21818.5287476185,21491.0070905351
8083.08736,8202.96704,119.879679999999,58.5318399999996,1.18135523796082,0.02695168,1.18135523796082,0.02695168,0.268561291587707,0.75701847688884,0.75701847688884,0.785587831429583,0.0002248227556163,0.0002248227556163,0.488254890236611,31280.517578125,9155.2734375,2025499.51776904,-416068.363747034,32727.7370647651,2202.72399923511,14090.5380249023,21963.969057075,20769.4098701057
8261.49888,8382.06464,120.565760000001,59.4534399999993,1.12971639633179,0.02716672,1.12971639633179,0.02716672,0.267790113743247,0.723928043137695,0.723928043137695,0.783332003991105,0.000225326991676573,0.000225326991676573,0.493120434856452,30517.578125,9155.2734375,1961417.63812674,-407287.868069218,32538.6727181015,2178.88776666306,14090.5380249023,21693.5441220668,20593.6035504218
8441.51808,8560.42496,118.90688,57.7433600000004,0.834937334060669,0.03375104,0.792709112167358,0.02707456,0.243412850443898,0.535032112795526,0.507972052288596,0.712024328568831,0.000283844299001032,0.000227695487426799,0.485618325869791,30899.0478515625,9536.7431640625,2070847.00829788,-408583.01977847,32406.8889186082,2756.49297621193,14090.5380249023,21003.3858865773,19303.9449327614
8618.16832,8738.77504,120.60672,57.876479999999,0.824570775032043,0.02304,0.824570775032043,0.02304,0.250763806955437,0.528389168764589,0.528389168764589,0.733527136924766,0.000191034131431483,0.000191034131431483,0.479877738155876,34332.275390625,9155.2734375,1646631.48002273,-374555.420792721,32672.1524329293,2783.53439883249,14877.3193359375,21377.5871514208,21222.0306875427
8796.65152,8922.27584,125.624320000001,58.7468800000006,0.886314392089844,0.03406848,0.786413967609406,0.02635776,0.237878128974543,0.567954794277356,0.503938091468071,0.695834319163631,0.000271193348549069,0.000209814150635799,0.467639387023151,34332.275390625,9536.7431640625,1561820.82363217,-360750.603575132,32231.0041182422,3058.96615182821,15211.1053466797,20992.0060378641,20671.2211412584
8981.02272,9107.08736,126.064639999999,60.3238400000009,0.850223302841187,0.02906112,0.850223302841187,0.02906112,0.236794602087538,0.544827439748977,0.544827439748977,0.692664817213348,0.000230525546259445,0.000230525546259445,0.478515149053704,30517.578125,9155.2734375,1499671.21023082,-355342.863266824,32022.5970586348,1971.94987717613,15163.4216308594,21135.7913006191,20962.955170684
9167.4112,9291.80672,124.39552,63.4777599999998,0.774554073810577,0.06317056,0.761475384235382,0.0303616,0.223770093099756,0.496338210880797,0.487957319728186,0.654565894949991,0.000507820217319723,0.00024407309845242,0.510289759631213,30899.0478515625,9536.7431640625,1794387.86342915,-387773.49540425,32942.410208774,2258.49673262602,16450.8819580078,21429.1268525512,20470.4874689741
9355.28448,9482.53696,127.252479999999,64.1638400000011,0.768495619297028,0.02731008,0.768495619297028,0.02731008,0.201603169722282,0.492455922250948,0.492455922250948,0.5897238428336,0.000214613341916795,0.000214613341916795,0.504224672084988,34332.275390625,9155.2734375,1260909.24423595,-331002.168247062,32873.6314083517,3400.03916474146,16450.8819580078,21702.6992081558,21702.6992078369
9546.7008,9668.10624,121.405439999999,69.1302400000004,0.741652607917786,0.04206592,0.626470446586609,0.02685952,0.195969365670645,0.475254783307763,0.401445465387268,0.573243999884307,0.000346491228070179,0.000221238191632931,0.56941632928476,32806.396484375,9155.2734375,1748570.27161357,-399466.93627446,34087.5438823437,1976.40781194515,15377.9983520508,22905.0227460984,22724.7908246318
9737.23648,9861.0176,123.78112,70.2054400000015,0.713439583778381,0.04272128,0.55418062210083,0.03008512,0.192191939841693,0.457175733182835,0.355121776230695,0.562194381572564,0.00034513567174057,0.000243050959629385,0.567174056915964,33950.8056640625,9155.2734375,1512201.54561585,-391214.936044299,35388.9651616759,1810.35815913293,22125.244140625,25255.425219411,25255.4252191945
9931.22304,10052.73088,121.507839999998,78.5305600000011,0.745822846889496,0.04091904,0.60445910692215,0.02840576,0.18067275494454,0.477927093763741,0.387340486383802,0.52849879041089,0.000336760492162485,0.000233777178493177,0.646300353952487,33569.3359375,9155.2734375,1814974.19685004,-434827.298854678,36113.3172100982,1318.90657539496,22125.244140625,26049.0920108797,26038.3651644999
10131.26144,10237.7984,106.536959999999,71.854080000001,0.64779931306839,0.06191104,0.578098714351654,0.01682432,0.169760253241218,0.415113112085711,0.370448612040946,0.496577851626663,0.000581122645136489,0.000157920030757402,0.674452133794707,34713.7451171875,9155.2734375,2018316.22853031,-467495.749661586,36995.028884969,1959.75590445953,31900.4058837891,26897.4368278845,26897.4368277828
10309.65248,10427.40224,117.749759999999,88.094720000001,0.583745777606964,0.02566144,0.583745777606964,0.02566144,0.173039076612808,0.374067279049025,0.374067279049025,0.506168972249074,0.000217931994086445,0.000217931994086445,0.748152013218557,35095.21484375,9155.2734375,1865793.82736922,-450895.161769061,37692.7265981938,1724.81795922447,15974.0447998047,27223.5545099308,27223.5545096939
10515.49696,10619.43296,103.936,0,0.588295221328735,0.02868224,0.386825382709503,0.02435072,0.141704233714366,0.376982585847759,0.24787968312238,0.414509183396983,0.000275960591133006,0.000234285714285715,0,32806.396484375,9155.2734375,1902602.20556025,-431128.576130861,35085.6436408094,2047.35020407559,15974.0447998047,24256.5538812268,24256.5538811219
