note.starts,note.ends,note.durs,INI,pk.amps,pk.times,qpk.amps,qpk.times,note.rmss,rel.pk.amps,rel.qpk.amps,rel.note.rmss,rel.pk.tm,rel.qpk.tm,rel.INI,max.Hz,min.Hz,FMa,FMb,FMc,FM.resid,note.DF,arcL,chordL
958.06464,966.26688,8.20223999999996,31.3139199999999,0.0302812922745943,0.00326656,0.0250690542161465,0.00053248,0.00876197930821067,0.0169293208398191,0.0140153220056607,0.0233164104693824,0.000398252184769041,6.49188514357057e-05,3.81772784019976,28610.2294921875,14495.849609375,-248478486.463725,2349094.88686493,16802.8331938244,6959.0732299,17166.1376953125,8553.058362526,2551.017262587
997.5808,1014.28224,16.70144,26.24512,0.174821510910988,0.00534528,0.106830522418022,0.00416768,0.0348413678663965,0.0977372240615086,0.0597255947038151,0.0927159955429695,0.000320049049662783,0.000249540159411403,1.57142857142857,28610.2294921875,11825.5615234375,95938353.2767993,-1737652.77447222,25554.2797046703,4987.05381914962,17356.8725585938,13475.8985819972,2260.4417583994
1040.52736,1060.23936,19.712,22.7430400000001,0.25756448507309,0.00497664,0.239234149456024,0.00492544,0.0485420469018122,0.143996225960391,0.133748310186228,0.129174727624163,0.000252467532467533,0.00024987012987013,1.15376623376624,28610.2294921875,10299.6826171875,32187138.1088807,-1134437.96280302,25033.9508056641,4951.25486418947,17356.8725585938,10136.3636242662,9855.31198027159
1082.9824,1102.2848,19.3023999999998,22.4358400000001,0.255173802375793,0.00453632,0.255173802375793,0.00453632,0.0514411526906369,0.142659670240057,0.142659670240057,0.13688950737753,0.000235013262599472,0.000235013262599472,1.16233421750665,31280.517578125,8773.8037109375,-538246.456670309,-661590.079997882,24977.2913315717,6258.37354567882,17356.8725585938,12970.8176490625,12970.8176490625
1124.72064,1145.58976,20.8691200000001,21.79072,0.231797963380814,0.00442368,0.231797963380814,0.00442368,0.0497415847661077,0.129590971762549,0.129590971762549,0.13236680514839,0.00021197252208047,0.00021197252208047,1.04416094210009,31280.517578125,8773.8037109375,-11312146.3643529,-556977.61249079,24839.0085556928,5939.94956519245,17547.607421875,16550.3005352508,16550.3005352504
1167.38048,1189.632,22.25152,19.12832,0.234303861856461,0.0043008,0.234303861856461,0.0043008,0.0492721132006064,0.130991941011204,0.130991941011204,0.13111749933062,0.0001932811780948,0.0001932811780948,0.859641049240681,28228.759765625,9155.2734375,42077338.0591938,-1478055.60016918,25540.3626937,4919.78643684607,17356.8725585938,13904.6990078797,12055.2253670056
1208.76032,1229.81376,21.0534399999999,22.6304,0.259419530630112,0.00515072,0.259419530630112,0.00515072,0.0564342329612131,0.145033323754056,0.145033323754056,0.150176540478171,0.000244649805447472,0.000244649805447472,1.07490272373541,29373.1689453125,9155.2734375,21396713.090686,-1119964.3528829,25428.1657152993,4905.94950808743,18692.0166015625,14095.0662325355,14095.0662325321
1252.44416,1274.43968,21.9955199999999,22.1900800000001,0.258903205394745,0.0056832,0.249937012791634,0.00493568,0.0566504171889472,0.144744662507768,0.139731945417849,0.150751826040205,0.000258379888268157,0.0002243947858473,1.00884543761639,28991.69921875,9155.2734375,44282889.4755028,-1560689.15387825,26589.502860149,4825.59964717886,18692.0166015625,14598.2220339383,12903.9791461856
1296.62976,1318.66624,22.03648,22.24128,0.292149513959885,0.00536576,0.292149513959885,0.00536576,0.0597498909516531,0.163331630967865,0.163331630967865,0.158999802889752,0.000243494423791822,0.000243494423791822,1.0092936802974,28228.759765625,9918.212890625,44597968.2492612,-1513797.14634412,27104.8216135755,4880.22091932787,18692.0166015625,13989.8514715911,11701.6994655032
1340.90752,1362.97472,22.0672,21.58592,0.278691798448563,0.00616448,0.254419058561325,0.00536576,0.0593528952292823,0.155807844281478,0.142237716643389,0.157943361771623,0.000279350348027843,0.000243155452436195,0.978190255220419,28610.2294921875,9918.212890625,22399236.4617355,-1094622.39524836,25998.2051002967,4817.60111230787,18692.0166015625,13247.6896592326,13247.6896592249
1384.56064,1407.29344,22.7328,21.8931200000002,0.294759184122086,0.00633856,0.292579382658005,0.00560128,0.0642053060599039,0.164790615712022,0.163571957075598,0.170856060913338,0.000278828828828829,0.000246396396396396,0.963063063063071,28610.2294921875,9918.212890625,42120303.3465244,-1560257.40200744,27288.4703519052,4732.81922936484,18692.0166015625,15196.1340727744,13702.0808561164
1429.18656,1453.27104,24.08448,21.8521599999999,0.296740233898163,0.00644096,0.274005353450775,0.00570368,0.0613964021497307,0.165898158512863,0.153187799857804,0.163381316425266,0.000267431972789116,0.000236819727891157,0.907312925170065,28610.2294921875,8773.8037109375,47793767.2402396,-1616745.02782812,27465.2466738134,4693.8665319373,17452.2399902344,16130.1371776183,11215.1066216411
1475.1232,1500.16,25.0368000000001,20.7462399999999,0.335899770259857,0.00610304,0.335899770259857,0.00610304,0.0757815988746453,0.187791027185508,0.187791027185508,0.201661611290447,0.000243762781186093,0.000243762781186093,0.828629856850711,27465.8203125,9918.212890625,62581265.9585927,-2060927.84194393,28902.0290622464,2807.6336356276,18692.0166015625,21564.7514166772,12370.5126896692
1520.90624,1546.81344,25.9071999999999,18.9644800000001,0.333133518695831,0.0072192,0.317711800336838,0.00636928,0.0739939137913068,0.18624450269024,0.177622703606065,0.196904421421937,0.000278656126482215,0.000245849802371543,0.732015810276687,27465.8203125,9918.212890625,40902953.5388215,-1546004.22689341,27662.0047433036,3550.05339936963,18596.6491699219,16617.810970052,12599.2731576618
1565.77792,1591.16288,25.3849600000001,20.6745599999999,0.35096600651741,0.0059392,0.35096600651741,0.0059392,0.0768509251806334,0.196214087375268,0.196214087375268,0.204507184213994,0.000233965308592173,0.000233965308592173,0.814441306978615,28991.69921875,9918.212890625,29216395.3848725,-1410332.23529059,27765.5465262277,4292.789911157,18692.0166015625,17065.4482341235,16974.2933852802
1611.83744,1636.73088,24.8934400000001,22.6815999999999,0.336545497179031,0.00707584,0.298759132623672,0.00595968,0.0802545425791255,0.188152032854965,0.167026861474325,0.213564514476074,0.000284245166598107,0.000239407651172357,0.911147675853552,27084.3505859375,9918.212890625,38272213.175162,-1558391.09298892,27649.619362571,3264.46778146767,17452.2399902344,16650.8454589342,15077.061704929
1659.41248,1687.13216,27.7196800000002,19.1385599999999,0.384209543466568,0.00714752,0.351198524236679,0.0050688,0.0872969961224609,0.214799506311793,0.196344080739975,0.232305113118449,0.00025785001847063,0.000182859253786478,0.690432212781669,27847.2900390625,9918.212890625,37064899.1140386,-1563509.20917093,28580.4507289479,3288.30825415337,17452.2399902344,18116.7566030605,14860.0233370751
1706.27072,1732.25984,25.98912,22.2310400000001,0.395734429359436,0.00823296,0.347093880176544,0.00477184,0.0941076746160733,0.221242708575203,0.194049302974312,0.250428937627284,0.00031678486997636,0.00018360914105595,0.855397951142638,27465.8203125,9918.212890625,37159207.6366906,-1612951.65735392,28755.8815696023,2685.84517904399,17452.2399902344,18185.7148393654,16820.5886094008
1754.49088,1781.4528,26.96192,22.3232,0.428106427192688,0.00751616,0.375281423330307,0.00539648,0.102095272369143,0.239340877324918,0.209808074344075,0.271684649530229,0.000278769464489176,0.0002001519179643,0.82795290543107,28228.759765625,9918.212890625,34485574.7671019,-1550350.47040867,29226.482957854,3131.27334191785,17452.2399902344,18117.8537767549,16731.3047199676
1803.776,1830.94272,27.1667199999999,20.5721599999999,0.447716623544693,0.00720896,0.408822953701019,0.00513024,0.104921895229906,0.250304323097458,0.228560092057029,0.279206545730318,0.000265359969845459,0.00018884281944968,0.757255936675461,27847.2900390625,9918.212890625,35937321.1216298,-1586895.24274835,29182.9725768457,3186.62447496076,17452.2399902344,18448.6161890685,16587.8933439433
1851.51488,1878.91712,27.4022400000001,21.27872,0.467507094144821,0.00854016,0.392673164606094,0.00499712,0.109739280026142,0.261368554548428,0.219531251457885,0.292026037462368,0.000311659192825111,0.00018236173393124,0.776532137518682,28228.759765625,9918.212890625,36211173.2748703,-1606547.18283,29467.0824409541,3157.86133818992,17452.2399902344,18805.4508517271,16832.6458517773
1900.19584,1928.62208,28.42624,20.3468799999998,0.461274802684784,0.00861184,0.416052222251892,0.00541696,0.113068414612726,0.257884275847986,0.232601749382123,0.30088516230142,0.000302953890489913,0.000190561959654179,0.715778097982703,28228.759765625,9918.212890625,42236745.502044,-1758287.95027112,30010.5852571872,2950.48817260746,17452.2399902344,20746.1239364912,15852.0657327523
1948.96896,1978.71616,29.7472,20.26496,0.500372707843781,0.00953344,0.443249464035034,0.00591872,0.121378133655175,0.279742688448058,0.247806874313045,0.322998067760739,0.000320481927710843,0.000198967297762478,0.681239242685024,28610.2294921875,9536.7431640625,41374771.1040432,-1779179.11033217,30824.4124702785,2901.82969204013,17452.2399902344,21940.4974300853,16313.2311931158
1998.98112,2030.36672,31.3856000000001,19.7222400000001,0.524524986743927,0.0090624,0.433296710252762,0.00633856,0.123988725636344,0.293245470126119,0.242242601808031,0.329945086471908,0.000288743882544861,0.000201957585644372,0.628384991843394,28991.69921875,9918.212890625,29816357.4840803,-1496121.82620477,30234.4102125902,3074.16988902663,17452.2399902344,19950.3623780195,17585.9027092366
2050.08896,2081.47456,31.3856000000001,19.84512,0.519442141056061,0.00965632,0.425943940877914,0.00596992,0.122797612732447,0.290403810508396,0.23813189904544,0.326775428520693,0.000307667210440456,0.00019021207177814,0.632300163132134,28991.69921875,9536.7431640625,33789396.4016352,-1660183.71996672,30555.7250976563,1864.35837507953,17452.2399902344,21963.7228454381,18821.4183056421
2101.31968,2135.7568,34.43712,18.6470399999998,0.593826770782471,0.01051648,0.49527034163475,0.00666624,0.135022305513531,0.33198992416465,0.276890115519148,0.359306429190686,0.000305382099316086,0.000193577163247101,0.541480820695802,29373.1689453125,9536.7431640625,30689479.3729695,-1562371.20952605,30930.1584094485,2645.23056390358,17452.2399902344,22360.9580935591,17408.4437183352
2154.40384,2190.05952,35.6556799999998,17.7356800000002,0.638434588909149,0.010752,0.563813805580139,0.00301056,0.14259935269873,0.356928756305061,0.315210616575757,0.379469629319499,0.000301550832854683,8.44342331993111e-05,0.49741527857554,30517.578125,9918.212890625,31634180.957226,-1640023.69944052,31631.4509349504,2111.9046636643,17452.2399902344,24253.4519551721,18258.7555143567
2207.7952,2240.58368,32.7884800000002,21.7087999999999,0.62613832950592,0.0099328,0.549441993236542,0.00318464,0.147383343135978,0.350054303303544,0.307175787018018,0.39220025567603,0.000302935665209243,9.71267957526541e-05,0.662086196127413,29754.638671875,9536.7431640625,26576217.8239026,-1493124.22591488,31134.9628900288,1942.85631013287,17452.2399902344,21558.2928049287,20385.5960750681
2262.29248,2295.33696,33.04448,21.1558399999999,0.664506316184998,0.01076224,0.603412389755249,0.00308224,0.158779798666462,0.371504641372933,0.337348943111625,0.422527242957982,0.000325689494886892,9.32754880694143e-05,0.640223117446541,30517.578125,9536.7431640625,29077269.6925636,-1578760.2037246,31580.9424543555,1971.45185353184,17452.2399902344,22440.9262473736,20418.7441939899
2316.4928,2353.54112,37.0483199999999,17.3568,0.655420899391174,0.0103936,0.539509952068329,0.00351232,0.145710369066651,0.366425269777053,0.301623094285944,0.387748322073709,0.000280541735765617,9.48037589828638e-05,0.468490878938642,30136.1083984375,9536.7431640625,31510911.8082691,-1617672.36510598,31911.236823467,2593.29841717935,17452.2399902344,24842.2793129487,16680.8586626066
2370.89792,2405.10976,34.2118399999999,22.90688,0.72521710395813,0.01161216,0.59571236371994,0.00746496,0.158522013941871,0.405446138827182,0.333044100040708,0.421841254753734,0.000339419335528286,0.000218198144268184,0.669560011972465,29754.638671875,9918.212890625,22787828.9126673,-1326852.09784885,30614.0417340158,2918.42722052398,17452.2399902344,19906.8400231468,18722.0374113909
2428.01664,2462.54592,34.5292800000002,23.74656,0.701420962810516,0.01074176,0.691544234752655,0.00366592,0.179901567547501,0.3921424625975,0.386620693690713,0.478734158741066,0.000311091340450769,0.000106168446026097,0.687722419928823,30899.0478515625,9536.7431640625,24475296.8588156,-1454542.0752285,31855.5409097906,1780.63233735869,17452.2399902344,22177.8830514734,21043.0995862966
2486.29248,2522.97216,36.6796799999997,22.5075200000001,0.86506849527359,0.01042432,0.788172662258148,0.00377856,0.202077517451193,0.48363266574304,0.440642617083334,0.537746344494395,0.00028419877163596,0.000103015075376885,0.613623673925189,32043.45703125,9918.212890625,25281635.4203409,-1511108.34921523,32814.382919537,1860.71472344625,17452.2399902344,23747.1344007654,21413.0855802735
2545.47968,2584.85248,39.3728000000001,20.9510399999999,0.891381204128265,0.01333248,0.85509979724884,0.00919552,0.202212425197743,0.498343276054056,0.478059479312094,0.538105346071937,0.000338621586475942,0.000233550065019505,0.532119635890764,32043.45703125,8773.8037109375,25174803.871411,-1530564.16030593,33660.9278256592,2074.8764543355,17452.2399902344,25291.0431018872,21236.1780754051
2605.80352,2643.6096,37.8060799999998,23.1628800000003,0.953101754188538,0.00920576,0.953101754188538,0.00920576,0.213770949727345,0.532849299935247,0.532849299935247,0.568863613453382,0.000243499458288192,0.000243499458288192,0.612676056338039,32043.45703125,9918.212890625,22315410.2659618,-1401055.73636111,33019.8328274906,2285.78345994658,17452.2399902344,22909.0803272305,21073.016390326
2666.77248,2710.7328,43.9603200000001,18.0531199999996,1.08698618412018,0.00975872,1.08698618412018,0.00975872,0.210617417110288,0.60769988587509,0.60769988587509,0.560471781158256,0.000221989284882366,0.000221989284882366,0.410668530165375,32424.9267578125,8773.8037109375,21322035.3293732,-1415800.46659351,33692.3251966802,2046.19643296388,17452.2399902344,25971.1508534657,21034.0007342282
2728.78592,2767.99488,39.2089600000004,21.1353599999998,1.04768085479736,0.00992256,0.802280247211456,0.00978944,0.222314493379096,0.585725508930188,0.448529725393766,0.591598747107562,0.000253068686341079,0.000249673544006265,0.539044136850341,32424.9267578125,8773.8037109375,22110074.7753294,-1459794.34935219,34230.7552214592,1698.92090432229,22411.3464355469,24944.4331067592,23246.2596426476
2789.13024,2827.15136,38.0211199999999,22.2515200000003,1.01995265483856,0.00944128,1.01995265483856,0.00944128,0.223520432251325,0.570223541934973,0.570223541934973,0.594807858286303,0.0002483167250202,0.0002483167250202,0.585241044977116,31661.9873046875,8773.8037109375,22734167.2510343,-1479372.83787273,33737.6133088142,1025.14607070523,17547.607421875,24750.5937047524,23382.7734758237
2849.40288,2888.59136,39.1884799999998,22.6508800000001,1.10365474224091,0.01017856,0.814598858356476,0.00708608,0.225836653075834,0.617018753967114,0.455416674553131,0.600971529025786,0.000259733472694018,0.000180820486020382,0.577998432192324,31661.9873046875,8773.8037109375,21542216.7806508,-1451741.7153472,34114.3146637947,914.63383051734,22411.3464355469,25108.4657740655,23808.3725652317
2911.24224,2954.4448,43.2025600000002,20.9715199999996,1.14493060112,0.009984,1.14493060112,0.009984,0.224369276837839,0.640094792187895,0.640094792187895,0.597066709637998,0.000231097416449395,0.000231097416449395,0.485423086039335,31280.517578125,9155.2734375,26532603.901177,-1596884.33796353,34598.9253522787,1768.81347775418,22411.3464355469,28587.412938063,19467.4159580997
2975.41632,3016.38656,40.9702400000001,22.14912,1.19407391548157,0.01027072,1.13768541812897,0.01022976,0.254427268041778,0.667569278032648,0.636044237598413,0.677053712134041,0.000250687328167957,0.000249687578105473,0.540614846288427,32043.45703125,9155.2734375,18701617.7944879,-1335458.90655153,33934.8685932669,1627.17499214079,22411.3464355469,24359.4401869279,23322.273767762
3038.53568,3083.74528,45.2096000000001,21.1967999999997,1.32157230377197,0.01083392,1.32157230377197,0.01083392,0.226095767875743,0.738849628367598,0.738849628367598,0.601661056679397,0.000239637599093997,0.000239637599093997,0.468856172140423,31280.517578125,9155.2734375,17127199.1527629,-1254279.76847161,33304.2218418195,1870.68578379953,22411.3464355469,24228.4280873404,21699.0684167249
3104.94208,3146.1376,41.1955200000002,25.0060800000001,1.29797184467316,0.00963584,1.29797184467316,0.00963584,0.252856647297489,0.725655351834489,0.725655351834489,0.672874149882477,0.000233905045985582,0.000233905045985582,0.607009694258016,31280.517578125,9536.7431640625,18233598.5575675,-1272007.64861846,32561.7943218047,1533.53738046358,22411.3464355469,22911.4297995021,21457.3075967159
3171.14368,3212.70784,41.5641599999999,25.0060800000001,1.38166213035583,0.010496,0.948175430297852,0.0085504,0.249598276009154,0.772443965895286,0.530095146745547,0.664203332507997,0.000252525252525253,0.000205715693520572,0.601626016260167,30517.578125,9536.7431640625,16401021.9546898,-1223417.06657842,32587.4848799272,792.66825881436,22411.3464355469,23113.5231831102,22516.2350914765
3237.71392,3280.49664,42.7827199999997,26.0608000000002,1.32893192768097,0.0105472,1.32893192768097,0.0105472,0.259218321709466,0.742964163285262,0.742964163285262,0.689803134378392,0.00024652943992341,0.00024652943992341,0.609143130684547,30899.0478515625,9536.7431640625,15725925.1525846,-1178540.08460583,32469.8055491728,1611.73367555274,22411.3464355469,22524.3408296398,21637.0283065192
3306.55744,3354.43968,47.8822399999999,22.6815999999999,1.27714693546295,0.01001472,1.27714693546295,0.01001472,0.259480768083828,0.714012798198314,0.714012798198314,0.690501527649545,0.000209153122326775,0.000209153122326775,0.473695466210435,31280.517578125,9155.2734375,15656123.6451082,-1195660.79622669,32553.1129412323,801.530736424135,22411.3464355469,24300.4261928743,21355.9830668004
3377.12128,3421.71648,44.5952000000002,29.1839999999997,1.26871502399445,0.01101824,1.26871502399445,0.01101824,0.265418814626343,0.709298780934822,0.709298780934822,0.706303200502371,0.000247072330654419,0.000247072330654419,0.654420206659004,30899.0478515625,9155.2734375,13513027.7500161,-1110172.95287677,32444.6630293798,724.226808826939,22411.3464355469,22969.0400874324,22634.5960155732
3450.90048,3499.19232,48.2918400000003,24.0947200000001,1.29342615604401,0.01046528,1.29342615604401,0.01046528,0.268968751802552,0.72311399988217,0.72311399988217,0.715749900777437,0.0002167090754877,0.0002167090754877,0.498939779474128,31280.517578125,9536.7431640625,17286294.958732,-1238772.35871162,32951.8633841529,1678.91737426137,17261.5051269531,24877.3238887656,19509.1967718081
3523.28704,3575.61344,52.3263999999999,21.9033599999998,1.47077059745789,0.01071104,1.47077059745789,0.01071104,0.26259097131321,0.822261715264613,0.822261715264613,0.698778056569387,0.000204696673189824,0.000204696673189824,0.41859099804305,31280.517578125,9155.2734375,16156721.4628352,-1191991.82098257,32835.4719208508,2232.90021397163,17261.5051269531,25836.0044278556,18134.6950939542
3597.5168,3646.40256,48.8857600000001,26.2656000000002,1.31000173091888,0.0127488,1.17486500740051,0.0117248,0.284776570893816,0.732380883957546,0.656830179947339,0.757815920975894,0.000260787599497276,0.000239840804356933,0.537285295349814,31661.9873046875,9155.2734375,13610021.4675755,-1120434.31184777,33109.1012066675,808.863085690704,22411.3464355469,23871.623919675,22247.8149673374
3672.66816,3726.1312,53.4630399999996,23.7670400000002,1.26773154735565,0.01253376,1.26773154735565,0.01253376,0.277880311583287,0.70874894998951,0.70874894998951,0.739464358260276,0.000234437847155719,0.000234437847155719,0.444550852327147,31280.517578125,9155.2734375,14019218.7046111,-1123552.02057145,33008.8001607003,1683.12415452524,22411.3464355469,25025.3863581342,19997.4208144501
3749.89824,3802.25536,52.3571200000001,26.4601600000001,1.40970599651337,0.01124352,1.40970599651337,0.01124352,0.28472834138255,0.788122411962402,0.788122411962402,0.757687577933545,0.000214746724036769,0.000214746724036769,0.505378447095639,31661.9873046875,9155.2734375,14584705.5492697,-1152122.11048649,33346.3024179279,1262.48190720508,17261.5051269531,25164.8743066949,20341.2087675127
3828.71552,3878.28736,49.5718399999996,30.0953600000003,1.34347140789032,0.01200128,1.34347140789032,0.01200128,0.303859409385425,0.751092730688404,0.751092730688404,0.808597060663629,0.000242098739929768,0.000242098739929768,0.607105969840952,30899.0478515625,9155.2734375,11371717.5799818,-999878.246443704,31894.0351849143,651.384567144853,22411.3464355469,22336.7142883017,21621.31728772
3908.38272,3958.28224,49.8995199999999,30.34112,1.46950912475586,0.01313792,1.24782812595367,0.01215488,0.306556605966084,0.82155646543876,0.697621571287548,0.815774541958562,0.000263287502565155,0.000243587112661605,0.608044325877285,30899.0478515625,9536.7431640625,10830110.804829,-993356.502329882,32615.6616210937,738.840801637885,22411.3464355469,22954.7421501254,22601.4472531955
3988.62336,4042.43456,53.8112000000001,30.0748799999997,1.35923147201538,0.01306624,1.35923147201538,0.01306624,0.302510483124419,0.75990368827931,0.75990368827931,0.805007447256866,0.000242816365366317,0.000242816365366317,0.558896289248328,31280.517578125,9536.7431640625,10988469.0049161,-987747.786438942,32327.5719046125,778.047103933252,22411.3464355469,23060.8806179164,21333.185656941
4072.50944,4126.58688,54.07744,30.8428800000002,1.31001210212708,0.01337344,1.31001210212708,0.01337344,0.314168999484883,0.732386682174787,0.732386682174787,0.836031801841892,0.000247301647415262,0.000247301647415262,0.570346525279306,31280.517578125,9536.7431640625,10299440.6380925,-955011.846136367,32482.6483926684,1298.59914468981,22411.3464355469,22751.4527550299,21525.2255650857
4157.42976,4217.38496,59.9552000000003,28.3545599999998,1.26771283149719,0.01508352,1.21650540828705,0.01417216,0.305995807759768,0.708738486540005,0.68011002217185,0.814282207782799,0.000251579846285225,0.000236379163108453,0.4729291204099,31280.517578125,9536.7431640625,9269753.8161804,-906911.107595291,32296.6527100739,883.514736109308,22411.3464355469,23311.32549229,21052.7386916822
4245.73952,4307.34336,61.6038399999998,27.5865599999997,1.30372750759125,0.01533952,1.30372750759125,0.01533952,0.319414922199589,0.728873162464981,0.728873162464981,0.849991671296515,0.000249002659574469,0.000249002659574469,0.447805851063827,31280.517578125,9155.2734375,10599665.1124384,-965454.493019661,32836.0771646305,1776.89474633,22411.3464355469,24718.8729392363,19249.6241356416
4334.92992,4391.64928,56.7193600000001,34.1811200000002,1.3579523563385,0.01457152,1.31390810012817,0.01328128,0.337737246249572,0.759188574819529,0.734564812472325,0.898749014046928,0.0002569055786243,0.00023415779021484,0.602635854847448,30899.0478515625,9536.7431640625,8492665.02013458,-866336.644467961,31945.3504559865,724.409857381863,22411.3464355469,22371.0680898731,21816.427988522
4425.8304,4489.472,63.6415999999999,28.4364800000003,1.38778734207153,0.0131584,1.38778734207153,0.0131584,0.326231041514356,0.775868379668864,0.775868379668864,0.868129974316982,0.000206757843925986,0.000206757843925986,0.446822204344334,31280.517578125,9155.2734375,8904952.24407845,-878165.953317753,31821.4443980717,1329.8566624351,20408.6303710938,23479.7970544659,19820.574562109
4517.90848,4578.1504,60.2419200000004,34.90816,1.49348783493042,0.01358848,1.49348783493042,0.01358848,0.34438378535975,0.834962210285744,0.834962210285744,0.916436048978463,0.000225565187829337,0.000225565187829337,0.579466258711537,30899.0478515625,9155.2734375,7906211.46576441,-831242.514957163,31705.3481674547,833.49707270814,21028.5186767578,22314.2419348239,21383.3006153551
4613.05856,4678.03136,64.9727999999996,32.3276800000003,1.50742852687836,0.0162304,1.50742852687836,0.0162304,0.322634069116438,0.842756013950911,0.842756013950911,0.858558109110876,0.000249802994483847,0.000249802994483847,0.497557131599693,30899.0478515625,9536.7431640625,8658591.33296865,-866438.824492846,32612.1058399321,1551.59542301572,20408.6303710938,23607.9299476094,19743.0184473044
4710.35904,4770.54976,60.1907199999996,37.3964800000003,1.3950469493866,0.01512448,1.39052641391754,0.01401856,0.340229208336441,0.779926998445545,0.77739970883619,0.905380348001019,0.000251275944198709,0.000232902347737327,0.621299761823759,30517.578125,9155.2734375,7375188.55326289,-802236.892489419,31663.3106270507,681.559281085324,22411.3464355469,22064.2779986404,21567.4775965513
4807.94624,4869.888,61.9417599999997,39.0348800000002,1.59814095497131,0.01666048,1.26997089385986,0.01542144,0.35117700193835,0.89347048760741,0.710000898390442,0.934513405769937,0.000268970077698794,0.000248966771367169,0.630186807736822,31280.517578125,9155.2734375,7232672.59463015,-791555.410987725,32054.4534800004,1340.10264671915,20408.6303710938,22034.4025643954,21280.1499335871
4908.92288,4978.23744,69.3145599999998,32.2662399999999,1.5186619758606,0.01651712,1.5186619758606,0.01651712,0.338546989117557,0.849036282977527,0.849036282977527,0.900903812228989,0.000238292214507313,0.000238292214507313,0.465504505835426,30899.0478515625,9155.2734375,6996225.99067031,-784427.425187172,32161.8166109801,979.476098718835,20408.6303710938,23216.7740847617,20758.8164918193
5010.50368,5075.98848,65.4848000000002,37.1199999999999,1.54228031635284,0.016384,1.40641903877258,0.01532928,0.347495328148486,0.862240556436914,0.786284776973906,0.924716142585536,0.000250195465207192,0.000234089132134479,0.566849100860044,30899.0478515625,9155.2734375,5776922.32709078,-702074.411190907,31428.099757406,2158.33092557691,20408.6303710938,21459.5939310277,21202.2630612918
5113.10848,5181.40928,68.3008,37.0995199999998,1.47885155677795,0.01531904,1.47885155677795,0.01531904,0.345566914104305,0.826779526188348,0.826779526188348,0.919584460367692,0.000224287856071964,0.000224287856071964,0.543178410794599,30899.0478515625,9155.2734375,5677175.10356475,-682297.962523163,30865.895536847,2448.78814778494,14781.9519042969,20882.7387675574,20117.4789046211
5218.5088,5287.02464,68.51584,39.5571200000004,1.63237392902374,0.01688576,1.63237392902374,0.01688576,0.360602663174815,0.912609069798006,0.912609069798006,0.959595933199423,0.000246450455836198,0.000246450455836198,0.577342699148115,30899.0478515625,9155.2734375,5190800.81986755,-661256.932203663,31290.6959203622,2105.78862255878,20456.3140869141,21180.0903740046,20938.7732634014
5326.58176,5398.6304,72.04864,39.5980799999998,1.66168797016144,0.0170496,1.66168797016144,0.0170496,0.367777711056363,0.928997630861764,0.928997630861764,0.978689377232881,0.00023664013644116,0.00023664013644116,0.549602046617393,31661.9873046875,9536.7431640625,5705187.48072049,-698792.790361273,31871.6000956537,1469.9409888108,20456.3140869141,22063.9883261712,20731.4047438445
5438.22848,5509.56032,71.3318399999998,41.6256000000003,1.53528738021851,0.01778688,1.53528738021851,0.01778688,0.367471354902139,0.858331025154133,0.858331025154133,0.977874136110934,0.000249354005167959,0.000249354005167959,0.583548664944019,31280.517578125,9536.7431640625,5783619.68919196,-708417.830559366,32350.53624996,1344.15148625808,20456.3140869141,22281.6094707699,21104.3520473308
5551.18592,5628.4672,77.2812800000002,34.9900799999996,1.61506187915802,0.01683456,1.61506187915802,0.01683456,0.357892463657571,0.90293044565231,0.90293044565231,0.952383849927466,0.000217834901285278,0.000217834901285278,0.452762687160455,31280.517578125,8773.8037109375,5268026.44438584,-672267.811542307,31727.151958172,1495.92201688701,20408.6303710938,22404.0337380219,20490.97565849
5663.45728,5740.1856,76.7283200000002,38.9836800000003,1.70037746429443,0.01861632,1.70037746429443,0.01861632,0.362959420972897,0.950627713665638,0.950627713665638,0.965867476450558,0.000242626451354597,0.000242626451354597,0.508074202589086,31280.517578125,9155.2734375,5526568.21151912,-689303.096873817,32253.7900474741,1626.83169472373,20456.3140869141,22633.9212807271,20352.8622918122
5779.16928,5857.64864,78.4793600000003,43.4073599999992,1.60186088085175,0.01869824,1.60186088085175,0.01869824,0.373319397217009,0.895550181504194,0.895550181504194,0.99343629966547,0.000238256784968684,0.000238256784968684,0.553105427974936,31280.517578125,9536.7431640625,4708263.77908297,-634163.265498449,31891.0708697242,1508.27848683503,14781.9519042969,21937.7289192839,20770.4837681678
5901.056,5978.73664,77.6806400000005,46.22336,1.68078196048737,0.01692672,1.68078196048737,0.01692672,0.375785943540337,0.939672482034191,0.939672482034191,1,0.000217901397310834,0.000217901397310834,0.595043501186392,30899.0478515625,8773.8037109375,4456778.01080542,-599221.238140531,30625.9469970832,1352.35611939696,20408.6303710938,20628.714027904,19654.4347059474
6024.96,6111.35488,86.3948799999998,40.1510399999997,1.78868913650513,0.01896448,1.78868913650513,0.01896448,0.373736364313591,1,1,0.994545886396292,0.000219509304255067,0.000219509304255067,0.464738651179327,31280.517578125,9155.2734375,4289664.19767846,-602992.530343725,31706.1810398703,1748.70438199165,14781.9519042969,22303.8559209372,20077.0907589192
6151.50592,6236.74368,85.23776,46.2540800000006,1.68920958042145,0.01890304,1.68920958042145,0.01890304,0.374072734738813,0.944384100035376,0.944384100035376,0.995440998177359,0.000221768380586257,0.000221768380586257,0.542647765497364,31280.517578125,9155.2734375,4518415.89875983,-617961.403637848,31913.2659105874,1763.43716849552,14781.9519042969,22412.5644168015,19845.2047630675
6282.99776,6378.8032,95.8054400000001,39.8540800000001,1.72231078147888,0.01987584,1.72231078147888,0.01987584,0.351212897090934,0.962889943438724,0.962889943438724,0.934608925980849,0.000207460453185122,0.000207460453185122,0.415989739204789,31280.517578125,8773.8037109375,4073925.80741204,-596235.040318173,32106.0766705748,1654.75728773806,14781.9519042969,23901.3815604418,19729.289544469
6418.65728,6506.68032,88.02304,48.8857599999992,1.68198502063751,0.01929216,1.68198502063751,0.01929216,0.369480681923709,0.940345075234201,0.940345075234201,0.983221134997161,0.000219171707771056,0.000219171707771056,0.555374592833867,31280.517578125,8773.8037109375,3761562.98232731,-568323.784660693,31458.7783674102,1171.83438365366,14781.9519042969,22052.4200881475,20880.7882100324
6555.56608,6647.36768,91.8016000000007,47.4623999999994,1.55545258522034,0.02002944,1.55545258522034,0.02002944,0.360387264251665,0.86960475885681,0.86960475885681,0.959022737403111,0.000218181818181817,0.000218181818181817,0.517010596765188,31280.517578125,8773.8037109375,3597463.92590329,-555647.839816469,31544.2270186563,1487.92897610591,14781.9519042969,22219.8145058188,20691.6120367574
6694.83008,6790.07232,95.2422400000005,45.8239999999996,1.62430500984192,0.02056192,1.62430500984192,0.02056192,0.354518425691191,0.908097990137966,0.908097990137966,0.943405233179343,0.000215890764433931,0.000215890764433931,0.481131061176211,30899.0478515625,9155.2734375,3559754.25963743,-553482.982136008,31727.0956141822,1493.84822142966,14781.9519042969,22604.6059381526,20424.1281147006
6835.89632,6935.97184,100.07552,47.1961599999995,1.59139227867126,0.02153472,1.59139227867126,0.02153472,0.338372659662079,0.889697514337592,0.889697514337592,0.900439905958743,0.000215184692520208,0.000215184692520208,0.47160544356901,30899.0478515625,9155.2734375,3298716.10063028,-531840.874325496,31741.4081063937,1721.81257387003,14781.9519042969,22686.2059852707,20187.24842787
6983.168,7076.53632,93.3683200000005,56.1766399999997,1.53594779968262,0.02098176,1.53594779968262,0.02098176,0.367026287970324,0.858700244964682,0.858700244964682,0.976689773205761,0.000224720333406448,0.000224720333406448,0.601667032243906,30517.578125,9536.7431640625,3114280.13499528,-501213.76759138,30734.9471358566,1409.6768135602,14781.9519042969,20684.521568019,19648.3044628242
7132.71296,7230.65856,97.9456,53.1558400000004,1.51958632469177,0.022272,1.51958632469177,0.022272,0.352901563983154,0.849553057419945,0.849553057419945,0.939102619588201,0.000227391531625719,0.000227391531625719,0.542707788813386,30899.0478515625,9155.2734375,3165924.04394012,-513640.174389058,31445.0788726077,1680.59849242414,14781.9519042969,21729.5395688179,19937.0075262977
7283.8144,7382.6816,98.8671999999997,54.2412800000002,1.50693297386169,0.02290688,1.50693297386169,0.02290688,0.357614914932965,0.842478965800649,0.842478965800649,0.951645267951803,0.000231693423096842,0.000231693423096842,0.548627654065255,30517.578125,8773.8037109375,3137751.09394909,-511153.80483543,31568.4751729947,1640.28553169049,14805.793762207,21768.9344128961,19865.696927365
7436.92288,7538.3296,101.40672,58.0812800000003,1.54907596111298,0.02240512,1.54907596111298,0.02240512,0.345438248520863,0.866039788299757,0.866039788299757,0.919242069744378,0.000220943148540846,0.000220943148540846,0.572755730586694,30517.578125,9155.2734375,3140238.79668911,-501190.326429008,31246.9486136283,2239.15989832953,14805.793762207,21463.6859450202,18531.9776916828
7596.41088,7701.4016,104.99072,55.87968,1.45907759666443,0.02490368,1.45907759666443,0.02490368,0.339382984218786,0.815724525232642,0.815724525232642,0.903128469951288,0.000237198868623818,0.000237198868623818,0.532234467960598,30517.578125,9155.2734375,2640148.83211756,-473652.023204042,31687.8611995726,1825.34877695523,14805.793762207,21860.8564672546,20626.5709664988
7757.28128,7863.20384,105.92256,59.2588800000003,1.56264364719391,0.02412544,1.56264364719391,0.02412544,0.340629538455607,0.873625056082756,0.873625056082756,0.906445662247193,0.000227764887857695,0.000227764887857695,0.559454756380514,30517.578125,8773.8037109375,2479192.77924997,-458240.265606945,31445.1813369565,1471.02792094766,17213.8214111328,21626.8343176946,20722.4586952124
7922.46272,8032.0512,109.588479999999,59.5148799999997,1.42152905464172,0.02669568,1.42152905464172,0.02669568,0.332908253933532,0.794732312971505,0.794732312971505,0.88589863366669,0.000243599327228557,0.000243599327228557,0.54307606054943,30517.578125,9536.7431640625,2602313.29729133,-472776.443599958,32177.6722007276,1566.62018076803,14781.9519042969,22387.9195116951,20558.0191115736
8091.56608,8201.96352,110.39744,60.9484800000009,1.50976157188416,0.02664448,1.50976157188416,0.02664448,0.333984756982335,0.844060346245541,0.844060346245541,0.888763304544638,0.000241350524070124,0.000241350524070124,0.552082367127363,30899.0478515625,9155.2734375,2218126.01968637,-430038.753314343,31285.1854042994,1758.16572224941,14805.793762207,21245.2916701403,20441.5564156521
8262.912,8373.9136,111.0016,56.8217600000007,1.47181642055511,0.02782208,1.25724411010742,0.0273408,0.338393651947287,0.822846402159549,0.702885752727228,0.900495768306894,0.000250645756457565,0.000246309963099632,0.511900369003698,30899.0478515625,9536.7431640625,2558865.15072433,-467321.100541582,32491.1112785114,1832.10210913723,14781.9519042969,22328.3157488403,20344.7034366527
8430.73536,8550.38976,119.654399999999,60.2726399999992,1.47463643550873,0.02961408,1.47463643550873,0.02961408,0.316717014176568,0.824422984079828,0.824422984079828,0.842812296789837,0.000247496790757382,0.000247496790757382,0.503722721437737,30899.0478515625,9155.2734375,2571618.3903613,-471215.332476581,32910.8194251762,2076.69480798802,14805.793762207,23607.3407270336,19564.6762207644
8610.6624,8731.96544,121.303040000001,56.36096,1.28725600242615,0.02940928,1.28725600242615,0.02940928,0.305297394445066,0.719664460500545,0.719664460500545,0.812423667497546,0.000242444707074116,0.000242444707074116,0.464629410771566,30136.1083984375,9155.2734375,2100034.91390616,-423571.450553939,31908.4137440227,1451.39498977414,14805.793762207,22236.925278857,20479.6930938129
8788.3264,8909.28128,120.954879999999,66.5395200000003,1.29433012008667,0.02930688,1.29433012008667,0.02930688,0.300257176093678,0.72361937782863,0.72361937782863,0.799011195748593,0.000242295970199798,0.000242295970199798,0.550118523535393,30136.1083984375,9155.2734375,2058512.10161719,-415159.906080739,31747.1748150588,1512.63307838752,14805.793762207,21765.2282058486,20099.4137266232
8975.8208,9104.72192,128.90112,60.7744000000002,1.22682917118073,0.03078144,1.22682917118073,0.03078144,0.281439362257724,0.685881714235596,0.685881714235596,0.748935310369091,0.000238798856053383,0.000238798856053383,0.471480775341595,30136.1083984375,9155.2734375,1858103.51530079,-396861.04506731,31739.7325059655,1566.23903625867,14805.793762207,22099.0478736196,20282.5165817881
9165.49632,9287.15776,121.66144,60.7641600000006,1.1237291097641,0.03321856,0.945295810699463,0.02921472,0.276521877010779,0.628241703284297,0.528485241737674,0.735849442386334,0.000273040989815672,0.00024013130207895,0.499452908004383,30517.578125,9155.2734375,1722947.61144153,-382333.779282197,31735.5583363718,1333.35232214161,22459.0301513672,21408.2569066341,21013.0587695369
9347.92192,9474.28352,126.3616,59.3612799999992,1.21348071098328,0.03580928,1.0186083316803,0.03152896,0.273108041640388,0.678419008768771,0.569471973017363,0.7267649211873,0.000283387358184765,0.000249513776337115,0.46977309562398,30517.578125,8773.8037109375,1819819.56411172,-398845.384752744,32888.0682507726,1614.72913929994,14781.9519042969,22365.7640640961,21341.2198386979
9533.6448,9661.16352,127.51872,60.4569599999995,1.33612847328186,0.03586048,0.991816937923431,0.03101696,0.279584824079018,0.746987526235267,0.554493744989874,0.744000218435546,0.000281217377338794,0.000243234561952943,0.47410262587328,30517.578125,9155.2734375,1744781.28654017,-387207.339260759,32494.7095315399,1599.62179466864,22435.188293457,21960.877575107,21004.2539888183
9721.62048,9852.6208,131.000320000001,70.4102399999992,1.25681161880493,0.03442688,0.865326344966888,0.03045376,0.274909136959016,0.702643960403641,0.483776821419974,0.731557796891111,0.000262799968732899,0.000232470882513873,0.537481435159843,30517.578125,8773.8037109375,1680188.68726906,-378579.129453417,32170.5239973029,1379.98224871683,14781.9519042969,21890.489041893,20760.1281747164
9923.03104,10052.48512,129.45408,65.9353600000013,1.26544463634491,0.03100672,1.26544463634491,0.03100672,0.256045844376112,0.707470409764678,0.707470409764678,0.681360888499087,0.00023951906343933,0.00023951906343933,0.509333966144609,30136.1083984375,8773.8037109375,1823897.84433232,-387413.28422809,31545.52057989,1495.03800652892,17261.5051269531,21558.442634762,19586.695747838
10118.42048,10241.85344,123.43296,65.9455999999991,1.04386973381042,0.03652608,0.612901329994202,0.02359296,0.246401486470138,0.583594830709385,0.34265391201052,0.655696389675335,0.000295918367346939,0.000191139870582379,0.53426248548199,30899.0478515625,8773.8037109375,1781612.18940057,-392481.364056982,32598.7304091389,1566.79947513755,14781.9519042969,21929.9245729937,21301.0354902051
10307.79904,10428.40576,120.60672,60.4876800000002,0.938573122024536,0.0477184,0.696955740451813,0.02587648,0.242657735164669,0.524726797334046,0.389646096813433,0.645733932670694,0.000395652912209204,0.000214552555612159,0.501528273051454,30136.1083984375,8773.8037109375,1735323.97713486,-382666.770030959,32224.4563759163,1816.56654402777,14781.9519042969,21281.8879519008,20910.1945441677
10488.89344,10609.69472,120.80128,64.6144000000004,1.10321438312531,0.0377344,0.695004343986511,0.02292736,0.253981457609907,0.616772562995964,0.388555132248671,0.67586737070873,0.000312367551072307,0.000189794015427652,0.53488174959736,31280.517578125,8773.8037109375,1413526.97225206,-362317.804202619,32762.6727751533,972.599931879607,14781.9519042969,23140.9271459018,23140.9271457117
10674.30912,10793.45152,119.142400000001,86.9990399999988,0.828660309314728,0.03833856,0.267874181270599,0.0238592,0.196468507281168,0.463277990793764,0.149760053775466,0.522820266852476,0.000321787709497205,0.000200257842715942,0.73021057155134,32806.396484375,8773.8037109375,1828695.3358899,-402057.575114393,33088.5993018352,1462.95460159667,20408.6303710938,22254.3251355257,21943.9360248828
10880.45056,10976.48128,96.0307200000007,0,0.79838615655899,0.03482624,0.684609889984131,0.01975296,0.198773360190532,0.446352661435031,0.382743919003037,0.528953686553195,0.00036265728300277,0.000205694177863082,0,25939.94140625,8773.8037109375,1182573.53552147,-298036.951867027,26399.1593297142,352.989494299689,20384.7885131836,17715.1291527871,17715.1291527438
