note.starts,note.ends,note.durs,INI,pk.amps,pk.times,qpk.amps,qpk.times,note.rmss,rel.pk.amps,rel.qpk.amps,rel.note.rmss,rel.pk.tm,rel.qpk.tm,rel.INI,max.Hz,min.Hz,FMa,FMb,FMc,FM.resid,note.DF,arcL,chordL
912.2816,925.05088,12.76928,30.89408,0.0384285673499107,0.00526336,0.0319152623414993,0.00306176,0.0106795066986726,0.0316781324199056,0.0263089669064228,0.0368772343847621,0.000412189254210105,0.000239775461106656,2.41940657578188,26321.4111328125,14114.3798828125,152235126.86148,-2097460.14496143,25555.0037730824,3965.87721195632,15068.0541992188,12488.725124092,1960.43160310734
955.94496,969.85088,13.9059199999999,26.01984,0.04423838108778,0.00226304,0.04423838108778,0.00226304,0.0120739953573288,0.0364673832719448,0.0364673832719448,0.0416925209483771,0.000162739322533138,0.000162739322533138,1.87113402061857,20599.365234375,11062.6220703125,67545037.1625094,-887972.113865236,17987.7647986779,3592.6530406149,16212.4633789062,6550.23202032498,713.426111909462
995.87072,1010.98496,15.11424,28.0064,0.0893154591321945,0.00355328,0.0893154591321945,0.00355328,0.0181232743420448,0.0736261364045072,0.0736261364045072,0.0625811898047688,0.00023509485094851,0.00023509485094851,1.8529810298103,24414.0625,11444.091796875,39207176.7437553,-902116.982513786,21941.8452336238,4365.78866074942,16403.1982421875,5700.07885311104,4678.31529418845
1038.99136,1055.47776,16.4864,27.42272,0.0942410454154015,0.00403456,0.0942410454154015,0.00403456,0.0214032240951051,0.0776864848714261,0.0776864848714261,0.0739071320253846,0.00024472049689441,0.00024472049689441,1.66335403726708,24795.5322265625,11444.091796875,57563011.9660796,-1284377.33309312,23789.4582224416,4240.37033151004,17356.8725585938,8799.81084784009,5529.05208948149
1082.90048,1099.97056,17.07008,27.17696,0.102373212575912,0.00449536,0.0928219109773636,0.00420864,0.024245090946185,0.0843901401450093,0.0765166382768219,0.0837203371587814,0.000263347330533894,0.000246550689862028,1.59208158368327,26321.4111328125,14495.849609375,-7167648.64799206,-274447.522095435,22677.01285226,4236.70275265018,17356.8725585938,6773.40531885122,6773.40531885049
1127.14752,1145.46688,18.31936,24.6681599999999,0.113579422235489,0.00422912,0.113579422235489,0.00422912,0.0247354542992471,0.0936278457895865,0.0936278457895865,0.0854136030384511,0.000230855226383455,0.000230855226383455,1.34656232532141,26321.4111328125,9155.2734375,39193312.8198717,-1201932.22895838,23657.9350062779,5039.43960899894,17356.8725585938,9564.29399662834,8865.39453680851
1170.13504,1188.70016,18.5651200000002,24.8319999999999,0.12444981187582,0.00441344,0.12444981187582,0.00441344,0.0275990093379406,0.102588722195591,0.102588722195591,0.0953016993068578,0.000237727523441807,0.000237727523441807,1.33756205184774,26702.880859375,14495.849609375,1542973.17578802,-398348.097020606,23133.8949764476,4066.7910964301,17356.8725585938,6863.57340912803,6863.57340912798
1213.53216,1233.89952,20.36736,24.28928,0.138673901557922,0.00540672,0.106345191597939,0.00505856,0.031497597470485,0.114314181341632,0.0876643938085178,0.108763851856597,0.000265460030165913,0.000248366013071896,1.19255907491202,27084.3505859375,9155.2734375,53722976.8918756,-1614345.45283433,26264.3776687921,4388.10888823172,17356.8725585938,13661.005784697,10594.0872371126
1258.1888,1276.60032,18.4115200000001,27.4431999999999,0.121552631258965,0.00466944,0.104203626513481,0.00443392,0.0261860851864728,0.100200465813576,0.0858990201032333,0.0904227534368161,0.00025361512791991,0.000240823136818686,1.4905450500556,27084.3505859375,8773.8037109375,47796285.3523176,-1313623.11676886,24348.9882525276,5120.08389508089,17356.8725585938,10068.070468455,7983.61900890148
1304.04352,1323.4176,19.37408,26.78784,0.124081157147884,0.0052224,0.101207450032234,0.00482304,0.0296624835393188,0.102284826055451,0.0834291576578781,0.102427049186604,0.000269556025369978,0.000248942917547568,1.38266384778012,26321.4111328125,9155.2734375,73434758.2383769,-1841259.38370303,26158.7255141314,3749.87383084286,17356.8725585938,14974.7173416358,8108.60469578421
1350.20544,1369.42592,19.22048,26.6752000000001,0.139023840427399,0.0049152,0.114352874457836,0.00360448,0.0331402737546435,0.114602649286461,0.0942654319295248,0.114436151154535,0.000255727224294087,0.000187533297815664,1.38785295684604,26702.880859375,9155.2734375,42180580.6543914,-1458996.46770409,25623.5459271599,3976.80322208601,17356.8725585938,12772.8630853046,12459.973324934
1396.10112,1416.0896,19.98848,26.68544,0.147997573018074,0.00535552,0.105074040591717,0.003328,0.0366239125258491,0.122000039012698,0.0866165355957946,0.126465448677571,0.000267930327868853,0.000166495901639344,1.33504098360656,27084.3505859375,8773.8037109375,14966241.7535254,-1065071.79546444,25762.7636778588,5016.1462802414,17356.8725585938,15309.5640388327,15309.564038832
1442.77504,1462.72256,19.9475199999999,27.55584,0.157665446400642,0.005376,0.109408341348171,0.00372736,0.0358644249624756,0.12996963544452,0.0901894648715716,0.123842874276235,0.000269507186858317,0.000186858316221766,1.38141683778234,26702.880859375,8773.8037109375,13605674.3213867,-1025910.02359986,25487.413593367,4924.0563874184,17356.8725585938,15050.6145448799,15050.6145448793
1490.2784,1512.3968,22.1184000000001,26.7264,0.157055988907814,0.00598016,0.11052044481039,0.00551936,0.0363952006507546,0.129467236409283,0.091106214133131,0.125675687346602,0.00027037037037037,0.000249537037037036,1.20833333333333,26702.880859375,8773.8037109375,27239992.1676605,-1236800.16348836,25747.4350117308,3958.031991179,17356.8725585938,14029.5931983257,14029.5931983095
1539.1232,1566.67904,27.55584,22.00576,0.164406388998032,0.0059392,0.164406388998032,0.0059392,0.0359949119078296,0.135526451296922,0.135526451296922,0.124293456667702,0.00021553325901152,0.00021553325901152,0.798587885544408,26702.880859375,8773.8037109375,53442412.6760557,-1678071.64738183,26685.5413263494,3610.40453916715,17356.8725585938,20684.8639573498,5660.55026069316
1588.6848,1610.99776,22.31296,26.2246400000001,0.197781324386597,0.00644096,0.165226802229881,0.00498688,0.0468609672136681,0.163038682318129,0.136202749186482,0.161814859074893,0.000288664525011473,0.000223497016980266,1.17530977512621,27084.3505859375,8773.8037109375,12574507.42545,-992015.624559177,26033.6357250548,4575.15870332814,17356.8725585938,15874.3577740601,15874.3577740592
1637.2224,1660.28288,23.0604799999999,26.58304,0.194587364792824,0.0070656,0.191160827875137,0.00550912,0.0514486768303059,0.160405779716424,0.15758115476406,0.177656606039011,0.000306394316163412,0.000238898756660747,1.15275310834814,27847.2900390625,8773.8037109375,43824593.0773087,-1644786.90958398,27961.0617118969,3446.8603705302,17356.8725585938,16241.0825455566,14624.2820680078
1686.86592,1709.2608,22.3948800000001,25.6307199999999,0.204992368817329,0.00703488,0.16145084798336,0.00448512,0.0499033593608742,0.168983021025387,0.133090086215114,0.172320494912626,0.000314128943758573,0.000200274348422496,1.14449016918152,27465.8203125,9536.7431640625,15080815.8530738,-970071.366429712,25976.7498886376,4676.59318730743,17356.8725585938,14161.1404620935,14161.1404620914
1734.89152,1758.33088,23.4393600000001,25.7638400000001,0.212265148758888,0.00566272,0.212265148758888,0.00566272,0.0522530780920091,0.174978250666704,0.174978250666704,0.180434271216272,0.000241590214067277,0.000241590214067277,1.09916994320664,27847.2900390625,8773.8037109375,15639364.5883728,-1066915.18823459,27151.2750993695,4621.89418458078,17356.8725585938,16415.4860235925,16415.4860235907
1784.09472,1809.73568,25.64096,22.7328,0.20264196395874,0.00567296,0.20264196395874,0.00567296,0.0535609253132366,0.167045492736268,0.167045492736268,0.184950377613084,0.000221246006389777,0.000221246006389777,0.886581469648564,28228.759765625,8773.8037109375,28217219.9582903,-1302514.11469108,27684.0507210075,4506.4802025602,17356.8725585938,15216.1452467505,14846.051902477
1832.46848,1856.64512,24.1766399999999,26.2246400000001,0.218612462282181,0.00582656,0.218612462282181,0.00582656,0.0575347400839371,0.180210583073756,0.180210583073756,0.198672294068173,0.000240999576450657,0.000240999576450657,1.08470986869971,27465.8203125,8773.8037109375,25550024.1993198,-1316099.84188195,27718.794973273,4282.70763619319,17452.2399902344,16884.6294373524,16884.6294373424
1882.86976,1906.65728,23.7875199999999,25.2211200000002,0.233483076095581,0.0080896,0.222430393099785,0.00592896,0.0660090295238372,0.19246899669758,0.183357848932221,0.227934727880622,0.000340077486009473,0.000249246663796816,1.06026689625486,28228.759765625,9155.2734375,30853168.2355656,-1467767.56987615,28597.0358023966,4377.87678346253,17356.8725585938,17456.4053782452,17456.4052659334
1931.8784,1956.34176,24.46336,25.4566399999999,0.252410143613815,0.00615424,0.216296061873436,0.00555008,0.065746969608574,0.208071299684931,0.178301085948412,0.227029812963605,0.000251569694432817,0.000226873168689829,1.0406027626622,28610.2294921875,9155.2734375,43963718.7696176,-1790870.28915721,29506.826759281,2734.49873756511,17356.8725585938,18975.3653702816,17500.3540868059
1981.7984,2007.95136,26.1529600000001,24.4940799999999,0.271674871444702,0.00970752,0.226619228720665,0.005888,0.0685326915302913,0.223951948934835,0.186810865753671,0.236649144936186,0.000371182458888017,0.000225137039937352,0.936570086139383,28610.2294921875,8773.8037109375,41231796.084279,-1749823.87527542,29786.8406617796,2690.86352888349,17452.2399902344,19568.6686568847,17561.4605661558
2032.44544,2058.31168,25.8662399999998,25.7638400000001,0.277477324008942,0.0064,0.277477324008942,0.0064,0.0670268081186604,0.228735131690948,0.228735131690948,0.231449202926342,0.000247426761678545,0.000247426761678545,0.996041171813153,28228.759765625,8773.8037109375,24599951.9582584,-1317904.86212559,28566.8806596236,4169.41490639373,17356.8725585938,17630.3412591183,17630.341259103
2084.07552,2112.43008,28.3545600000002,24.9036799999999,0.312066435813904,0.00674816,0.312066435813904,0.00674816,0.0809968575798866,0.25724825459942,0.25724825459942,0.279688958083983,0.000237992054893461,0.000237992054893461,0.878295413506671,29373.1689453125,8773.8037109375,47706364.8639043,-1945815.38409348,30743.7459470726,2244.65380798057,16975.4028320312,22864.5835663173,16817.7246548607
2137.33376,2163.17952,25.8457600000002,26.4806399999998,0.369090408086777,0.002304,0.369090408086777,0.002304,0.0974447314355694,0.304255287891107,0.304255287891107,0.336484849169702,8.91442155309028e-05,8.91442155309028e-05,1.02456418383517,29373.1689453125,9155.2734375,41902128.9654037,-1847702.00000921,30081.3650155996,715.329100680048,17070.7702636719,20973.3237513519,19764.5015997769
2189.66016,2216.67328,27.0131200000001,26.8492799999999,0.351472854614258,0.00694272,0.336906641721725,0.00303104,0.0968152709989926,0.289732467231791,0.277724982886495,0.3343112693677,0.000257012888551933,0.000112206216830932,0.993934799090214,29373.1689453125,9155.2734375,36089094.6041486,-1726187.8065611,30391.7857363425,756.172490679849,17452.2399902344,20987.691062539,20295.1937808457
2243.52256,2273.15712,29.63456,25.9072000000001,0.414207994937897,0.0035328,0.414207994937897,0.0035328,0.102054486372919,0.34144743397666,0.34144743397666,0.35240272047944,0.000119212163096061,0.000119212163096061,0.874222529371117,30136.1083984375,9536.7431640625,43782030.513733,-1935445.80926672,32096.5310801631,1636.58247847501,27179.7180175781,23873.1477975047,18906.3928807034
2299.06432,2328.65792,29.5936000000002,25.3747199999998,0.414828211069107,0.01047552,0.39680415391922,0.00315392,0.102965531231671,0.341958701767482,0.327100784636741,0.35554863496212,0.000353979238754323,0.000106574394463667,0.857439446366771,29754.638671875,9155.2734375,32560691.0779394,-1647529.88063771,30496.0167926291,493.610981534892,17070.7702636719,21441.1620985275,20240.300441764
2354.03264,2384.384,30.3513600000001,25.7536,0.418079286813736,0.01061888,0.413850575685501,0.00744448,0.102488114434904,0.344638687388797,0.341152799667144,0.353900074629666,0.000349865047233467,0.000245276653171389,0.848515519568148,29754.638671875,9155.2734375,31448442.7148686,-1620107.77197432,30660.3358342097,630.586688377754,17070.7702636719,21529.0254011281,20202.0098613766
2410.1376,2442.46528,32.3276799999999,25.0060800000001,0.522523403167725,0.01145856,0.439365118741989,0.00401408,0.106955974955725,0.430735952431631,0.362185409762058,0.369327972591022,0.000354450427621161,0.000124168514412417,0.773519163763073,30517.578125,9536.7431640625,36293689.883417,-1736986.03554547,31945.1226128472,2277.47687025072,27179.7180175781,23342.3979965243,18222.9594324509
2467.47136,2500.02432,32.55296,25.9891200000002,0.520725846290588,0.00411648,0.520725846290588,0.00411648,0.123740447226176,0.429254157800368,0.429254157800368,0.427286166298499,0.000126454860018874,0.000126454860018874,0.798364265492299,30517.578125,8773.8037109375,31136578.1005057,-1668337.33489847,32083.1037994124,659.067382154878,27179.7180175781,23381.7915117062,21314.0360236905
2526.01344,2559.2832,33.2697599999997,26.2144000000003,0.541134655475616,0.01236992,0.493145108222961,0.00403456,0.128301471997123,0.446077916906688,0.406518304423647,0.443035768247233,0.000371806709756852,0.00012126808248692,0.787934749153602,30517.578125,9155.2734375,27586127.6570476,-1559848.0442996,31888.8197306166,620.458097179069,27179.7180175781,22739.8924301849,21361.3217660987
2585.4976,2619.27936,33.7817599999998,25.27232,0.679568767547607,0.01236992,0.609442591667175,0.00676864,0.143785106388028,0.560194430637684,0.502386751641629,0.496502059403951,0.00036617156714156,0.000200363746589877,0.748105486511068,30899.0478515625,8773.8037109375,28392699.9398949,-1592148.32109282,32079.5545938979,579.87175208361,27179.7180175781,23257.0198939264,21383.6157825214
2644.55168,2678.67136,34.1196799999998,27.5046400000001,0.585314691066742,0.01005568,0.582859337329865,0.00777216,0.136781046948006,0.482497203762436,0.480473162113777,0.472316453373422,0.000294717887154864,0.00022779111644658,0.8061224489796,30899.0478515625,9536.7431640625,26140327.5580345,-1532783.35679529,32602.4030947463,771.35531432946,27179.7180175781,23071.9563089287,21866.7483109575
2706.176,2744.07424,37.89824,23.6339200000002,0.725561559200287,0.01339392,0.587476134300232,0.00466944,0.150036854251303,0.598108041391588,0.484278963783442,0.518089870318202,0.00035341799513645,0.000123209943258579,0.623615239124567,31661.9873046875,9536.7431640625,25504726.1920616,-1522548.56845065,32778.9001125382,534.855833278598,27179.7180175781,24375.5137741529,21070.0697648025
2767.70816,2807.69536,39.9872,23.3369599999996,0.768470585346222,0.01425408,0.684134304523468,0.00514048,0.164792382920693,0.633479586728765,0.563957976740571,0.569041951211585,0.000356466069142125,0.000128553137003841,0.583610755441732,32043.45703125,9536.7431640625,22748401.2907951,-1451231.64783623,33151.08962073,572.687145744953,23174.2858886719,24634.0421336067,21656.5387189453
2831.03232,2872.2176,41.1852800000001,23.0297599999999,0.844464898109436,0.01539072,0.813538610935211,0.00923648,0.183486505403507,0.696124594567664,0.670630877577369,0.633594327633789,0.000373694679264046,0.000224266534062655,0.559174540029831,32806.396484375,9536.7431640625,21677310.4363912,-1453701.06231109,34410.8132755055,744.88892499049,23174.2858886719,25641.8464159336,23101.4397802567
2895.24736,2933.92384,38.6764800000001,24.91392,0.91463041305542,0.01593344,0.792695045471191,0.0061952,0.191036498880143,0.753964702254502,0.653448732303516,0.659665089785747,0.00041196716971141,0.000160180037066455,0.644162033359807,32806.396484375,9918.212890625,19786818.8631202,-1393110.88575635,34381.3434723885,572.274857127068,23174.2858886719,24759.5694033555,24282.1144966095
2958.83776,2999.81824,40.9804800000002,20.8486400000002,0.889303803443909,0.01451008,0.830320000648499,0.01019904,0.183777219069464,0.733087012859647,0.684464416587216,0.634598186360679,0.000354072963518239,0.00024887556221889,0.508745627186409,32043.45703125,9155.2734375,20730499.1412401,-1379756.96227787,32830.0470974356,563.219939958008,23174.2858886719,24187.8562326817,21728.307708298
3020.66688,3062.016,41.3491199999999,21.9955199999999,0.916988492012024,0.00807936,0.916988492012024,0.00807936,0.187381056855708,0.755908556595043,0.755908556595043,0.647042541186965,0.000195393759286776,0.000195393759286776,0.531946508172363,32043.45703125,9536.7431640625,21272731.1471863,-1399175.30956758,32980.9392837279,713.970466219531,23174.2858886719,24530.491464611,21483.6215522852
3084.01152,3126.30272,42.2912000000001,22.3027199999997,0.875635802745819,0.01083392,0.785637676715851,0.00863232,0.192105446709472,0.721819959053373,0.647631074311426,0.66335625649967,0.000256174334140435,0.00020411622276029,0.527360774818393,31661.9873046875,8773.8037109375,18070296.2662781,-1276189.230878,32393.1618989925,533.40010532527,23174.2858886719,23412.5102407442,21652.0251694606
3148.60544,3191.15264,42.5472,21.4732800000002,0.837077736854553,0.01547264,0.744292497634888,0.00823296,0.191345006245964,0.690035076051176,0.613548667701633,0.660730391654063,0.000363658243080626,0.000193501805054152,0.504693140794228,32043.45703125,9536.7431640625,22193721.8706257,-1426084.73387184,33566.4217302688,1287.44808973348,23174.2858886719,25317.9931674239,20499.4116040122
3212.62592,3255.6544,43.0284799999999,21.7395200000001,0.907624483108521,0.01545216,0.837813258171082,0.00851968,0.193864096538268,0.748189447232329,0.690641394300058,0.669429022196357,0.000359114707282247,0.000198000951927654,0.505235602094243,31661.9873046875,9155.2734375,19589093.0738511,-1335514.93890212,33160.4726629643,890.899083825848,23174.2858886719,24328.3883059741,21196.949681943
3277.39392,3319.66464,42.27072,23.7977599999999,0.859120547771454,0.01606656,0.822944402694702,0.00867328,0.197107831008064,0.70820580505011,0.678384430140444,0.680629909999483,0.000380087209302326,0.000205184108527132,0.562984496124029,31661.9873046875,8773.8037109375,17814484.509452,-1275186.92419071,32929.084608808,636.483962623086,23174.2858886719,23567.9724578613,22071.9032053691
3343.4624,3390.43328,46.9708800000003,22.7123199999996,0.854246437549591,0.0160768,0.745435774326324,0.01140736,0.191083831973873,0.704187890262096,0.614491114243919,0.65982853493737,0.000342271637235664,0.000242860257248745,0.483540440374962,31280.517578125,8773.8037109375,16102969.4390558,-1205399.56093418,32583.7820386819,634.074426963971,23174.2858886719,24024.2561640535,21091.2833191505
3413.1456,3463.12704,49.98144,20.9203200000002,0.986175000667572,0.00963584,0.986175000667572,0.00963584,0.212824212429654,0.812941632090804,0.812941632090804,0.734899896218635,0.00019278836304036,0.00019278836304036,0.418561770129075,32424.9267578125,8773.8037109375,16957094.547703,-1253337.8610899,33506.9982016959,1054.70115819571,27132.0343017578,26036.196727988,20282.3612608063
3484.04736,3528.52992,44.4825599999999,29.42976,0.980307698249817,0.01009664,0.980307698249817,0.01009664,0.227928632031225,0.808104991129279,0.808104991129279,0.787056726829749,0.000226979742173113,0.000226979742173113,0.661602209944752,32424.9267578125,8773.8037109375,15681864.8834165,-1210439.481098,33741.6918671766,790.300819303097,23174.2858886719,23901.4638865715,22813.7699026704
3557.95968,3604.92032,46.9606400000002,27.1667199999997,0.957712650299072,0.01047552,0.957712650299072,0.01047552,0.225797281684323,0.789479032099883,0.789479032099883,0.779696994913618,0.00022307021369385,0.00022307021369385,0.578499781945041,31661.9873046875,9918.212890625,13515541.2218384,-1099885.52085727,32852.2940391949,706.729525841077,23174.2858886719,22908.4926759963,21845.4818288281
3632.08704,3681.71008,49.6230399999999,28.1702400000004,0.913511157035828,0.00969728,0.913511157035828,0.00969728,0.205552591134599,0.753042056867345,0.753042056867345,0.709790376610554,0.000195418902187371,0.000195418902187371,0.567684688402815,32043.45703125,8773.8037109375,13320489.6214191,-1095310.66931449,32569.3292656408,733.226222435976,17070.7702636719,23480.6717621651,21551.6574529536
3709.88032,3760.36352,50.4831999999997,25.62048,0.883121371269226,0.01788928,0.859864592552185,0.01035264,0.209143061619924,0.727990598431198,0.708819149515329,0.722188573023065,0.000354361054766737,0.000205070993914809,0.507505070993919,32424.9267578125,9155.2734375,13434860.3796824,-1099997.66458603,32815.2712022162,608.235893695012,23174.2858886719,23739.9791490101,21291.9418968416
3785.984,3835.74016,49.7561599999999,27.55584,0.908700406551361,0.01867776,0.861876785755157,0.01137664,0.221298026427853,0.749076371925244,0.710477877048879,0.764160688290923,0.000375385881868698,0.000228647869932085,0.553817657954312,32043.45703125,9155.2734375,13133205.0356186,-1111863.82451691,33651.575868429,627.544020068799,23221.9696044922,24256.991596939,22808.5209600811
3863.296,3913.984,50.6880000000001,29.1123200000002,0.963692903518677,0.0116224,0.963692903518677,0.0116224,0.23969959638176,0.794408782711459,0.794408782711459,0.82770285623789,0.000229292929292929,0.000229292929292929,0.574343434343437,32424.9267578125,9155.2734375,11475446.3268437,-1031036.93683155,33541.5666590936,628.328390073707,23221.9696044922,23540.2573636626,22777.6418961118
3943.09632,3998.28992,55.1936000000001,23.5827199999999,0.903150856494904,0.01412096,0.887136459350586,0.01088512,0.227396997757185,0.744501666343362,0.731300388535023,0.785220948990573,0.000255844155844156,0.00019721706864564,0.427272727272725,32043.45703125,9918.212890625,11680905.0293402,-1009493.49382398,32675.2074593133,1770.42830705993,27132.0343017578,23487.8540039801,20133.6480220059
4021.87264,4079.3088,57.4361599999997,22.4563200000002,0.947390675544739,0.02013184,0.931660771369934,0.0103936,0.224949683128792,0.780970234982224,0.768003475569502,0.776770165849464,0.000350508111962918,0.000180959172758068,0.390978784096993,31280.517578125,9155.2734375,11048823.0657919,-974060.270435236,32225.6477768085,1165.92647853424,22220.6115722656,23439.222647753,19497.1812906092
4101.76512,4155.99616,54.2310399999997,27.5251200000002,0.985303342342377,0.0200192,0.914396166801453,0.01132544,0.239556294824214,0.81222309091806,0.753771604141203,0.827208023913287,0.000369146525679761,0.000208836858006044,0.507552870090642,31280.517578125,9155.2734375,9820801.05152453,-924927.12198237,32040.7495294155,611.437701435176,27132.0343017578,22278.2948245365,21276.7278833714
4183.52128,4238.94016,55.4188800000002,29.1840000000002,1.04027259349823,0.009984,1.04027259349823,0.009984,0.241238586576343,0.857536339296085,0.857536339296085,0.833017118752332,0.000180155210643015,0.000180155210643015,0.526607538802663,31661.9873046875,9155.2734375,9843223.43853589,-928677.6294118,32275.9949547712,797.172665559181,22172.9278564453,22573.6836865777,21235.2518673682
4268.12416,4323.72736,55.6031999999996,30.96576,1.04615449905396,0.01138688,1.04615449905396,0.01138688,0.248162981170119,0.862385018180703,0.862385018180703,0.856927635371887,0.000204788213627994,0.000204788213627994,0.556906077348072,31280.517578125,9155.2734375,9095447.05467946,-896785.854768582,32464.1759333433,739.105060705363,22172.9278564453,22466.6765575817,21743.6254159683
4354.69312,4410.49088,55.7977600000004,32.9420799999998,1.03758203983307,0.0108032,1.03758203983307,0.0108032,0.255499762222646,0.855318413384048,0.855318413384048,0.882262157100063,0.000193613507065515,0.000193613507065515,0.590383556615885,31661.9873046875,9155.2734375,8830740.21227168,-873379.686931042,31904.2031071067,755.647829647156,27132.0343017578,21950.4952682087,21239.0917052412
4443.43296,4500.49024,57.05728,34.9286400000001,1.03689551353455,0.01127424,1.03689551353455,0.01127424,0.260333605845988,0.854752483595505,0.854752483595505,0.898953825480161,0.00019759511844939,0.00019759511844939,0.612167982770999,31661.9873046875,8773.8037109375,8668340.14057282,-871294.929049097,32269.7002425967,797.290646503297,27132.0343017578,22295.2929057113,21493.6496042283
4535.41888,4593.69472,58.2758400000002,33.6383999999998,1.05960750579834,0.0124416,1.05960750579834,0.0124416,0.256337821501925,0.87347484427841,0.87347484427841,0.885156046241415,0.000213494992092777,0.000213494992092777,0.577227200843431,31661.9873046875,9155.2734375,8180367.48105588,-846635.939530004,32322.4016225452,688.242890309603,27132.0343017578,22254.4648295142,21557.2911010613
4627.33312,4685.34272,58.0095999999994,34.42688,1.05508041381836,0.01186816,1.05508041381836,0.01186816,0.254819069518541,0.869742989850606,0.869742989850606,0.879911667971536,0.000204589585172112,0.000204589585172112,0.593468667255081,31661.9873046875,8773.8037109375,8214022.90714849,-845010.822501158,32008.9212582871,687.668805557754,15974.0447998047,22087.2809843204,21377.6188564807
4719.7696,4782.61248,62.8428800000002,33.2185600000003,0.993145287036896,0.0113152,0.993145287036896,0.0113152,0.249250733966442,0.818687504753751,0.818687504753751,0.860683737217648,0.000180055401662049,0.000180055401662049,0.528597034381622,31280.517578125,9155.2734375,7850569.37889925,-800301.560116655,31502.1008861308,1543.19312244045,21123.8861083984,21502.549261303,19289.5699009302
4815.83104,4876.19584,60.3648000000003,39.3625599999996,1.04169428348541,0.0121856,1.04169428348541,0.0121856,0.262617837347675,0.858708292527231,0.858708292527231,0.906841468875452,0.000201865988125529,0.000201865988125529,0.652078032230694,30899.0478515625,8773.8037109375,7246872.90234188,-785186.389697572,31854.4199815585,1572.59841276788,22172.9278564453,21546.1310243087,20990.6734134102
4915.5584,4977.01888,61.4604799999997,39.2396800000006,0.98617821931839,0.01257472,0.98617821931839,0.01257472,0.259627288453947,0.812944285347322,0.812944285347322,0.896514852150093,0.000204598467177608,0.000204598467177608,0.638453848717107,30517.578125,9155.2734375,6767241.35281595,-755258.292286138,31677.6817278711,1470.00974862202,15926.3610839844,21289.2952482948,20856.0232815319
5016.25856,5079.54176,63.2831999999999,39.49568,1.03783094882965,0.01222656,1.03783094882965,0.01222656,0.272164254010846,0.85552359855482,0.85552359855482,0.939806048116375,0.000193203883495146,0.000193203883495146,0.624110032362461,30517.578125,9536.7431640625,6377168.01340524,-719547.289676535,31174.805127129,1208.07286894722,22172.9278564453,20597.7000735587,19996.2059721374
5119.03744,5187.38944,68.3519999999999,37.3350399999999,1.09257197380066,0.01299456,1.09257197380066,0.01299456,0.256864803876329,0.900648711391924,0.900648711391924,0.886975760680095,0.000190112359550562,0.000190112359550562,0.54621722846442,30899.0478515625,9155.2734375,5948702.16430593,-692403.349403832,31304.0004677152,2119.99341959385,22172.9278564453,20761.5541080143,19534.8415928171
5224.72448,5292.27776,67.5532800000001,39.0451199999998,0.942452073097229,0.01323008,0.942452073097229,0.01323008,0.250241920514179,0.776899156795078,0.776899156795078,0.864106387689364,0.000195846596938002,0.000195846596938002,0.577989995452474,30517.578125,9155.2734375,5998344.89385258,-698306.817381055,31183.027794353,1840.42250964557,17070.7702636719,20847.447873672,19799.7951149462
5331.32288,5396.16256,64.83968,44.6156799999999,1.07837402820587,0.01222656,1.07837402820587,0.01222656,0.270446811629576,0.8889448038133,0.8889448038133,0.933875575200029,0.000188566013897663,0.000188566013897663,0.688092229943144,30517.578125,9536.7431640625,7730756.96480376,-764181.418305677,31418.1919011595,2574.12046336015,15926.3610839844,20721.7189174946,17047.7530932719
5440.77824,5515.95008,75.17184,37.9801600000001,1.07528126239777,0.01281024,1.07528126239777,0.01281024,0.257098113453238,0.886395319105196,0.886395319105196,0.887781398261926,0.000170412750306498,0.000170412750306498,0.505244517095765,31280.517578125,9155.2734375,5635444.31979063,-666616.136603365,31056.6744422578,2141.01403425819,17070.7702636719,21161.0333062735,18265.9616417576
5553.93024,5625.76384,71.8335999999999,42.6496000000006,1.04275345802307,0.01467392,1.04275345802307,0.01467392,0.267173131138929,0.859581410459373,0.859581410459373,0.922571281269541,0.000204276550249466,0.000204276550249466,0.593727726300794,31280.517578125,9155.2734375,5836199.49629098,-691833.884087691,31903.9063835014,2064.65937329098,15926.3610839844,21423.8877229172,19581.7433869168
5668.41344,5740.06272,71.6492799999996,42.5881600000002,1.06641709804535,0.01393664,1.06641709804535,0.01393664,0.265475370852538,0.879088250652947,0.879088250652947,0.916708772281352,0.000194511933685866,0.000194511933685866,0.594397598970994,30899.0478515625,9536.7431640625,5477924.98619415,-648038.989887622,31158.9844000315,2403.87969553185,15974.0447998047,20021.5901622974,18309.9454701272
5782.65088,5853.6448,70.9939199999999,46.0799999999999,1.15677285194397,0.01311744,1.15677285194397,0.01311744,0.284857248473694,0.953571941674739,0.953571941674739,0.983636025011197,0.000184768498485504,0.000184768498485504,0.649069666810904,30899.0478515625,9155.2734375,5726187.58521996,-669705.433353787,31181.3563088074,2189.03934288218,22172.9278564453,20478.4020988204,18684.2458917622
5899.7248,5973.248,73.5231999999996,48.2304000000004,1.15494239330292,0.01325056,1.15494239330292,0.01325056,0.287145994476968,0.95206302486573,0.95206302486573,0.991539257359975,0.000180222841225628,0.000180222841225628,0.655988857938727,31280.517578125,9155.2734375,4819007.65520666,-625136.144350224,31303.5402365739,1763.61264496282,22172.9278564453,20635.1775290535,19912.088325596
6021.4784,6097.78688,76.3084799999997,48.4249600000003,1.1167231798172,0.01439744,1.1167231798172,0.01439744,0.289596193338335,0.920557470813687,0.920557470813687,1,0.000188674181427805,0.000188674181427805,0.63459473966721,30899.0478515625,9155.2734375,4540436.83726929,-603381.319428879,31143.1503189905,1724.64643398997,15974.0447998047,20487.6294922778,19604.2197452855
6146.21184,6226.13504,79.9232000000002,45.3939199999995,1.10090553760529,0.01562624,1.10090553760529,0.01562624,0.283142626085404,0.907518385593643,0.907518385593643,0.977715289767671,0.000195515695067264,0.000195515695067264,0.567969250480454,30517.578125,9536.7431640625,4458900.56382695,-591803.835260132,31136.540638191,1948.90797717459,15926.3610839844,20456.674762695,18816.6573484024
6271.52896,6355.05664,83.5276800000001,45.9161599999998,1.10429966449738,0.03427328,1.09886288642883,0.01542144,0.284381305689909,0.910316293726896,0.905834550391925,0.981992554569483,0.000410322422459237,0.000184626700993012,0.549711903886229,31280.517578125,9155.2734375,4074763.75766006,-559491.180636272,31044.4581758726,2820.03464592778,15926.3610839844,20107.0035268365,18303.889727886
6400.9728,6484.34688,83.3740800000005,48.72192,1.14145147800446,0.0154624,1.14145147800446,0.0154624,0.287000298568506,0.940941949302361,0.940941949302361,0.991036157140381,0.000185458118398427,0.000185458118398427,0.584377302873983,30517.578125,9536.7431640625,4235652.35821632,-566053.683215315,31131.59766564,2699.4853514609,21982.1929931641,20072.6022959623,17751.1807630632
6533.0688,6619.42272,86.3539199999996,48.8857600000001,1.17264771461487,0.01666048,1.17264771461487,0.01666048,0.274404271864594,0.966658195899559,0.966658195899559,0.947541018068589,0.000192932526977352,0.000192932526977352,0.566109332384684,30136.1083984375,9155.2734375,3517139.94559559,-515973.062060999,30784.4455648053,2710.83025953903,21982.1929931641,19518.2716731032,18328.9857100661
6668.30848,6755.16416,86.8556800000006,51.6710400000002,1.21309447288513,0.01675264,1.21309447288513,0.01675264,0.283926862750049,1,1,0.980423324896187,0.000192879037962743,0.000192879037962743,0.594906861589246,30517.578125,9155.2734375,3599347.08169355,-526019.759850056,31014.1571460801,2833.67587717953,21982.1929931641,19902.4347795358,18534.6565580572
6806.8352,6894.3872,87.5519999999997,50.18624,1.12518310546875,0.01640448,1.12518310546875,0.01640448,0.281416563342189,0.927531309900951,0.927531309900951,0.971755050016872,0.000187368421052632,0.000187368421052632,0.573216374269008,30899.0478515625,9155.2734375,4484402.79344311,-593779.878087822,31777.4606387197,2284.69589081118,15926.3610839844,21699.1198744528,17612.0868080183
6944.57344,7035.17696,90.6035199999997,50.6880000000001,1.14503908157349,0.01770496,1.14503908157349,0.01770496,0.275168098949999,0.94389934763301,0.94389934763301,0.950178577204297,0.000195411392405064,0.000195411392405064,0.559448462929479,30517.578125,9155.2734375,3330349.13640215,-503789.533743511,30899.7002645757,2768.08929890837,21982.1929931641,19798.4231691392,18306.2762413953
7085.86496,7178.8032,92.9382400000004,53.8521599999995,1.1078132390976,0.03569664,1.09165000915527,0.0172544,0.27489356611057,0.913212667157617,0.899888700802482,0.94923059223162,0.000384089907448213,0.000185654473336271,0.579440282062574,30517.578125,9155.2734375,3815238.7168935,-533319.875659716,31150.9689967942,2935.79163467643,15926.3610839844,20663.9079825087,16611.6234068519
7232.65536,7327.9488,95.2934400000004,55.04,1.0895186662674,0.03928064,1.02233970165253,0.01641472,0.27328779791542,0.898131753643363,0.842753573199515,0.943685739667644,0.000412207178164623,0.000172254459488501,0.577584354180096,30136.1083984375,9536.7431640625,3213321.5571247,-501358.203044157,31646.1127407239,2671.41127940335,15950.2029418945,20515.6951921847,18596.4898531352
7382.9888,7479.61344,96.62464,54.0364799999998,1.11480045318604,0.0140288,1.11480045318604,0.0140288,0.273791462970882,0.918972493984478,0.918972493984478,0.945424937443885,0.000145188639253921,0.000145188639253921,0.559241203899955,30136.1083984375,9155.2734375,3546891.31235999,-516002.811799396,31253.1147030305,2796.22446128932,15950.2029418945,20790.4527424685,16743.6698895404
7533.64992,7631.90272,98.2528000000002,53.1353600000002,1.07579064369202,0.03940352,0.982097506523132,0.02018304,0.271493643694505,0.886815221516456,0.809580398291146,0.937490374320355,0.000401042209484105,0.000205419489317352,0.540802501302763,29754.638671875,9155.2734375,3346490.09678202,-500137.381939887,31033.9781004358,2685.70413940959,15950.2029418945,20538.9174196192,16834.1788355944
7685.03808,7784.59136,99.5532800000001,58.3167999999996,1.0257533788681,0.04325376,0.983258605003357,0.0210432,0.264660581526051,0.8455675974094,0.810537536013044,0.913895236243138,0.000434478502365768,0.0002113762600288,0.585784817938691,30136.1083984375,9536.7431640625,2638965.37151328,-439868.57936377,30801.3888737701,3072.68796778433,15950.2029418945,19023.1771055685,17635.9552232513
7842.90816,7943.56736,100.6592,58.9107199999999,1.05147302150726,0.0410112,1.03982496261597,0.01959936,0.254163486945091,0.866769278905805,0.857167340102479,0.877647886234998,0.000407426246185147,0.00019471007121058,0.5852492370295,30136.1083984375,9155.2734375,3471208.80637124,-509007.641563503,31575.5332468535,2689.21799272262,15950.2029418945,21254.613697242,16065.0613660587
8002.47808,8102.35904,99.8809600000004,59.84256,1.05391526222229,0.04263936,0.881631731987,0.01531904,0.254158486451828,0.868782510990869,0.726762632006882,0.877630619111402,0.000426901783883533,0.000153372975189665,0.59913881484519,30136.1083984375,9155.2734375,2694282.27054073,-461882.673171252,31542.6293785082,2452.36483162153,16212.4633789062,20335.8651101471,19254.5693914745
8162.2016,8261.9904,99.7888000000003,55.2652799999996,1.01321065425873,0.04443136,0.881403207778931,0.02205696,0.241760094186238,0.83522815156266,0.726574250794061,0.834817928368933,0.000445253976398152,0.000221036428937916,0.553822473063104,30517.578125,9155.2734375,2129986.39356911,-418616.414928029,31400.213177781,2666.16150493347,15950.2029418945,20573.101664517,20563.2413868052
8317.25568,8413.0816,95.8259199999993,0,0.65750378370285,0.05088256,0.0877039134502411,0.0226304,0.129023775991442,0.542005423649399,0.0722976778895487,0.445529944658851,0.000530989527676858,0.000236161572985682,0,31661.9873046875,9155.2734375,1555287.19600947,-401673.456362803,33495.7877060088,2047.03879596963,15950.2029418945,24209.1374900112,24209.137489983
