note.starts,note.ends,note.durs,INI,pk.amps,pk.times,qpk.amps,qpk.times,note.rmss,rel.pk.amps,rel.qpk.amps,rel.note.rmss,rel.pk.tm,rel.qpk.tm,rel.INI,max.Hz,min.Hz,FMa,FMb,FMc,FM.resid,note.DF,arcL,chordL
953.77408,969.6256,15.8515199999999,28.30336,0.0803509578108788,0.00466944,0.0296495538204908,0.00364544,0.0134470808597424,0.0690187774704964,0.0254679721684525,0.0583778218252446,0.000294573643410854,0.000229974160206719,1.78552971576228,22125.244140625,9918.212890625,123777112.435732,-2445768.44957087,23391.2205958104,1676.55343357253,14495.849609375,16495.9414170126,7667.58750251223
997.92896,1017.9584,20.02944,24.15616,0.130653902888298,0.00644096,0.0563375279307365,0.00238592,0.0248061327837342,0.112227319932189,0.048392046708906,0.107690882127255,0.000321574642126789,0.000119120654396728,1.2060327198364,25558.4716796875,11062.6220703125,60875674.2494047,-1688205.59399343,25608.9603199678,3601.01156525282,15258.7890625,14016.9153768211,9391.80299704444
1042.11456,1062.20544,20.09088,26.0198400000002,0.129443258047104,0.00331776,0.129443258047104,0.00331776,0.0360604584521834,0.111187416623421,0.111187416623421,0.156549294260622,0.000165137614678899,0.000165137614678899,1.29510703363915,26321.4111328125,9155.2734375,72615427.5210012,-2186088.97930684,28844.908172009,2999.33111166198,24986.2670898438,18296.4248332821,14609.7089985852
1088.22528,1108.89984,20.6745599999999,24.0025599999999,0.233584523200989,0.0032768,0.233584523200989,0.0032768,0.0535677057271581,0.200641270080521,0.200641270080521,0.232553519469732,0.000158494304110947,0.000158494304110947,1.16097077761268,26702.880859375,9536.7431640625,92401965.3198179,-2517328.47825507,29109.0385586608,1926.89740358351,23269.6533203125,21741.4802973611,12548.5999698671
1132.9024,1156.29056,23.38816,21.0534400000001,0.223581597208977,0.00631808,0.22349525988102,0.00572416,0.0504893813269911,0.192049092191099,0.191974931322479,0.219189587533303,0.000270140105078809,0.000244746059544659,0.900175131348518,26321.4111328125,8773.8037109375,55854873.5299032,-1882513.24401643,28114.9880927906,3351.71356522596,24223.3276367188,18248.2193323475,13475.5684287943
1177.344,1199.96416,22.6201599999999,22.8966399999999,0.215173751115799,0.0049152,0.215173751115799,0.0049152,0.053393327613312,0.184827034429484,0.184827034429484,0.23179649163845,0.000217292892711635,0.000217292892711635,1.01222272521503,27084.3505859375,9155.2734375,50097525.0275901,-1738908.81742071,28068.1409333882,3881.09175521022,22888.18359375,16478.2624285605,13700.9129635514
1222.8608,1245.96224,23.1014400000001,21.61664,0.336431860923767,0.00533504,0.336431860923767,0.00533504,0.0671168797733058,0.288983683277746,0.288983683277746,0.291374558518678,0.000230939716312055,0.000230939716312055,0.935726950354603,27465.8203125,9155.2734375,23559299.2196643,-1134362.33918341,26405.0667746025,4016.5855504272,17356.8725585938,13632.3584584231,13632.3584584087
1267.57888,1290.15808,22.5791999999999,22.5382400000001,0.458257734775543,0.0072192,0.319046229124069,0.0021504,0.0913067247494402,0.393628022394586,0.274050008744685,0.396389949942755,0.000319727891156464,9.52380952380956e-05,0.998185941043092,27465.8203125,8773.8037109375,32367183.1224567,-1454665.91186352,27519.3599232456,3420.06162817187,17356.8725585938,16344.4995676721,16343.7464330848
1312.69632,1339.0336,26.33728,19.64032,0.551824450492859,0.007424,0.367283254861832,0.00509952,0.0946775212003168,0.473998692597901,0.315483995792721,0.41102359100366,0.000281881804043546,0.000193623639191291,0.745723172628305,27084.3505859375,9155.2734375,18430579.8554374,-1114359.5388318,26790.9786110204,3237.44033295986,17547.607421875,16564.7847598191,16564.7847598122
1358.67392,1382.2464,23.57248,22.8966399999999,0.41142874956131,0.00483328,0.41142874956131,0.00483328,0.0883136748925481,0.353403494925011,0.353403494925011,0.383396220442487,0.00020503909643788,0.00020503909643788,0.971329278887919,27847.2900390625,9155.2734375,77265908.3830328,-2411259.11119575,30527.6168020148,2630.00542118402,17166.1376953125,23718.7871113458,13905.6424112177
1405.14304,1431.62368,26.48064,20.55168,0.416777193546295,0.00541696,0.416777193546295,0.00541696,0.0931128029809892,0.35799762890014,0.35799762890014,0.404230678670687,0.000204563031709203,0.000204563031709203,0.776102088167055,27847.2900390625,8773.8037109375,41279087.8215856,-1736375.74733051,29215.9284594906,2662.17062556061,21266.9372558594,19485.2808644885,17034.4418217359
1452.17536,1480.00768,27.83232,19.26144,0.401775121688843,0.0066048,0.401775121688843,0.0066048,0.0909010762697059,0.345111352403437,0.345111352403437,0.394628907905407,0.000237306843267108,0.000237306843267108,0.692052980132451,28610.2294921875,9155.2734375,34761076.632109,-1469694.13739234,28145.0776714581,3953.88467989917,19168.8537597656,17091.5005263411,13977.7453822681
1499.26912,1525.71904,26.44992,21.3913600000001,0.521093308925629,0.00684032,0.378978401422501,0.00598016,0.109054178138964,0.447601672835731,0.325529734386846,0.473436982130029,0.000258614014711575,0.000226093689508323,0.808749516066592,28991.69921875,9155.2734375,31450105.1167256,-1507062.74992074,29389.9699835236,3051.444580544,19073.486328125,18249.3464658391,17859.2501021226
1547.1104,1573.60128,26.4908800000001,22.8966399999999,0.436022073030472,0.0072704,0.355910658836365,0.00349184,0.10992042887603,0.374528334827644,0.305715317288713,0.477197637079003,0.00027444916892153,0.000131812910707383,0.864321608040197,29373.1689453125,9155.2734375,25953265.5107179,-1402275.46746081,29724.9137581169,3883.14242465875,26416.7785644531,18934.3730423544,18934.3730423349
1596.49792,1628.55936,32.0614399999999,16.6502399999999,0.487806439399719,0.00333824,0.487806439399719,0.00333824,0.108733347644175,0.419009368486285,0.419009368486285,0.472044160471839,0.000104120089428298,0.000104120089428298,0.519322900031938,28991.69921875,9155.2734375,33203548.5030965,-1550452.22096486,30189.0577006544,4093.39323819654,26512.1459960938,20620.8675743219,15578.6101837131
1645.2096,1672.09984,26.8902400000002,23.3983999999998,0.687166929244995,0.00228352,0.687166929244995,0.00228352,0.157748401305354,0.590253341923741,0.590253341923741,0.684833248247272,8.49200304645844e-05,8.49200304645844e-05,0.870144706778357,29754.638671875,9536.7431640625,19786642.9275077,-1164648.8197687,28930.0954119759,4819.21174830488,25558.4716796875,17010.2614344876,17010.2614344779
1695.49824,1724.29312,28.7948800000001,22.2719999999999,0.701680660247803,0.004096,0.701680660247803,0.004096,0.170909196767911,0.602720150007188,0.602720150007188,0.741968219071442,0.000142247510668563,0.000142247510668563,0.773470839260307,30517.578125,9536.7431640625,38882881.4807314,-1737129.74489955,31228.1220326782,3218.2484442286,25939.94140625,21023.071725625,17780.8913425104
1746.56512,1776.0256,29.46048,21.2172800000001,0.659466922283173,0.00726016,0.659466922283173,0.00726016,0.149361005641384,0.566459965111369,0.566459965111369,0.648421041408022,0.000246437261035801,0.000246437261035801,0.72019464720195,30136.1083984375,9155.2734375,29200558.1519141,-1533382.38975546,30200.7923955503,3515.97855985368,18978.1188964844,20430.1206897858,19830.4362451737
1797.24288,1827.24608,30.0031999999999,20.3366400000002,0.672023832798004,0.0080384,0.587724626064301,0.00684032,0.13407498584524,0.577245930035147,0.504835739179835,0.582059832653191,0.000267918088737202,0.000227986348122868,0.677815699658713,29754.638671875,9155.2734375,48051154.6231047,-1936325.00459672,30849.2909307065,3088.56514223359,18119.8120117188,24173.6047572374,14840.6809034211
1847.58272,1878.41536,30.8326399999999,24.6681599999999,0.528455376625061,0.00989184,0.514459788799286,0.00704512,0.127277246934709,0.453925442036664,0.441903701561715,0.55254880382302,0.000320823646629028,0.000228495516439722,0.800066423115246,30517.578125,9155.2734375,47453679.7816372,-2059714.09619652,32189.5892803486,1767.21045099033,16307.8308105469,26306.1768872339,18394.5023797612
1903.08352,1932.46208,29.3785600000001,25.856,0.458315521478653,0.01009664,0.434649348258972,0.00462848,0.124952677035636,0.393677659234162,0.373349210295546,0.542457146845284,0.000343673753921226,0.000157546183339142,0.880097594980826,32043.45703125,9918.212890625,53348379.1053648,-2118696.40973145,32872.7390455163,2802.33564103721,16212.4633789062,25872.0493206091,16199.2749165354
1958.31808,1991.09632,32.7782400000001,141.48608,0.257364153862,0.00820224,0.257364153862,0.00820224,0.0667059649390689,0.221067175155428,0.221067175155428,0.289590653652734,0.000250234301780693,0.000250234301780693,4.31646360512338,33187.8662109375,10681.15234375,37447998.8464835,-1823799.17577091,37205.4084898934,3123.48920889969,26702.880859375,24865.187184413,19546.3096553516
2132.5824,2149.28384,16.7014400000003,41.99424,0.0757659301161766,0.00420864,0.0626270100474358,0.00381952,0.0195342555526956,0.0650803924807177,0.053794500873035,0.0848040777056727,0.000251992642550578,0.000228694052728384,2.51440833844263,19454.9560546875,8773.8037109375,28171493.3321469,-334359.690561877,15761.8260645604,3253.86720539636,13160.7055664062,4258.03227416653,2273.81445968591
2191.27808,2222.35648,31.0783999999999,27.6377600000001,0.16276952624321,0.0081408,0.160879492759705,0.00388096,0.0435454452233324,0.139813563108979,0.13819008774585,0.189043872723269,0.000261943986820429,0.000124876441515651,0.88929159802307,33187.8662109375,8773.8037109375,31244221.0882653,-1740109.9705649,34519.1955566406,2968.34672528163,29659.2712402344,24554.6108990334,23902.073289056
2249.99424,2278.08256,28.0883199999998,27.1257600000004,0.230513483285904,0.00333824,0.230513483285904,0.00333824,0.0580691979828544,0.198003349808293,0.198003349808293,0.252095851042786,0.000118847976667883,0.000118847976667883,0.96573095151296,31661.9873046875,8773.8037109375,36077546.6217831,-1796639.76525045,33119.2619715755,3018.95201102164,29659.2712402344,22734.7012037112,22001.0780201293
2305.20832,2334.5152,29.3068799999996,25.4976000000001,0.2728251516819,0.0044032,0.2728251516819,0.0044032,0.0653372834619859,0.234347653659681,0.234347653659681,0.283648795770116,0.00015024458420685,0.00015024458420685,0.870020964360603,30899.0478515625,8773.8037109375,37488050.1821482,-1805144.13129301,32482.9764988111,2711.99946005623,18024.4445800781,22756.2212914229,20704.9104809667
2360.0128,2387.48672,27.4739199999999,27.0438400000003,0.442327976226807,0.00774144,0.310174494981766,0.00685056,0.0942774304318727,0.379944894148352,0.266429486709512,0.409286676662341,0.000281774133432726,0.000249347745061499,0.984345881475973,31661.9873046875,9536.7431640625,34888104.4381301,-1676561.92239558,31476.5296905879,2694.71119211458,19550.3234863281,20556.3123649731,19727.6189169153
2414.53056,2443.35616,28.8255999999997,24.9856,0.428368985652924,0.00846848,0.356634914875031,0.00338944,0.0983177147172213,0.367954589485161,0.306337428931514,0.426826765741417,0.000293783303730021,0.00011758436944938,0.866785079928961,31280.517578125,9155.2734375,30103280.4305478,-1583570.47457469,31680.2315090014,3150.30297278316,18692.0166015625,21017.4367910727,20634.0953299293
2468.34176,2500.03456,31.6928000000003,24.0025599999999,0.43976092338562,0.01106944,0.379340320825577,0.00254976,0.104573860986769,0.377739881866882,0.32584061101388,0.453986578049061,0.000349273021001613,8.0452342487883e-05,0.757350565428101,30517.578125,9155.2734375,33310816.4281811,-1620093.76131306,32102.7967664931,2975.03567077594,18787.3840332031,21510.3669502593,17886.8052327059
2524.03712,2554.32704,30.2899200000002,24.0742399999999,0.455562263727188,0.0108032,0.383681088685989,0.0028672,0.113310962270236,0.391312703180813,0.329569184999445,0.491916962146203,0.000356659905341445,9.46585530764025e-05,0.794793779580791,30517.578125,9155.2734375,35659458.8997877,-1778563.4839832,32683.1524188702,1006.0554579483,17166.1376953125,23198.3929447325,21155.7319094087
2578.40128,2609.17248,30.7712000000001,24.5964799999997,0.541673600673676,0.00344064,0.541673600673676,0.00344064,0.123152066855214,0.465279453102889,0.465279453102889,0.534640156571648,0.000111813643926788,0.000111813643926788,0.799334442595661,30517.578125,9155.2734375,32844238.4603307,-1726594.25434732,32580.4490309495,1151.57698551161,27847.2900390625,23352.558863507,22030.2598106281
2633.76896,2664.33536,30.5664000000002,25.7126399999997,0.542284429073334,0.00432128,0.542284429073334,0.00432128,0.118474820467568,0.465804134208594,0.465804134208594,0.514334823458926,0.000141373534338358,0.000141373534338358,0.841206030150741,30517.578125,9536.7431640625,34295731.0130484,-1733402.55083665,32360.9572190505,1087.83561842104,26702.880859375,22864.3078278718,20941.209317626
2690.048,2722.11968,32.07168,24.6988800000004,0.501378238201141,0.0036864,0.501378238201141,0.0036864,0.11916468125636,0.430667088404875,0.430667088404875,0.517329716598366,0.000114942528735632,0.000114942528735632,0.770114942528747,29754.638671875,9155.2734375,28619907.5504449,-1577080.44131697,31388.3724375668,879.354284741462,26702.880859375,22310.6160734055,21141.3924685334
2746.81856,2783.81568,36.99712,27.3715199999997,0.468110531568527,0.00442368,0.468110531568527,0.00442368,0.107792617402293,0.40209124433797,0.40209124433797,0.467960167594945,0.000119568225851093,0.000119568225851093,0.739828397453631,30899.0478515625,9155.2734375,21196111.3146385,-1403991.45300217,33072.1947454637,970.285063991135,28038.0249023438,23568.2278505533,22930.6810154196
2811.1872,2845.40928,34.22208,24.6988800000004,0.490556567907333,0.00393216,0.490556567907333,0.00393216,0.116029254993462,0.421371636624134,0.421371636624134,0.503717888304118,0.000114901256732495,0.000114901256732495,0.721723518850998,31280.517578125,9536.7431640625,30000468.9151793,-1667707.93545558,33392.4859876377,1002.34867658819,28228.759765625,24416.0883686236,21937.3624276619
2870.10816,2903.22432,33.1161599999996,26.23488,0.444859027862549,0.01323008,0.42668491601944,0.00388096,0.114603187236007,0.382118982601968,0.366508030160357,0.497526899321175,0.000399505256648119,0.000117192331478047,0.792207792207801,30517.578125,9536.7431640625,26562661.9872161,-1550191.18724634,32427.0227453211,982.488214054614,28228.759765625,23028.7715978685,22205.6378276359
2929.4592,2962.6368,33.1776000000004,25.8252799999996,0.431496292352676,0.00898048,0.404447436332703,0.00817152,0.117207595472716,0.370640841038008,0.347406781042506,0.508833418675719,0.000270679012345675,0.000246296296296293,0.778395061728372,30517.578125,9536.7431640625,26827000.802603,-1543728.99973895,32312.6749823527,933.876333959623,17356.8725585938,22728.7418259953,21687.3178443009
2988.46208,3024.384,35.9219200000002,22.3744000000002,0.599971354007721,0.00974848,0.439084708690643,0.0087552,0.125612215605687,0.515355267679521,0.377159036126813,0.545320402114653,0.000271379703534776,0.000243728620296464,0.622862029646522,30517.578125,9536.7431640625,26242230.0545057,-1549006.06789869,32899.4149644974,1064.37184255446,21362.3046875,23936.0561977755,21780.7094337939
3046.7584,3083.39712,36.6387199999999,22.8659199999997,0.689675986766815,0.010752,0.485098749399185,0.00598016,0.130737979236485,0.592408538171267,0.416683553602462,0.567572883458235,0.00029346003353829,0.000163219675796535,0.624091671324757,30517.578125,9155.2734375,22808863.8316638,-1450360.49039276,32872.6369171894,1160.51580396139,21362.3046875,23591.6351528887,22520.8288223313
3106.26304,3142.656,36.3929600000001,25.68192,0.735886752605438,0.01086464,0.467441260814667,0.00632832,0.132385467763695,0.632102035934717,0.401516363210393,0.574725126588454,0.000298536859876195,0.00017388857625211,0.705683736634775,31280.517578125,9155.2734375,22168467.4088873,-1443308.46966612,33265.3816110395,1018.54825006692,19836.42578125,23818.9882639655,23165.2953330335
3168.33792,3208.61184,40.2739200000001,20.8896,0.690010726451874,0.01001472,0.690010726451874,0.01001472,0.135544966921551,0.592696068332239,0.592696068332239,0.588441462558927,0.000248665141113653,0.000248665141113653,0.518688024408846,30899.0478515625,9155.2734375,20803349.8294106,-1375687.94553279,32488.1321523896,846.829083387056,20980.8349609375,23824.3317002779,21661.5493291046
3229.50144,3266.37568,36.8742400000001,24.9344000000001,0.673592627048492,0.0065024,0.673592627048492,0.0065024,0.148569986200358,0.57859347167275,0.57859347167275,0.644986988138753,0.000176339905581782,0.000176339905581782,0.676201055262428,31280.517578125,9155.2734375,17081560.5286008,-1232198.33050022,32563.0026744125,2354.00293499699,26226.0437011719,22232.6331582661,22210.4155499481
3291.31008,3328.29696,36.9868799999999,27.8630399999997,0.606797873973846,0.01265664,0.54095584154129,0.0066048,0.143246748735767,0.521219019341933,0.464662922084651,0.621877213498246,0.000342192691029901,0.000178571428571429,0.753322259136207,31661.9873046875,9536.7431640625,18988877.3055492,-1326999.93315346,33338.9265253493,1909.01106176781,18882.7514648438,23263.1292035652,23104.2469088471
3356.16,3394.85696,38.6969600000002,26.37824,0.690581798553467,0.01265664,0.666647791862488,0.00633856,0.145306291564874,0.59318660011149,0.572628091205222,0.630818308266182,0.000327070653612065,0.000163799947075945,0.681661815295048,32806.396484375,8773.8037109375,20664517.8218855,-1388660.67745236,33892.2008391349,1956.69184669396,18978.1188964844,23866.3983916278,22792.7670797322
3421.2352,3460.00384,38.7686399999998,28.32384,0.565639436244965,0.01184768,0.468615263700485,0.00840704,0.136921515588206,0.485865301949676,0.402524792308609,0.594417474277301,0.000305599577390387,0.000216851558372954,0.730586370839941,32806.396484375,8773.8037109375,23239174.9433893,-1508151.19843142,35079.832999937,2104.67398075829,24700.1647949219,25396.8769129806,23540.3178650901
3488.32768,3526.0416,37.7139200000001,27.4022399999999,0.571247816085815,0.00699392,0.571247816085815,0.00699392,0.130200530754198,0.490682712105716,0.490682712105716,0.565239657974842,0.000185446646755362,0.000185446646755362,0.726581591094211,32424.9267578125,9536.7431640625,20178745.0173762,-1408947.69088121,34154.2278964474,881.297575606337,17833.7097167969,24752.8233011177,24435.9091173479
3553.44384,3598.35648,44.91264,21.8521599999999,0.739956319332123,0.01332224,0.558329403400421,0.00521216,0.141823985527532,0.635597657243569,0.479586228943638,0.615700570557209,0.000296625626994984,0.000116051071591427,0.486548107615137,32806.396484375,9155.2734375,20130094.208322,-1413374.45884711,34592.2835852035,1170.77291462324,18215.1794433594,26744.9158010219,22873.0547080495
3620.20864,3660.61568,40.4070400000001,25.8355200000001,0.728693842887878,0.0134656,0.607039749622345,0.00488448,0.143791986850711,0.625923567765985,0.521426782410527,0.624244256119505,0.000333248859604663,0.000120881905727319,0.639381652306134,32806.396484375,9155.2734375,18903205.761074,-1369975.48371496,34306.6855959179,789.52322766587,27942.6574707031,25150.3991408272,24492.844169316
3686.4512,3728.2816,41.8303999999998,24.1049600000001,0.685662984848022,0.01302528,0.561070084571838,0.01005568,0.133213676702594,0.588961504134987,0.481940382136595,0.578320630651636,0.00031138310893513,0.000240391676866586,0.576254589963285,32043.45703125,9536.7431640625,18306614.3464476,-1324316.53744339,33667.1258039015,973.752867835208,18596.6491699219,24537.0100821782,23364.0995570168
3752.38656,3794.98496,42.5983999999999,24.7500800000003,0.895334482192993,0.01544192,0.618873953819275,0.00633856,0.155103193091174,0.769062287142692,0.531591966849657,0.673349603921137,0.000362500000000001,0.000148798076923077,0.581009615384623,32424.9267578125,9918.212890625,16498490.3379725,-1229522.79975709,33737.7771154627,2223.62715499598,19550.3234863281,23376.9266777972,22437.1527394405
3819.73504,3863.82848,44.0934400000001,23.7772799999998,0.735252916812897,0.0141312,0.725577652454376,0.00770048,0.155009241656065,0.631557592250284,0.623246864712963,0.672941732488207,0.000320483046911286,0.000174640037157454,0.539247561542028,32806.396484375,9155.2734375,15254257.9761729,-1176469.26340581,33614.3215831254,2742.51242722117,18405.9143066406,23150.2360976362,22216.7687584164
3887.60576,3933.67552,46.0697599999999,23.25504,0.815151453018188,0.01456128,0.718542993068695,0.00649216,0.156095054761516,0.700187754737592,0.617204328270973,0.677655573705247,0.00031607023783063,0.000140920204489887,0.504778839742167,33187.8662109375,9155.2734375,16275715.33046,-1237334.03696165,34030.4820104593,2198.21174453992,18501.2817382812,24573.387660446,22459.7330394362
3956.93056,4006.79936,49.8688000000002,22.5484799999999,0.85849142074585,0.01256448,0.747551560401917,0.01238016,0.168083928217066,0.737415333221653,0.642121714548084,0.729702878676008,0.000251950718685831,0.000248254620123202,0.452156057494863,32424.9267578125,9155.2734375,12042411.2126908,-1050851.16798135,32992.6939887356,2165.72925340592,18501.2817382812,23393.5286369269,22456.4478379442
4029.34784,4075.776,46.4281599999999,27.7606400000004,0.973350524902344,0.01527808,0.770497620105743,0.00622592,0.179489775698552,0.836075450863266,0.661831610132039,0.779219092565483,0.000329069254521394,0.000134097926775474,0.597926775474205,33187.8662109375,9155.2734375,15181952.9322603,-1223977.37210292,34491.763741216,1861.01404357678,18501.2817382812,25237.6679574831,24101.1936361731
4103.53664,4150.14912,46.6124799999998,28.0268800000003,0.821340501308441,0.01404928,0.593469381332397,0.0069632,0.171305314907873,0.705503939613751,0.509770291253308,0.743687887037869,0.000301405975395432,0.0001493848857645,0.601274165202119,33569.3359375,9155.2734375,12855302.4435521,-1107091.05877737,34536.3951565927,2654.84954742769,31280.517578125,23997.7738515307,23673.2447938833
4178.176,4225.31072,47.13472,27.55584,0.880394279956818,0.01529856,0.688765645027161,0.005632,0.186205205679197,0.756229154575313,0.591626585153368,0.808372793579037,0.000324570932000869,0.000119487290897241,0.584618726917227,33187.8662109375,9155.2734375,12968991.8010191,-1080243.6736192,33182.7112146326,2655.64631766032,18501.2817382812,22885.085108667,22104.0096568842
4252.86656,4300.81024,47.9436799999994,27.4534400000002,0.872255504131317,0.01589248,0.677951395511627,0.00591872,0.189198560725133,0.749238219147952,0.582337507572242,0.82136784799672,0.00033148227253311,0.000123451516445965,0.572618539085873,32806.396484375,9155.2734375,11618875.3847176,-1026066.25733038,33260.0361592061,2637.53471246192,18501.2817382812,22819.8254046579,22486.2865654239
4328.26368,4373.38112,45.11744,30.1567999999997,0.985893249511719,0.01498112,0.622221410274506,0.00535552,0.191686687470235,0.846849230570108,0.534467319657765,0.832169554427968,0.000332047208352247,0.000118701770313209,0.668406718111661,32043.45703125,9536.7431640625,12021513.4628784,-989246.80673662,32005.4573442025,2985.93352035444,18501.2817382812,20541.0046640199,20161.4902945955
4403.53792,4457.14432,53.6064000000006,25.0675199999996,1.16154432296753,0.016896,0.697858452796936,0.00703488,0.178778511727277,0.99772761063665,0.599437002018855,0.776131281774511,0.000315186246418335,0.000131232091690543,0.467621776504286,32043.45703125,9155.2734375,9912446.07077767,-949866.463696579,33028.58304904,2558.39257661742,18262.8631591797,23076.7305000043,22434.0593990528
4482.21184,4535.28576,53.0739199999998,27.9756800000005,1.0554610490799,0.01676288,0.730015277862549,0.00601088,0.200008965567343,0.906605636819916,0.627058636083069,0.868299066327282,0.00031584024696122,0.000113254871695929,0.527107852595033,32043.45703125,9155.2734375,10927288.4446115,-974932.968299344,32604.6419340733,2336.53525094622,18215.1794433594,22528.6949037446,20963.0804283596
4563.26144,4611.52256,48.2611200000001,33.4950399999998,0.933054685592651,0.01733632,0.770572900772095,0.00979968,0.198277350131998,0.801462676578129,0.661896273699223,0.860781602990162,0.000359219180988754,0.000203055378739656,0.694037767876081,31661.9873046875,9155.2734375,10621566.8876674,-952097.680056217,32059.1515948989,2225.07479514213,18215.1794433594,21461.9087252972,21210.22972215
4645.0176,4695.59296,50.5753599999998,31.8259200000002,1.08377933502197,0.0177664,0.966468095779419,0.01061888,0.19787741564562,0.930930094536804,0.830163675110578,0.859045367116289,0.00035128568536141,0.000209961530674226,0.629277181615718,31661.9873046875,9918.212890625,11545076.1926258,-1021190.30876254,33140.2003876935,1628.65227811223,17976.7608642578,23047.098398475,22116.297636877
4727.41888,4778.27072,50.8518400000003,31.9795199999999,1.01571547985077,0.01726464,0.803262948989868,0.0092672,0.200323972614545,0.87246552607575,0.689975928564729,0.86966660664827,0.000339508658880385,0.000182239226741844,0.628876359242845,32424.9267578125,9155.2734375,11252778.9049915,-984656.593096385,32279.639038315,2261.02500591902,17547.607421875,22107.4769738848,20972.9301768738
4810.25024,4872.56064,62.3103999999994,21.93408,1.15398645401001,0.01818624,0.811186790466309,0.01068032,0.17814191460258,0.99123565472297,0.696782242595996,0.773367622218387,0.000291865242399345,0.000171405094494661,0.352013147082994,37384.033203125,9155.2734375,12860972.4161301,-1067337.33642093,33345.5144142618,4193.71743141486,17547.607421875,27716.9942741426,16572.3855849002
4894.49472,4948.00896,53.5142400000004,32.2457599999998,1.0865889787674,0.01773568,0.784761726856232,0.009728,0.198997704605269,0.933343484267554,0.674083999356129,0.863908878384002,0.000331419823957135,0.000181783390738613,0.602564102564094,31661.9873046875,9155.2734375,11148387.754833,-971871.617511958,32430.9234458404,2320.35873597341,17547.607421875,22279.4213198631,20082.5093014259
4980.25472,5032.84736,52.5926399999998,34.3040000000001,1.05527663230896,0.01851392,0.906365156173706,0.0101376,0.204256977070158,0.906447228999751,0.778537266079674,0.886740961725218,0.000352024922118381,0.000192757009345795,0.652258566978197,31661.9873046875,9918.212890625,10299975.3782082,-946252.09060613,32583.6226152124,1656.50106876882,17976.7608642578,22189.4865841324,21276.3100977397
5067.15136,5127.90528,60.7539200000001,27.3305600000003,1.03498995304108,0.0200192,0.894773125648499,0.0118784,0.190818337753515,0.88902165200413,0.76858010070109,0.828399787177111,0.000329512893982807,0.000195516602056295,0.44985673352436,31661.9873046875,9155.2734375,8798601.484275,-872956.488879031,32656.450557336,2488.88765844125,17786.0260009766,22745.8028982464,20559.5492654999
5155.23584,5212.13952,56.9036799999994,34.0582400000003,1.09400022029877,0.02003968,0.830598533153534,0.01102848,0.197822065777005,0.939709492140637,0.713456278417667,0.858805076691793,0.00035216843620659,0.000193809609501532,0.598524383660259,30899.0478515625,9155.2734375,8041935.63090508,-830288.362018648,32149.228182706,2191.13748162855,23508.0718994141,21655.0516233083,21206.4440992568
5246.19776,5311.04768,64.8499199999997,26.1836800000001,1.02677154541016,0.01828864,0.872281789779663,0.0107008,0.194275782551022,0.881962315527079,0.749260797638157,0.843409594767675,0.000282014842886469,0.000165008684667615,0.403758092531189,30899.0478515625,9155.2734375,8031918.67270258,-807798.933130288,31340.0682820454,2644.42231640861,17452.2399902344,22014.256883084,18607.3648326135
5337.23136,5396.20352,58.9721600000003,35.2870400000002,1.06689941883087,0.01880064,0.718181550502777,0.01060864,0.203526976028755,0.916430812747826,0.616893861231063,0.883571807678196,0.000318805348150719,0.000179892342420558,0.598367772182671,30899.0478515625,9536.7431640625,9066292.2899985,-884051.489971216,32118.1365232794,1555.95202724453,17452.2399902344,22497.3611357024,20604.439284577
5431.49056,5491.29216,59.8015999999998,36.78208,1.00485420227051,0.01949696,0.702366292476654,0.00987136,0.199654703421174,0.86313605296453,0.603309085092954,0.86676110781687,0.000326027397260275,0.000165068493150686,0.615068493150686,30899.0478515625,9536.7431640625,8175418.68587506,-847336.387395835,32113.1078982993,871.577563519019,15354.1564941406,22475.974696736,21434.8829980888
5528.07424,5588.6336,60.5593600000002,36.8025600000001,0.946091413497925,0.01970176,0.648595929145813,0.00985088,0.204195388756998,0.812660788545323,0.5571221466625,0.88647358833692,0.000325329726073722,0.000162664863036861,0.6077105174163,30899.0478515625,9155.2734375,9036321.27265985,-894390.314315063,32646.1808556222,1441.2468968759,15354.1564941406,23238.5841767818,21023.5743267645
5625.43616,5686.89664,61.4604799999997,38.1235200000001,0.856989324092865,0.01910784,0.673850119113922,0.00945152,0.205977174770668,0.736125082583004,0.578814648719651,0.894208857241873,0.000310896367877376,0.000153782072642453,0.620293235588142,30899.0478515625,9155.2734375,7410709.17089808,-805833.814458846,31813.5482251411,749.907938893022,15354.1564941406,22279.0283431488,21533.7898619106
5725.02016,5789.21472,64.1945599999999,36.9356800000005,0.914661347866058,0.01972224,0.71367746591568,0.01051648,0.214828826453422,0.78566341645631,0.613025003655565,0.932636539069973,0.000307226032860106,0.000163821981177221,0.575370872547464,30899.0478515625,9536.7431640625,8284490.95882907,-847207.702400307,32437.6943160077,1488.22899640929,15354.1564941406,23073.323676344,20246.2228073811
5826.1504,5890.68288,64.5324799999999,38.9222399999999,0.882631599903107,0.02762752,0.723460018634796,0.01180672,0.212122672255973,0.758150937360612,0.621427888295761,0.92088830990276,0.000428118057759442,0.000182957791177404,0.60314185972707,30899.0478515625,9155.2734375,6853671.54826777,-775533.363478332,32016.8059336114,1460.76796847396,15354.1564941406,22372.7152281846,21505.380643637
5929.60512,6000.39424,70.7891199999995,33.5667200000007,0.851771533489227,0.02075648,0.63325172662735,0.0171008,0.204184661571641,0.731643175479821,0.543941991404405,0.886427018399402,0.000293215680601767,0.000241573846376394,0.474179082887327,30899.0478515625,9536.7431640625,6754397.24718968,-765159.271079988,32098.2656003023,1529.12605746509,15354.1564941406,23021.8263836089,20317.9947214508
6033.96096,6100.92032,66.9593599999998,38.7891199999995,0.842824339866638,0.01746944,0.647366642951965,0.016384,0.216974174395537,0.723957836282292,0.556066231057108,0.941950139636839,0.000260896161492584,0.000244685731763267,0.579293469949527,30517.578125,9155.2734375,6668794.6101947,-751199.606498488,31663.6944140105,1559.70183205201,15354.1564941406,21909.1423517887,20399.9315190277
6139.70944,6208.4608,68.7513600000002,39.6800000000003,0.822058141231537,0.03109888,0.673997938632965,0.00984064,0.217047542534394,0.706120368235208,0.578941620728058,0.942268652790918,0.00045233839737861,0.000143133750372356,0.577152219243375,30899.0478515625,9155.2734375,5637729.00024128,-707394.399573852,31984.3499438295,783.838011208967,15354.1564941406,22393.9869134003,21986.1942837397
6248.1408,6317.76256,69.62176,39.7926399999997,0.843399703502655,0.0219136,0.567256331443787,0.01191936,0.208336989704104,0.724452054345658,0.487254160688401,0.904453523512682,0.000314752169436682,0.000171201647301074,0.571554640388288,30136.1083984375,9155.2734375,5057338.54015025,-658137.282447508,31128.6728103439,706.329092231354,15354.1564941406,21516.5954138527,21306.7978304551
6357.5552,6429.39904,71.8438400000005,42.7724799999996,0.894336104393005,0.02158592,0.600330531597137,0.0097792,0.215491108217727,0.768204714102044,0.515663789180592,0.935511703370538,0.000300456100342073,0.000136117445838084,0.595353477765099,30517.578125,9155.2734375,5062457.00967644,-649311.344891039,31023.3709996315,1554.14092714061,15354.1564941406,21121.4178334814,20518.9594549733
6472.17152,6543.91296,71.7414399999998,42.83392,0.961487233638763,0.02187264,0.679645359516144,0.01229824,0.215477081789318,0.825885281609579,0.583792565829866,0.935450810426778,0.000304881530117043,0.000171424493291465,0.597059663145877,30517.578125,9155.2734375,4926035.87628033,-641734.454893555,31061.4397488305,1583.5440963425,15354.1564941406,21115.196765084,20685.4639079503
6586.74688,6660.56704,73.8201600000002,43.0079999999998,0.954649031162262,0.03310592,0.590795814990997,0.01093632,0.218580075758466,0.820011495062632,0.507473787448039,0.948921840380797,0.000448467193785544,0.000148148148148148,0.582605076987095,30136.1083984375,9155.2734375,5460119.7796396,-659819.003564697,31126.9979856239,2260.7985526448,15354.1564941406,20913.8881856343,18953.4802027993
6703.57504,6781.83936,78.2643200000002,41.9430400000001,0.97703230381012,0.03387392,0.638426899909973,0.01764352,0.220237441163924,0.839237975443614,0.54838729165839,0.956116962009671,0.000432814339918879,0.000225435038597409,0.535915216538008,30136.1083984375,9155.2734375,4582864.03284605,-603513.298461948,30493.9253881203,1926.91458731745,15354.1564941406,20575.952688491,19162.123508423
6823.7824,6903.68512,79.90272,42.9056,0.960219860076904,0.02159616,0.645089089870453,0.01818624,0.217403624677092,0.824796650232666,0.55410988935823,0.943814512453576,0.000270280661284121,0.000227604767397155,0.536972959118288,30517.578125,9155.2734375,4688721.25857669,-607538.282374555,30795.9738880255,2255.64640187822,15306.4727783203,20751.6349642115,18609.079848544
6946.59072,7035.27936,88.6886400000003,37.62176,0.958581864833832,0.035584,0.744460225105286,0.01825792,0.210805981097519,0.823389667263708,0.639466361223895,0.915172157627865,0.000401223877150443,0.00020586537351345,0.424200438748411,30517.578125,9536.7431640625,4494100.18403171,-595964.444157352,30960.4077518618,2439.72256185076,15354.1564941406,22009.4109540369,17506.1451823431
7072.90112,7152.41472,79.5135999999993,46.3769600000005,1.01457476615906,0.02317312,0.69218111038208,0.0181248,0.223211193527262,0.87148569127862,0.594560355325022,0.969026915287269,0.000291435930457182,0.000227945911139732,0.583258209916303,30136.1083984375,9536.7431640625,4620011.97870306,-606197.911874982,30829.816345951,1878.33802625904,15306.4727783203,20778.656410184,18991.356409011
7198.79168,7285.44256,86.6508800000001,43.3971199999996,1.10952973365784,0.02234368,0.703565120697021,0.02009088,0.216813981178162,0.953048823194755,0.604338838320807,0.941254692706823,0.000257858662254786,0.000231860080359253,0.500827227605762,29754.638671875,9155.2734375,3932487.69433006,-562446.482114779,30727.5852401844,1918.01326680885,15306.4727783203,21012.2393314812,19209.8903176545
7328.83968,7414.8864,86.0467200000003,44.0524799999994,1.16418981552124,0.0226304,0.763491928577423,0.01881088,0.221679714756016,1,0.655813956107825,0.962378305394206,0.000263001309056289,0.000218612400333214,0.511960014280605,30517.578125,9536.7431640625,4337101.57902758,-584239.43496544,31115.3429219991,2358.82235703469,15306.4727783203,21190.8578025848,18159.8220739476
7458.93888,7550.40256,91.4636800000007,46.1721599999992,0.97834450006485,0.0246784,0.854525983333588,0.01998848,0.216546146339769,0.840365108010173,0.73400915550098,0.94009194112993,0.000269816390506043,0.000218540080609044,0.504814151365862,29754.638671875,9536.7431640625,3595868.67341684,-522991.01229806,30466.6131554955,2279.77882004066,15306.4727783203,20279.4127947213,17753.0665043543
7596.57472,7688.07936,91.5046400000001,47.4931200000001,0.927842915058136,0.01792,0.927842915058136,0.01792,0.223015545778607,0.796985940512385,0.796985940512385,0.968177549575066,0.000195837063563115,0.000195837063563115,0.519024171888989,29754.638671875,9536.7431640625,3607675.88969434,-513660.808930573,30023.1769850876,2405.47026025248,15306.4727783203,19772.5897290758,16794.9195086334
7735.57248,7829.72928,94.1567999999997,47.1756800000003,1.02119612693787,0.02441216,0.762948513031006,0.02174976,0.230345710739201,0.877173218080978,0.65534718038176,1,0.000259271343121262,0.00023099510603589,0.501033170201201,30136.1083984375,9155.2734375,3374806.27190967,-516478.904232798,30597.7924567718,1879.00375945481,15306.4727783203,20810.2099371224,18710.6458087069
7876.90496,7971.05152,94.1465600000001,50.0940799999998,0.993751645088196,0.0403968,0.783420562744141,0.02111488,0.226745580668797,0.853599328768621,0.672931984371794,0.984370752731401,0.000429084185338263,0.000224276702197085,0.532086143136826,30136.1083984375,9536.7431640625,3729677.59250229,-531282.146977489,30721.1828249466,2327.01836782558,15306.4727783203,20879.7192053326,16960.110356386
8021.1456,8116.45952,95.3139200000005,52.0294399999993,0.899275779724121,0.04294656,0.818604528903961,0.020736,0.221967192921234,0.772447729515217,0.703153831093643,0.963626334559997,0.00045058014611087,0.000217554791577137,0.545874516544898,29373.1689453125,9155.2734375,2985608.43938572,-481089.687104494,30382.7855640851,1837.2175918035,15306.4727783203,20029.4327782727,18731.0575469718
8168.48896,8266.9056,98.4166400000004,49.7152000000006,0.92062896490097,0.04237312,0.834733843803406,0.01978368,0.22839108105434,0.790789399311812,0.717008371551225,0.991514364740767,0.000430548330038496,0.000201019664967224,0.505150348558947,29373.1689453125,9155.2734375,2510715.20109795,-433225.072130694,29410.019213735,1818.2545443714,15306.4727783203,19058.4178256018,18318.1827207648
8316.6208,8418.16064,101.539839999999,52.8281599999991,0.8963902592659,0.04353024,0.703474342823029,0.02357248,0.218081397293801,0.769969164233378,0.604260863172097,0.946756927202845,0.000428701089148853,0.000232150060508271,0.520270270270264,29373.1689453125,9536.7431640625,2825912.88483432,-459982.586555009,30207.4250367043,2189.07683615463,15306.4727783203,19865.9587334368,17570.4381117552
8470.9888,8576.93184,105.94304,52.3571200000006,0.980335175991058,0.04416512,0.865664124488831,0.02623488,0.217565121378533,0.842075031855639,0.74357644513601,0.944515618199902,0.000416876087376764,0.000247631935047361,0.494200657258849,29373.1689453125,9155.2734375,2269613.0319851,-409375.399263446,29109.8713416824,1706.1988674937,15306.4727783203,19023.5036492431,17896.5016660453
8629.28896,8735.2832,105.99424,54.6918399999995,0.929254531860352,0.04543488,0.795284152030945,0.02639872,0.220601516070446,0.798198471994276,0.683122409617433,0.95769752066368,0.000428654236305671,0.000249058062022993,0.515988793353295,29373.1689453125,9155.2734375,2535005.25514039,-440549.285354928,30373.054652447,1934.07460255399,15306.4727783203,20065.2708922479,18215.4630988015
8789.97504,8896.62464,106.649600000001,54.6815999999999,0.936491429805756,0.04617216,0.848796129226685,0.01532928,0.216327437838987,0.804414724575186,0.729087403025129,0.939142461757903,0.000432933269323089,0.000143734997599615,0.51272203552568,29373.1689453125,9155.2734375,2226170.06735083,-418109.491765456,30256.7419339816,1754.24741213067,15306.4727783203,19993.3040205497,19270.4463208699
8951.30624,9062.72768,111.42144,55.9923199999994,0.962793052196503,0.02924544,0.860507667064667,0.0247296,0.208593973235814,0.827006935948356,0.739147221176637,0.905569166304056,0.000262475875379101,0.000221946512269093,0.502527341237013,28991.69921875,9155.2734375,2278074.40261755,-418090.892664399,30269.9231507002,1916.46425813255,15306.4727783203,20063.1391823985,18302.5940725087
9118.72,9230.97088,112.250880000001,59.2896000000001,0.829944431781769,0.04772864,0.776562452316284,0.02409472,0.205190652589264,0.712894427280468,0.667041097562424,0.890794327929041,0.000425196132092678,0.000214650611202333,0.52818828680897,29373.1689453125,9155.2734375,2177973.45835027,-406771.034134526,30069.2531660502,1882.40788857885,15306.4727783203,19768.0972469772,18217.3745597788
9290.26048,9404.16,113.899519999999,56.5248000000011,1.00324952602386,0.03037184,0.63959139585495,0.01855488,0.206084494456893,0.861757689895854,0.549387554613323,0.894674764273005,0.000266654679492945,0.000162905690910727,0.496268992178383,29373.1689453125,9155.2734375,2522713.90923264,-446216.358114201,31292.2340235324,2280.69316812704,15330.3146362305,21366.8545830298,18096.4075343667
9460.6848,9580.86144,120.17664,57.0367999999999,0.866506636142731,0.0322048,0.72990894317627,0.02679808,0.195187046983964,0.744300134385535,0.626967298154441,0.84736566770699,0.000267978868438992,0.000222989093387867,0.474608043626449,28610.2294921875,9155.2734375,1925993.90804892,-383178.079583967,30208.247965286,2056.03003123661,15306.4727783203,19883.767233653,18233.031940941
9637.89824,9759.1296,121.23136,56.9241600000005,0.766533315181732,0.05004288,0.75459748506546,0.02960384,0.193730769971892,0.658426405180786,0.648173927485876,0.841043531265209,0.000412788242250191,0.000244192921699468,0.469549793056851,28610.2294921875,9155.2734375,1856941.5542452,-370478.592841163,29502.2868638145,2075.18620430909,15330.3146362305,19335.0463812032,17622.0744448743
9816.05376,9935.99488,119.94112,56.3711999999996,0.83176589012146,0.03127296,0.764867603778839,0.02520064,0.194781447290781,0.714458998895343,0.656995614960252,0.845604837466732,0.000260735934431829,0.000210108426534621,0.469990608725346,28610.2294921875,9155.2734375,1692335.63503821,-357865.15183543,29771.3239170694,1617.36237521566,15306.4727783203,19260.4709778863,18577.0228421931
9992.36608,10117.888,125.521920000001,48.7014399999989,0.803214251995087,0.03593216,0.762362062931061,0.02942976,0.195107253072721,0.689934099479702,0.654843439417764,0.847019258342617,0.000286262032958066,0.000234459128732255,0.387991515744808,29373.1689453125,9155.2734375,1585949.18933878,-355012.431055267,30480.7995636288,1580.08504418449,15330.3146362305,20160.5240465478,19574.0192233532
10166.58944,10294.90688,128.317440000001,54.2822399999986,0.734773397445679,0.03509248,0.610747098922729,0.0160256,0.18584853080656,0.631145701198821,0.524611271100393,0.806824360697468,0.000273481765222247,0.000124890272125129,0.423030883409132,28991.69921875,9155.2734375,1486998.73913428,-337161.617596441,29860.8698517582,1603.02198337233,15306.4727783203,19444.2205654429,18779.738035363
10349.18912,10483.41504,134.225920000001,50.5139199999994,0.804388821125031,0.02868224,0.804388821125031,0.02868224,0.18029577671471,0.690943014962627,0.690943014962627,0.78271818535767,0.000213686298443697,0.000213686298443697,0.37633506255721,28991.69921875,9155.2734375,1469927.29022358,-334712.647222502,30039.8761175822,1941.9634498324,15306.4727783203,19664.1914154418,18444.0245205733
10533.92896,10664.68352,130.754560000001,57.61024,0.72174483537674,0.0305664,0.72174483537674,0.0305664,0.160773500475867,0.619954603411124,0.619954603411124,0.697966113455858,0.000233769284987076,0.000233769284987076,0.440598324066093,29373.1689453125,9155.2734375,1461366.23712415,-334669.390937491,30281.3534967137,1740.60308258776,15759.4680786133,19546.610027407,18774.9284938662
10722.29376,10854.25664,131.962879999999,52.1830399999999,0.763094902038574,0.05815296,0.686744332313538,0.03178496,0.180617270618787,0.655472923628795,0.589890345335192,0.784113887075079,0.000440676650888495,0.000240862885077987,0.395437262357416,29373.1689453125,9155.2734375,1614221.53558736,-354477.866127328,30967.1943312052,2137.58001290715,15330.3146362305,20253.5639797895,18667.5407050799
10906.43968,11034.34752,127.90784,49.7971200000011,0.742082118988037,0.045056,0.69892144203186,0.03079168,0.176160904620942,0.637423647840268,0.60035007411479,0.764767462157749,0.000352253622608278,0.000240733327996157,0.389320310623658,29373.1689453125,9155.2734375,1496545.58549264,-341507.539763958,30560.3253819283,1767.52572732368,15306.4727783203,19768.1658420804,19197.3841119149
11084.14464,11212.17536,128.030719999999,48.117760000001,0.78272819519043,0.03448832,0.481371939182281,0.0267264,0.150700701079258,0.672337263867903,0.413482348638102,0.654237062177737,0.000269375349916023,0.000208749900023996,0.375829800847808,29754.638671875,9155.2734375,1061770.34619357,-303585.07416607,30967.5331092132,1163.76684702484,15854.8355102539,21463.8191714505,21463.8191713004
11260.29312,11389.76768,129.474560000001,52.2137599999987,0.798321187496185,0.03661824,0.56786447763443,0.03013632,0.146671228913131,0.685731121207889,0.487776537866534,0.636743911759629,0.000282821891806389,0.000232758620689654,0.403274280291036,30517.578125,9155.2734375,1184946.73131746,-316955.990009794,31824.0106481351,1488.28087181795,16307.8308105469,21173.6912254574,21173.6912251265
11441.98144,11571.33312,129.35168,55.0092800000002,0.781866490840912,0.03723264,0.582073450088501,0.02899968,0.148996009895267,0.671597088736641,0.499981568579425,0.64683648511242,0.000287840405319823,0.00022419252691577,0.425269157694746,30899.0478515625,9155.2734375,967711.846842832,-286301.85246061,31287.2885799322,2557.59179304867,15878.6773681641,20842.009249862,20842.0092497274
11626.3424,11746.47808,120.135680000001,49.2646399999994,0.674865901470184,0.03576832,0.455511152744293,0.01815552,0.13618667027675,0.579687171690321,0.391268800560971,0.591227289797212,0.000297732696897372,0.000151125127855437,0.410075008523687,30899.0478515625,9155.2734375,956731.965791276,-295027.374757888,31484.3376806018,2181.62659771324,15807.1517944336,21635.2021112671,21635.202111206
11795.74272,11917.6192,121.876479999999,53.3708800000004,0.58598667383194,0.04629504,0.431998550891876,0.02246656,0.130729437584718,0.503342896510031,0.371072264275442,0.567535801579266,0.000379852125693164,0.000184338766593851,0.437909595026053,31661.9873046875,9536.7431640625,1253053.85348985,-339718.816984073,33080.4516778827,1989.01191429288,15830.9936523438,22791.0265705403,22791.0265704086
11970.99008,12096.768,125.77792,72.9292800000003,0.543114364147186,0.0491008,0.256854265928268,0.02827264,0.10788716154622,0.466517020597727,0.220629198524012,0.468370612155094,0.000390376943743384,0.000224782219327525,0.579825775462021,32043.45703125,9155.2734375,712278.052922371,-255657.777437647,30793.2041480419,2934.08723409024,16880.0354003906,20887.8040238603,20887.8040238154
12169.69728,12276.19328,106.495999999999,161.62816,0.449256062507629,0.02490368,0.449256062507629,0.02490368,0.11604661349938,0.385895887868152,0.385895887868152,0.503793246798367,0.000233846153846156,0.000233846153846156,1.51769230769232,28610.2294921875,9155.2734375,1365927.47977723,-330177.770109567,29245.7774976485,1204.69030939761,17976.7608642578,19671.0845968328,19671.0845967313
12437.82144,12523.30496,85.4835199999998,0,0.378847569227219,0.02491392,0.201820313930511,0.01236992,0.0869628168983436,0.325417353919728,0.173356879814441,0.377531739658931,0.000291447053186393,0.000144705318639195,0,28610.2294921875,8773.8037109375,1214435.30438141,-348860.411469659,29147.0242893908,1884.26655024691,16021.728515625,20947.4123234203,20947.4123234086
