note.starts,note.ends,note.durs,INI,pk.amps,pk.times,qpk.amps,qpk.times,note.rmss,rel.pk.amps,rel.qpk.amps,rel.note.rmss,rel.pk.tm,rel.qpk.tm,rel.INI,max.Hz,min.Hz,FMa,FMb,FMc,FM.resid,note.DF,arcL,chordL
1042.16576,1056.75776,14.5919999999999,38.8812800000001,0.09394870698452,0.00807936,0.0641176626086235,0.00305152,0.0291674591177738,0.0881567412541699,0.0601647896372,0.122680903938484,0.000553684210526321,0.000209122807017546,2.6645614035088,25177.001953125,19073.486328125,22237733.9098245,-736826.996353418,25412.8005478408,472.557129493292,21171.5698242188,6016.77748202116,6016.77748201494
1095.63904,1109.71904,14.0799999999999,41.48224,0.0849820300936699,0.00837632,0.0648766234517097,0.00294912,0.0280884617378261,0.0797428626607512,0.0608769603185594,0.118142545853032,0.000594909090909094,0.000209454545454547,2.94618181818184,25177.001953125,19454.9560546875,5434658.16250065,-518373.819393711,25091.6380982299,372.793129810397,21171.5698242188,6221.30196113315,6221.30196113299
1151.20128,1162.9568,11.7555199999999,40.2739200000001,0.0692181587219238,0.00548864,0.0408479459583759,0.0002048,0.0213554178600728,0.0649508386479884,0.0383296579399459,0.0898227698367214,0.000466898954703835,1.74216027874565e-05,3.42595818815334,23651.123046875,19073.486328125,10813860.6294653,-535397.08885666,23748.2244318182,598.420155433211,21362.3046875,4799.47944935205,4799.47944935155
1203.23072,1217.00352,13.7728,42.3321599999999,0.0723447725176811,0.0073728,0.0510040745139122,0.00182272,0.0235087880169447,0.0678846957732356,0.0478596581491241,0.0988800345196849,0.000535315985130113,0.000132342007434945,3.07360594795539,24414.0625,19073.486328125,15527594.7500017,-616268.521839082,24606.131173514,458.586668460854,21171.5698242188,5542.31334140907,5542.31334140712
1259.33568,1272.10496,12.76928,41.8816000000002,0.0698929950594902,0.0070656,0.0486194752156734,0.00018432,0.023316439866014,0.0655840711246158,0.0456220701069136,0.0980710012428474,0.000553327987169207,1.44346431435445e-05,3.27987169206096,24795.5322265625,17929.0771484375,-9251858.53854254,-441187.6116964,24646.4122425426,418.410319187022,21171.5698242188,7142.20542278395,7142.20542278377
1313.98656,1329.17248,15.1859199999999,35.57376,0.109070956707001,0.00867328,0.0908999070525169,0.00080896,0.0380244177483429,0.102346699783193,0.085295900744831,0.159934052612029,0.000571139581928527,5.32703978422121e-05,2.34254888739044,25177.001953125,17929.0771484375,-3271886.03660765,-450440.652698247,25069.0585964328,228.164225026356,21171.5698242188,7594.89244325197,7594.89244325192
1364.74624,1382.38976,17.6435200000001,40.3148799999999,0.143735840916634,0.01107968,0.106126502156258,0.00396288,0.0440918386098152,0.134874483570339,0.0995837717313221,0.185454159552268,0.000627974463145673,0.000224608241439349,2.28496807893208,27847.2900390625,19073.486328125,21655449.1066994,-866638.511869604,27768.2713099888,417.371620811385,21171.5698242188,8549.34691735398,8549.34691734754
1422.70464,1438.38208,15.6774400000002,35.6966399999999,0.143737390637398,0.00842752,0.100053071975708,0.00326656,0.0445977365901566,0.134875937750357,0.0938847703279265,0.187582011048633,0.000537557152188107,0.000208360548661004,2.27694317439579,25177.001953125,18310.546875,5656480.94464347,-547623.023628947,25281.8013285542,500.172670627053,21171.5698242188,7195.06518924474,7195.06518924452
1474.07872,1495.31648,21.23776,33.7100800000001,0.153092414140701,0.01165312,0.131907969713211,0.0042496,0.0480829969351812,0.143654221272059,0.123775804144771,0.202241323258932,0.000548698167791707,0.000200096432015429,1.58727097396336,27847.2900390625,15640.2587890625,8621700.99102605,-646614.127910635,27377.6374242131,821.704361134491,21171.5698242188,9843.88252461237,9843.88252461105
1529.02656,1549.29152,20.26496,36.2598399999999,0.159960687160492,0.01197056,0.126089468598366,0.00504832,0.0501444024896452,0.150099063217232,0.118316015354351,0.210911776718189,0.000590702374936838,0.00024911571500758,1.78928751894896,28610.2294921875,18692.0166015625,24140353.5816604,-962963.818862032,28782.7323464786,367.11045766088,21171.5698242188,9605.67715096735,9600.73797005027
1585.55136,1605.60128,20.0499200000002,37.41696,0.158570721745491,0.01159168,0.111152701079845,0.00388096,0.0473714779234856,0.148794789583507,0.104300103996243,0.199248611580764,0.000578140960163428,0.000193564862104186,1.86618998978548,27847.2900390625,18310.546875,13061447.3485313,-720747.801310876,27519.1138772403,363.763980132646,21171.5698242188,9200.24316979537,9200.24316979239
1643.01824,1664.72704,21.7087999999999,35.6351999999999,0.180400848388672,0.012544,0.138359740376472,0.00500736,0.0520235179209953,0.169279082425832,0.129829821227583,0.218815501852146,0.000577830188679248,0.000230660377358492,1.64150943396227,28610.2294921875,17929.0771484375,14293118.9186778,-799792.182946075,28530.3137496775,408.956270941507,21171.5698242188,10626.5818387132,10626.5818387092
1700.36224,1722.96192,22.59968,35.25632,0.176770508289337,0.01301504,0.149553656578064,0.00544768,0.0529153011365431,0.165872553873455,0.14033362916575,0.22256642066063,0.000575894879927502,0.000241051200724966,1.56003624830086,28610.2294921875,15640.2587890625,2935961.30093073,-611454.508170269,28225.4135399534,512.102103386669,21171.5698242188,12319.1470906065,12319.1470906064
1758.21824,1780.736,22.5177600000002,35.3484799999999,0.188690260052681,0.01337344,0.111487716436386,0.00561152,0.0610329204444554,0.177057449395095,0.104614465556404,0.256709842975957,0.00059390632105502,0.000249204183719871,1.56980445657115,28991.69921875,17166.1376953125,10612425.9706816,-714624.433473552,28660.4228772615,527.42651394142,21171.5698242188,10710.7160372802,10710.7160372779
1816.08448,1839.43168,23.3471999999999,34.1094400000002,0.190540730953217,0.01337344,0.150724455714226,0.00570368,0.0583576899502936,0.178793838214195,0.141432248186917,0.245457587716342,0.000572807017543861,0.000244298245614036,1.46096491228071,28991.69921875,17166.1376953125,11858419.3032717,-753500.873666981,28690.5389083059,539.454536728601,21171.5698242188,11128.2090930658,11128.2090930623
1873.54112,1897.20576,23.66464,36.05504,0.198298811912537,0.01299456,0.170438200235367,0.005376,0.0612803944683235,0.186073631174756,0.159930634494537,0.257750740533294,0.000549112938122026,0.000227174383383817,1.5235828645608,28610.2294921875,15640.2587890625,5139466.7511764,-609382.635528105,28072.7300428806,749.649948641437,21171.5698242188,11542.6412617537,11542.6412617532
1933.2608,1957.49888,24.2380800000001,35.8297599999999,0.208832576870918,0.01376256,0.18700797855854,0.00595968,0.0647572244330521,0.195957986390217,0.175478881055457,0.272374593820994,0.000567807351077311,0.000245880861850443,1.47824250105618,28991.69921875,15640.2587890625,5630498.60638432,-646497.206285991,28597.6094410832,623.20346782428,21171.5698242188,12362.0202228809,12362.0202228803
1993.32864,2018.72384,25.3952000000002,34.4780799999999,0.219374850392342,0.01408,0.195926859974861,0.00622592,0.0730986777133411,0.205850325613278,0.183847910779568,0.307459481553395,0.000554435483870964,0.000245161290322579,1.35766129032257,29754.638671875,16021.728515625,9169647.90217853,-744568.02253796,29317.434732016,631.378207541123,23746.4904785156,12994.7995210891,12994.7995210871
2053.20192,2079.5904,26.3884800000001,36.85376,0.24913814663887,0.01444864,0.228751003742218,0.00632832,0.0774498818267221,0.233778705793207,0.214648436320227,0.325761029579741,0.00054753589445091,0.000239813736903375,1.39658517656189,29754.638671875,15258.7890625,5087711.08791347,-641365.425151442,29010.2234403674,671.773110519333,21171.5698242188,13381.8215300981,13381.8215300975
2116.44416,2143.49824,27.0540799999999,35.9321600000003,0.251746267080307,0.01475584,0.179967164993286,0.00673792,0.0778616687663374,0.236226034833652,0.168872135740769,0.327493041743642,0.000545420136260411,0.000249053747161243,1.32816048448147,29754.638671875,16021.728515625,5773991.18278113,-657088.01512566,29236.8220582916,657.107615602027,23746.4904785156,13550.7933672178,13550.7933672169
2179.4304,2206.18752,26.7571199999998,35.6454400000002,0.269019335508347,0.01431552,0.164770007133484,0.00251904,0.0830238711099593,0.252434213455282,0.154611887183372,0.349205719809692,0.000535017221584391,9.41446613088413e-05,1.33218522770764,29754.638671875,15258.7890625,5526534.41780485,-656270.661867567,29175.2182515175,661.059708466103,23651.123046875,13603.2266201017,13603.2266201009
2241.83296,2269.22496,27.3919999999998,35.9731200000001,0.26503711938858,0.01502208,0.160189121961594,0.00683008,0.0830288567446114,0.248697502143797,0.150313414944899,0.349226689828484,0.000548411214953275,0.000249345794392525,1.3132710280374,28991.69921875,15640.2587890625,3193841.97996125,-587939.064566804,28899.9397023662,521.622320196399,23746.4904785156,13708.4180276839,13708.4180276836
2305.19808,2331.41248,26.2143999999998,37.13024,0.298176854848862,0.01461248,0.18911574780941,0.00612352,0.0864073474250649,0.279794163055639,0.177456705705061,0.363436919418665,0.000557421875000003,0.000233593750000001,1.41640625000001,28610.2294921875,15640.2587890625,7912017.63217667,-664754.702194176,28671.8332989616,833.738475548948,21171.5698242188,11989.048549138,11989.0485491358
2368.54272,2395.74016,27.1974399999999,37.4988800000001,0.301362007856369,0.0146944,0.206384181976318,0.00678912,0.0939538095038572,0.28278295043282,0.193660535769137,0.395178004085158,0.000540286144578315,0.000249623493975904,1.37876506024097,29373.1689453125,15640.2587890625,7110257.71365336,-678132.48298036,29144.4163481305,607.952515607367,23651.123046875,13184.0046074022,13184.0046074005
2433.23904,2461.07136,27.83232,37.0995200000002,0.310132801532745,0.01485824,0.267886966466904,0.00657408,0.0988187663479003,0.291013022070202,0.251371655302063,0.415640441380056,0.000533848417954379,0.000236203090507726,1.33296541574688,28991.69921875,14877.3193359375,4435250.08425922,-608349.759299951,28778.7245196316,398.14900331399,23651.123046875,13496.0717557661,13496.0717557654
2498.17088,2525.91104,27.7401599999998,37.9596799999999,0.333224982023239,0.01516544,0.202127322554588,0.00685056,0.0962834587748218,0.312681562764759,0.189666112996946,0.404976714259656,0.000546696197858992,0.000246954595791807,1.36840162421558,29373.1689453125,14877.3193359375,3463569.85378547,-588341.902958294,28945.3348152251,438.995590845545,21171.5698242188,13655.4244516717,13655.4244516713
2563.87072,2592.70656,28.8358400000002,38.3385600000001,0.322800755500793,0.01609728,0.224925592541695,0.00717824,0.0994238777091142,0.302899992908076,0.211058862858072,0.418185593101274,0.000558238636363633,0.000248934659090907,1.32954545454545,29373.1689453125,14877.3193359375,2237998.98244596,-541641.840733322,28868.9654806386,523.583746869297,21171.5698242188,13757.7886167085,13757.7886167083
2631.04512,2660.23936,29.1942399999998,39.1270399999999,0.339665025472641,0.01590272,0.191891759634018,0.00264192,0.103543942646899,0.318724575619934,0.180061575574966,0.435514949381907,0.000544721150473522,9.04945633111195e-05,1.3402314977201,29373.1689453125,14877.3193359375,3604620.20982196,-575872.941151943,29024.8704993207,441.427832043675,23651.123046875,13739.9418947966,13739.9418947961
2699.3664,2728.56064,29.1942400000003,40.4991999999997,0.368429869413376,0.01629184,0.235009208321571,0.00730112,0.109555671479168,0.345716058375708,0.220520820725779,0.460800810738487,0.000558049807085228,0.000250087688530338,1.38723254998244,28991.69921875,14877.3193359375,1115865.03886662,-497493.088321117,28616.8637483016,506.152333861654,22888.18359375,13572.8767742037,13572.8767742037
2769.05984,2799.11424,30.0544,39.7619199999999,0.339620441198349,0.0162816,0.245926082134247,0.00649216,0.116990859379152,0.318682739979413,0.230764666020712,0.492073866400942,0.000541737649063033,0.000216013628620102,1.32299829642249,28610.2294921875,15640.2587890625,3234754.83177067,-523507.409954664,28242.0282778533,514.535766044054,23651.123046875,12811.8539406088,12811.8539406081
2838.87616,2870.016,31.1398400000003,40.61184,0.385330468416214,0.01652736,0.245506897568703,0.00776192,0.116402198948246,0.36157473042299,0.230371324308319,0.489597908742626,0.000530746464978621,0.000249260111805325,1.30417625780992,28991.69921875,15640.2587890625,2881043.93894062,-519994.484200082,28642.3609806941,433.087365304846,23651.123046875,13398.8265926896,13398.8265926891
2910.62784,2944.32768,33.6998399999998,42.1171200000003,0.39291900396347,0.01082368,0.326913267374039,0.0080896,0.125745279187568,0.368695430496571,0.306758967201082,0.528895727750498,0.00032117897295655,0.000240048617441509,1.24977210574295,29373.1689453125,14877.3193359375,3483850.02843307,-531860.952457739,29039.2082689446,500.386021246788,23651.123046875,13967.0929310735,13967.0929310724
2986.4448,3018.36288,31.9180799999999,40.6527999999998,0.407473862171173,0.01255424,0.32213893532753,0.00765952,0.135854495009086,0.382352977366471,0.30227897414535,0.571415980546097,0.000393326916907284,0.000239974334295798,1.27366057106192,28991.69921875,14877.3193359375,1972079.54578536,-495011.705402681,28697.739299546,427.723901801681,23078.9184570312,13790.7399011394,13790.7399011391
3059.01568,3093.5552,34.5395199999998,42.1785600000003,0.425466805696487,0.018432,0.232438132166862,0.00411648,0.135393202291709,0.399236650571504,0.218108252180767,0.569475742717371,0.000533649570115627,0.000119181737325823,1.2211680996146,31280.517578125,14877.3193359375,4300472.32813411,-596437.978885543,30096.8548086215,544.22488705501,23651.123046875,15470.3107233646,15470.3107233631
3135.73376,3169.72032,33.9865599999998,42.2809600000001,0.43833515048027,0.01816576,0.277784913778305,0.00837632,0.129790456904724,0.411311658071717,0.260659391217603,0.545910101780427,0.000534498342874362,0.000246459777041279,1.24404941247364,29754.638671875,15640.2587890625,5829009.77519927,-590797.097527938,29412.7598204747,449.628931996986,23651.123046875,13346.1518985751,13346.1518985707
3212.00128,3246.98112,34.97984,40.33536,0.527046799659729,0.01867776,0.315468341112137,0.008448,0.140218865760892,0.494554207692254,0.296019624047484,0.589772908614195,0.000533957845433256,0.000241510538641686,1.15310304449649,30899.0478515625,14877.3193359375,5800963.21653743,-596223.538637556,29628.3172791162,801.659433139039,23078.9184570312,13757.8080071976,13757.8080071929
3287.31648,3326.12608,38.8096,42.3424,0.527558445930481,0.02055168,0.268013954162598,0.00628736,0.13710966986762,0.495034310818227,0.251490814168546,0.576695356635183,0.000529551451187334,0.000162005277044855,1.0910290237467,31280.517578125,14877.3193359375,3323347.56497318,-544784.002291088,30482.1998842301,439.332554827476,22029.8767089844,16137.2727898695,16137.2727898679
3368.46848,3405.88544,37.41696,42.2912000000001,0.610160827636719,0.01934336,0.299549996852875,0.00858112,0.146737900337221,0.57254423112245,0.281082650446668,0.61719254264543,0.000516967706622879,0.000229337712096333,1.13026819923372,29754.638671875,14877.3193359375,3193236.41279443,-504717.675073052,29059.4217641998,539.995562234422,23078.9184570312,14414.3778110245,14414.3778110228
3448.17664,3488.52224,40.3455999999996,40.8473600000002,0.682475924491882,0.02056192,0.290715485811234,0.00648192,0.149994456201929,0.640401080746589,0.272792789638542,0.630889903652958,0.000509644670050766,0.000160659898477159,1.01243654822336,31280.517578125,14877.3193359375,4586167.51501038,-585207.279541019,30723.275327263,543.633986045353,22029.8767089844,16145.3246651202,16145.324665116
3529.3696,3570.432,41.0623999999998,43.8784000000001,0.681446254253387,0.019968,0.314489305019379,0.00932864,0.156889491664597,0.63943488998457,0.295100945821056,0.659891030553745,0.00048628428927681,0.000227182044887782,1.06857855361597,31280.517578125,13732.91015625,3756123.6968192,-543089.299596884,29961.5655990845,513.147324520237,21743.7744140625,15967.2721622937,15967.2721622907
3614.3104,3656.82688,42.5164800000002,43.6223999999997,0.589722812175751,0.02105344,0.348708897829056,0.00995328,0.161477535126323,0.553366225393876,0.327210890555503,0.679188745754814,0.00049518304431599,0.000234104046242773,1.02601156069363,31280.517578125,13732.91015625,3468848.46188082,-515809.165261144,30113.6690027573,686.762433225103,23078.9184570312,15659.9224193997,15659.9224193963
3700.44928,3744.50176,44.0524800000003,44.8614399999997,0.611508548259735,0.01820672,0.409793227910995,0.01099776,0.170139995426224,0.573808864368182,0.384529353518545,0.715623817306024,0.000413296141329611,0.000249651324965131,1.01836355183634,31280.517578125,13732.91015625,3733609.07027145,-520610.330840523,30100.739636675,709.558321426112,21743.7744140625,15688.6560414934,15688.6560414883
3789.3632,3837.52192,48.1587200000004,47.2064,0.621805787086487,0.02161664,0.357442677021027,0.01124352,0.150745740246755,0.583471275358383,0.335406229662453,0.63404987056546,0.000448862428237292,0.000233467999149477,0.980225388050174,31280.517578125,12588.5009765625,3024320.66274852,-490736.933747142,30272.7262357325,693.573587567052,21123.8861083984,16619.06965343,16619.0696534254
3884.72832,3930.63424,45.9059199999997,49.0393600000002,0.579699635505676,0.01850368,0.36391606926918,0.01117184,0.175400470916581,0.543960980546875,0.341480535353018,0.737749840889268,0.000403078295784076,0.000243363818871293,1.06825786303816,31661.9873046875,13732.91015625,3609747.69233946,-507876.922707082,30189.0149394615,818.002783609463,21171.5698242188,15707.5429824624,15707.5429824563
3979.6736,4028.40576,48.73216,47.9846400000001,0.63464230298996,0.01860608,0.399085462093353,0.01195008,0.174580946002407,0.595516416238224,0.374481724648553,0.73430284686538,0.000381802899768859,0.000245219583946207,0.984660642992227,31661.9873046875,13732.91015625,3528036.65683582,-497421.318652987,30088.6177340982,619.781573956214,21076.2023925781,15861.9512149385,15861.95121493
4076.3904,4127.3856,50.9951999999994,50.4524800000008,0.62016749382019,0.01798144,0.436171740293503,0.01204224,0.170834165704336,0.581933983359259,0.409281622766463,0.71854355868158,0.000352610441767073,0.000236144578313256,0.989357429718904,31280.517578125,13351.4404296875,3498974.82987636,-486168.784889369,29765.517358261,709.078317040084,22029.8767089844,15693.1539042368,15693.153904225
4177.83808,4231.94624,54.1081599999998,51.3228799999997,0.63054746389389,0.01922048,0.459388047456741,0.01174528,0.181677355944751,0.591674025190425,0.431066637687469,0.764150972577308,0.000355223315669949,0.000217070401211205,0.948523845571535,31280.517578125,12588.5009765625,2376841.17635736,-414877.406795028,29649.0461003273,1125.04658167633,21982.1929931641,15489.5918841176,15489.5918841103
4283.26912,4337.62304,54.3539200000005,52.4185599999992,0.676233530044556,0.0202752,0.45174303650856,0.01247232,0.194410328758763,0.634543531773722,0.423892943938228,0.817706978547511,0.000373021853805573,0.000229464958553125,0.964393368500353,31661.9873046875,13351.4404296875,2243124.69211325,-417337.010738386,29872.6742305773,891.42728868906,21123.8861083984,16056.9301575998,16056.930157594
4390.0416,4447.87712,57.8355200000005,55.11168,0.753361880779266,0.01789952,0.6322181224823,0.01385472,0.206619653613312,0.706916896744046,0.593241687179927,0.869060475044636,0.000309490084985833,0.000239553824362604,0.952903682719537,31661.9873046875,12588.5009765625,1873774.89486352,-371148.569269117,29065.0994991617,1106.62715912464,21743.7744140625,15197.8920876292,15197.8920876222
4502.9888,4561.47968,58.4908800000003,56.9343999999992,0.776497840881348,0.01856512,0.703977048397064,0.01447936,0.208307813063832,0.728626518024114,0.660576653967574,0.876161022491907,0.000317401960784312,0.000247549019607842,0.973389355742278,31661.9873046875,12588.5009765625,1956140.2172149,-373751.397593696,29259.7278709071,1240.68829078985,21743.7744140625,15168.7344053992,15168.7344053909
4618.41408,4682.496,64.0819200000005,57.5487999999996,0.774766981601715,0.01823744,0.650628566741943,0.01506304,0.214825014695747,0.727002366733909,0.610517122074833,0.903572946997373,0.000284595717481621,0.000235059124320867,0.898050495365917,31661.9873046875,13351.4404296875,2070661.93093738,-367797.678164039,29369.83509224,1145.48049596665,21743.7744140625,15066.0237593027,15066.0237592846
4740.0448,4809.728,69.6832000000004,60.3545599999998,0.81560343503952,0.0210432,0.693117737770081,0.01596416,0.216807294476834,0.765321240670596,0.650386823070812,0.911910590479473,0.000301983835415134,0.000229096252755326,0.866127847171189,31661.9873046875,13351.4404296875,1966526.39410217,-364904.367166699,30130.2184618224,1238.20793727803,21743.7744140625,15878.746680864,15878.7466808401
4870.08256,4944.70144,74.61888,61.9724800000004,0.867538154125214,0.01983488,0.71305388212204,0.01631232,0.216038913142707,0.814054168876834,0.669093898193528,0.908678710861181,0.000265815836421024,0.00021860848085632,0.830520104295325,31280.517578125,13351.4404296875,2060030.08256914,-363203.786295851,29808.2643340114,1136.91620304177,21123.8861083984,15631.6591062665,15631.6591062172
5006.67392,5082.70592,76.0320000000002,62.9862399999993,0.867505252361298,0.02040832,0.636623740196228,0.01506304,0.221400847136251,0.81402329551645,0.597375697251354,0.931231477851623,0.000268417508417508,0.000198114478114478,0.828417508417497,31661.9873046875,13351.4404296875,1555001.6418638,-318062.532065163,29299.2280502722,1204.81352141609,21743.7744140625,15193.6758344842,15193.6758344557
5145.69216,5226.2912,80.5990400000001,65.6384000000007,0.869297862052917,0.0203776,0.861817300319672,0.01959936,0.224756737403617,0.815705390287375,0.808686007410054,0.945346648112304,0.000252826832676915,0.00024317113454453,0.814381908270876,30899.0478515625,12969.970703125,1190817.7068099,-275882.807878657,28319.4027738088,1132.32785616691,21076.2023925781,14500.0932302868,14500.0932302609
5291.9296,5377.92512,85.9955199999995,69.4784,0.933115422725677,0.01718272,0.933115422725677,0.01718272,0.233775967640699,0.875588579362322,0.875588579362322,0.983282325465848,0.000199809478447251,0.000199809478447251,0.80793045963325,31661.9873046875,13732.91015625,1285325.11360003,-275732.474254828,28003.3762832338,1232.02737417311,21743.7744140625,14206.4833588819,14206.4833588275
5447.40352,5534.12608,86.7225600000002,73.4515199999996,0.903530061244965,0.01896448,0.903530061244965,0.01896448,0.235085347471735,0.84782716421697,0.84782716421697,0.988789692447035,0.00021867989136852,0.00021867989136852,0.846971307120079,31661.9873046875,13351.4404296875,1087322.830444,-261439.405281117,28314.9788842636,1270.10508963191,21123.8861083984,14495.154344287,14495.1543442526
5607.5776,5702.6048,95.0272000000004,72.1510399999997,0.990932583808899,0.01865728,0.990932583808899,0.01865728,0.234422464081592,0.929841295267226,0.929841295267226,0.986001546479975,0.000196336206896551,0.000196336206896551,0.759267241379304,31661.9873046875,13351.4404296875,1109464.62415675,-255519.17972412,28205.7953163325,1204.95401978721,21767.6162719727,14262.6194288543,14262.6194287779
5774.75584,5877.84192,103.08608,77.2505600000004,1.02090048789978,0.01983488,1.02090048789978,0.01983488,0.237750604873268,0.957961669157043,0.957961669157043,1,0.000192410847322936,0.000192410847322936,0.74937915963048,31661.9873046875,13732.91015625,1373223.93560879,-282277.857809048,28697.5579813954,1037.08825813119,20718.5745239258,14506.2842357185,14506.0242585826
5955.09248,6063.9744,108.88192,81.08032,0.976500689983368,0.0207872,0.976500689983368,0.0207872,0.224033065258591,0.916299131988761,0.916299131988761,0.942302819284142,0.000190915075707703,0.000190915075707703,0.744662842095365,31280.517578125,13732.91015625,1176005.00144452,-257518.151128409,28359.2884629551,997.840212929949,21743.7744140625,14097.2109739338,14097.2109732498
6145.05472,6262.54848,117.49376,80.5171199999995,1.06570076942444,0.021504,1.06570076942444,0.021504,0.221572535076304,1,1,0.931953612460471,0.000183022485619661,0.000183022485619661,0.685288478298757,31661.9873046875,13351.4404296875,1112572.55448422,-248278.497881599,28628.1395535652,1950.61346482052,21743.7744140625,13890.2144700924,13812.3508464861
6343.0656,6467.90144,124.83584,91.84256,0.955720126628876,0.02255872,0.955720126628876,0.02255872,0.219391788622731,0.896799696546188,0.896799696546188,0.922781200660569,0.0001807070789927,0.0001807070789927,0.735706668854075,30517.578125,13732.91015625,1008946.27353679,-236933.208568482,28268.8816045676,936.582052840453,20241.7373657227,13965.4420169298,13854.3505575633
6559.744,6684.37504,124.63104,95.2012800000002,1.0125287771225,0.02381824,1.0125287771225,0.02381824,0.212744073718652,0.95010607683932,0.95010607683932,0.894820325828631,0.000191110015610878,0.000191110015610878,0.763864924821297,30899.0478515625,14114.3798828125,1441059.65295554,-271406.467576097,28980.7464106821,3125.8994732261,21743.7744140625,14116.2536892213,11441.8404087867
6779.57632,6896.00512,116.4288,101.35552,1.02879822254181,0.02171904,1.02879822254181,0.02171904,0.225389250819524,0.965372506109234,0.965372506109234,0.948007055290844,0.000186543535620053,0.000186543535620053,0.870536499560249,30517.578125,14114.3798828125,1083667.17350168,-230612.872131329,27878.8852844728,2425.74150735886,21743.7744140625,12377.9667353188,12160.1502831591
6997.36064,7111.424,114.06336,155.78112,0.986124277114868,0.0239616,0.986124277114868,0.0239616,0.214418382785254,0.925329422111098,0.925329422111098,0.901862617340337,0.000210072717479127,0.000210072717479127,1.36574198761109,30899.0478515625,14114.3798828125,1400806.49872079,-288293.847109916,30145.5412342876,1646.64587211792,22244.4534301758,15007.6050154574,14658.6418254835
7267.20512,7321.9584,54.7532800000008,0,0.335754364728928,0.03556352,0.207949310541153,0.01052672,0.130286675823288,0.315055008274284,0.195129173692407,0.547997242289821,0.000649523097063764,0.0001922573405648,0,24414.0625,19073.486328125,1460249.43497155,-185280.69478488,24654.5117054775,313.666491535602,21362.3046875,5767.01233467758,5767.01233459713
