note.starts,note.ends,note.durs,INI,pk.amps,pk.times,qpk.amps,qpk.times,note.rmss,rel.pk.amps,rel.qpk.amps,rel.note.rmss,rel.pk.tm,rel.qpk.tm,rel.INI,max.Hz,min.Hz,FMa,FMb,FMc,FM.resid,note.DF,arcL,chordL
968.13056,976.97792,8.84736000000009,37.13024,0.0157439298927784,0.00263168,0.0147016085684299,0.0022016,0.00651664598620032,0.0398533495066675,0.0372148725621935,0.0627850858061705,0.000297453703703701,0.00024884259259259,4.19675925925921,22125.244140625,16403.1982421875,-50224374.9235183,-280644.079404223,21952.6745024182,340.171680563144,19454.9560546875,6414.31127276461,6414.3112727636
1014.10816,1028.89472,14.78656,43.008,0.0185930840671062,0.00683008,0.0178945977240801,0.00185344,0.00695586923577764,0.0470655473429874,0.0452974360427063,0.0670168132118288,0.00046191135734072,0.000125346260387812,2.90858725761773,25177.001953125,16403.1982421875,30666999.6312541,-954015.421440131,25477.776160607,953.731650447747,20980.8349609375,7401.50119981517,7401.50119980541
1071.90272,1080.86272,8.96000000000004,37.13024,0.0189834423363209,0.0055296,0.0179689358919859,0.00036864,0.0078274081908651,0.0480536795718387,0.0454856117400965,0.075413716802182,0.000617142857142855,4.1142857142857e-05,4.14399999999998,20980.8349609375,16021.728515625,68728092.0006052,-1039422.51631192,21516.7091006324,1347.04768711116,19454.9560546875,4064.32813342486,3795.62455540959
1117.99296,1130.79296,12.8,42.92608,0.0182617735117674,0.00663552,0.0170364864170551,0.00154624,0.00783258761389661,0.0462268853667788,0.0431252585706651,0.0754636183190281,0.000518400000000002,0.0001208,3.35360000000001,25177.001953125,16403.1982421875,-15980482.9302102,-494103.667072279,24868.3582652699,324.878778815637,22506.7138671875,8942.7692618202,8942.76926181993
1173.71904,1184.68608,10.96704,37.2224000000001,0.0239952579140663,0.00596992,0.0166957173496485,0.00036864,0.00831201672103188,0.0607403238368432,0.0422626538184267,0.0800827118977195,0.000544351073762839,3.36134453781513e-05,3.39402427637723,22506.7138671875,17166.1376953125,41573286.4199461,-906439.429528009,22800.3299597538,685.913142990749,19454.9560546875,4941.04574304016,4940.69028223643
1221.90848,1237.94432,16.03584,38.49216,0.0244267135858536,0.01119232,0.019091609865427,0.00026624,0.00876141684582503,0.0618324878518937,0.0483274891207949,0.0844124891260961,0.000697956577266922,1.6602809706258e-05,2.40038314176245,25177.001953125,16403.1982421875,16858531.4428598,-735300.57167912,25315.3371286916,977.94907776179,22506.7138671875,7456.02190258328,7456.02190258081
1276.43648,1292.20608,15.7695999999999,36.2803200000001,0.0238713882863522,0.01173504,0.0141461510211229,0.00058368,0.00963300420832064,0.060426766827877,0.0358088167730924,0.0928098591010406,0.000744155844155851,3.70129870129874e-05,2.30064935064938,24414.0625,16403.1982421875,22847746.5607176,-791124.102625101,25005.130977421,1175.35020198147,19264.2211914062,6793.92654164832,6793.92654164017
1328.4864,1346.4064,17.9200000000001,38.38976,0.0265989191830158,0.01434624,0.0169084556400776,0.00268288,0.00976799088126978,0.0673310939466627,0.0428011682490462,0.0941103977311501,0.000800571428571425,0.000149714285714285,2.14228571428571,25177.001953125,17166.1376953125,2135044.27812515,-510356.455509149,25468.5538155692,555.782962013625,19264.2211914062,8459.96859986807,8459.96859986803
1384.79616,1401.25184,16.4556799999998,38.42048,0.0297006852924824,0.01291264,0.0224395748227835,0.00018432,0.0105877752877705,0.0751827402440213,0.0568023501301039,0.102008668469456,0.000784691972619798,1.12009956440574e-05,2.33478531425018,25177.001953125,17166.1376953125,1885493.64821456,-523781.723954103,25114.1223278674,633.504609513896,22506.7138671875,8108.61273751313,8108.61273751311
1439.67232,1455.1552,15.48288,43.3356800000001,0.0251295175403357,0.01035264,0.0180367436259985,0.00197632,0.00969863570042326,0.0636115285249273,0.0456572566433235,0.0934421903450542,0.000668650793650793,0.000127645502645502,2.7989417989418,24032.5927734375,16021.728515625,2051860.73482156,-545515.103840622,24415.1104937543,997.944945227455,19264.2211914062,7954.27371156641,7954.27371156639
1498.49088,1510.49216,12.00128,38.5024000000001,0.0258773323148489,0.00705536,0.0177051406353712,0.00145408,0.0100054916000183,0.0655045072016551,0.0448178544119285,0.096398615172642,0.000587883959044371,0.000121160409556314,3.20819112627988,22888.18359375,16403.1982421875,51305760.986466,-1063833.19661925,23675.3983931108,1143.52041336324,19264.2211914062,5651.62162698656,5377.75428684809
1548.99456,1565.26592,16.27136,36.47488,0.0284910500049591,0.00858112,0.0172164440155029,0.00340992,0.0105611979019436,0.0721207336028856,0.0435807936953871,0.101752606769438,0.000527375707992449,0.000209565764631844,2.24166142227817,24032.5927734375,16403.1982421875,-1552759.47499989,-432923.112388381,24372.1427498283,902.064798239083,22506.7138671875,7455.35199695016,7455.35199695015
1601.7408,1618.66752,16.9267199999999,36.9049600000001,0.0309827011078596,0.01143808,0.0205206256359816,0.00183296,0.011694881037503,0.0784279671162992,0.0519448238867844,0.112675156972999,0.000675741076830009,0.000108287961282517,2.18027828191169,25177.001953125,16021.728515625,4103721.46964338,-590653.662066477,25273.4173785199,1090.63882991617,22506.7138671875,8822.05611736572,8822.05611736563
1655.57248,1673.2672,17.69472,38.6867199999999,0.0336291193962097,0.00973824,0.0254383105784655,0.00305152,0.0126017403149093,0.0851269700783761,0.0643931908517812,0.121412356702223,0.000550347222222223,0.000172453703703704,2.18634259259259,26321.4111328125,16403.1982421875,17995373.2013418,-815786.764148498,26449.475969587,1015.19919096561,20790.1000976562,8800.71095060002,8800.71095059673
1711.95392,1729.55648,17.60256,39.6595199999999,0.0363459214568138,0.01168384,0.0295424666255713,0.0024064,0.0131059571224371,0.0920041387903223,0.0747822338981578,0.12627026913027,0.000663757998836531,0.000136707388016288,2.25305410122163,25177.001953125,16021.728515625,17690366.8758953,-790760.668178835,26021.6849190848,1258.15557636666,22506.7138671875,8438.04983352709,8438.04983352356
1769.216,1787.6992,18.4832000000001,39.6492800000001,0.0374258421361446,0.01020928,0.0259933136403561,0.00320512,0.0126003483088786,0.0947377927487657,0.0657980961805925,0.121398945321848,0.000552354570637115,0.000173407202216065,2.14515235457063,26321.4111328125,16021.728515625,16865055.6423343,-764742.182385904,26367.4118939568,1197.6692281884,22506.7138671875,8373.29597050526,8373.29597050063
1827.34848,1845.7088,18.36032,47.1244799999999,0.0311753619462252,0.01427456,0.0179776344448328,0.00211968,0.0108656735917723,0.0789156585491194,0.0455076307956417,0.104686099297998,0.000777467930842164,0.000115448968209704,2.56664807585053,25177.001953125,16021.728515625,-2529758.34635013,-457698.652375087,25245.4421099494,732.762984083536,20790.1000976562,9256.27867619296,9256.27867619291
1892.83328,1908.34688,15.5136,42.12736,0.0322920456528664,0.00835584,0.0244168266654015,0.00155648,0.0105243813844682,0.0817423724859991,0.0618074606255909,0.101397895432705,0.000538613861386139,0.0001003300330033,2.71551155115511,22506.7138671875,16021.728515625,6155582.204465,-509026.285435827,22964.6871378133,1127.02535563274,20980.8349609375,6415.35522513974,6415.35522513939
1950.47424,1969.152,18.67776,37.9084800000001,0.0336089842021465,0.009984,0.0313921235501766,0.00248832,0.0126401696930433,0.0850760009155401,0.0794643573823038,0.121782607258833,0.000534539473684209,0.000133223684210526,2.02960526315789,26321.4111328125,16021.728515625,21691332.2038108,-900078.75662516,27175.2301384421,1090.27001825729,22506.7138671875,9244.2446396396,9244.2446396319
2007.06048,2027.37664,20.3161599999999,39.8540800000001,0.0432695671916008,0.01186816,0.0280790198594332,0.00246784,0.0138778151916085,0.109530288564108,0.0710777423352186,0.133706790188147,0.000584173387096778,0.000121471774193549,1.96169354838711,26321.4111328125,16021.728515625,10573552.6154777,-677825.765637289,26856.216729856,1176.48815362253,22506.7138671875,9406.62138270764,9406.62138270583
2067.23072,2086.42048,19.1897600000002,41.0419199999997,0.0403464846313,0.01035264,0.027273191139102,0.00310272,0.0132588289571075,0.102130952330659,0.0690379102315073,0.127743123613612,0.000539487726787614,0.000161686232657416,2.13874066168619,26321.4111328125,16403.1982421875,1058551.36478478,-525623.267671813,25960.1368623621,815.597693101177,22506.7138671875,9696.77611027898,9696.77611027897
2127.4624,2145.05472,17.5923200000002,49.2646399999999,0.0347945913672447,0.00932864,0.030717896297574,0.00320512,0.0125315427262094,0.088077184041358,0.0777576542574877,0.120736033078192,0.000530267753201391,0.00018218859138533,2.80034924330613,26321.4111328125,19073.486328125,3202566.41718799,-506158.787654815,26660.646711077,337.112793723602,22506.7138671875,7913.34596996705,7913.34596996695
2194.31936,2213.72416,19.4048000000003,38.9324799999999,0.0317677147686481,0.01118208,0.0229830369353294,0.0005632,0.0118435777402298,0.0804151090817411,0.0581780413115579,0.11410778585288,0.000576253298153027,2.90237467018466e-05,2.00633245382583,25177.001953125,16403.1982421875,-1148259.10756324,-417565.655399114,25301.5405991498,750.710869250199,21934.5092773438,8535.15070586551,8535.15070586549
2252.65664,2278.46144,25.8047999999999,40.2124800000001,0.0541874207556248,0.017152,0.025504456833005,0.0064,0.0159515226177551,0.137167164294179,0.0645606299739491,0.153686070781755,0.000664682539682543,0.000248015873015874,1.55833333333335,28228.759765625,16021.728515625,3806984.85318033,-534428.950500165,28601.5597256747,1040.21314752295,21934.5092773438,11255.8077825044,11255.8077825039
2318.67392,2338.11968,19.4457599999996,38.4819200000002,0.0369101241230965,0.01161216,0.0204372964799404,0.00180224,0.0123069301280413,0.0934323315099984,0.0517338888786626,0.118571987144288,0.000597156398104277,9.26803580832036e-05,1.97893628225387,25177.001953125,18692.0166015625,1489148.530121,-381769.072721966,25047.9754279641,407.917087684605,22506.7138671875,6860.68673921593,6860.68673921587
2376.6016,2401.23904,24.63744,35.9116800000002,0.0426826886832714,0.01536,0.0246676709502935,0.00549888,0.0135410416085876,0.108044695419976,0.0624424345505027,0.13046212132751,0.000623441396508729,0.000223192019950125,1.45760598503741,29754.638671875,16021.728515625,15451135.7105432,-872067.982457509,30028.2643253642,1063.97527412792,20599.365234375,12106.6299148406,12106.6299148323
2437.15072,2461.65504,24.50432,130.7136,0.0423979125916958,0.0091136,0.0321378074586391,0.00466944,0.0138837978831709,0.107323828318433,0.0813519420976731,0.133764430852362,0.000371918094442123,0.000190555787714166,5.33430839949854,29754.638671875,17547.607421875,1211211.9095129,-580017.072260246,30362.6956796287,623.470088309024,22506.7138671875,13485.6375835242,13485.6375835242
2592.36864,2619.98592,27.6172799999999,99.95264,0.235258087515831,0.00274432,0.235258087515831,0.00274432,0.0344744096650494,0.595519851135719,0.595519851135719,0.332146133689127,9.93696700037081e-05,9.93696700037081e-05,3.61920652576938,32806.396484375,18310.546875,11033272.2944116,-415604.670949067,27679.9258507288,4081.3158865441,23841.8579101562,4764.92584402762,3062.63761654673
2719.93856,2766.58176,46.6432,45.3631999999998,0.0971916764974594,0.0241664,0.0760458409786224,0.01117184,0.0282192535435614,0.246025857519152,0.1924984104788,0.271880390444785,0.000518111964873765,0.000239517014270033,0.972557628979139,31280.517578125,16021.728515625,2203007.78282482,-460572.514947178,31948.6774500652,655.64972855811,24127.9602050781,16689.7383989835,16689.7383989816
2811.94496,2836.6336,24.6886400000003,40.0383999999999,0.0395218543708324,0.01878016,0.0240220353007317,0.00397312,0.0121562582721827,0.100043527004962,0.0608081066939136,0.117120328512119,0.000760680215678132,0.000160929075072582,1.62173372044792,43487.548828125,14114.3798828125,54799155.0412062,-2026086.56302395,37342.7312176926,4535.81560916566,22411.3464355469,20835.572411726,16619.6506014779
2876.672,2898.62656,21.9545600000001,39.4444799999997,0.0414072312414646,0.00874496,0.0295033194124699,0.00362496,0.0139822489705833,0.104816070066879,0.0746831387182017,0.134712964804335,0.000398320895522386,0.000165111940298506,1.79664179104475,25939.94140625,18310.546875,11657914.6290618,-544795.773681195,25985.6075448271,775.588382183939,22506.7138671875,6341.60511762973,6341.60511760755
2938.07104,2960.34304,22.2720000000004,32.8703999999998,0.0629261508584023,0.00896,0.0412219427525997,0.00548864,0.0194587462779504,0.15928792241507,0.104347040608759,0.187476664733474,0.000402298850574706,0.000246436781609191,1.47586206896548,26702.880859375,15258.7890625,-830662.22172685,-458745.748646579,26508.7997704221,942.554939715091,24223.3276367188,10629.2286503794,10629.2286503794
2993.21344,3019.53024,26.3168000000001,30.4435199999998,0.0637085884809494,0.01114112,0.0454650670289993,0.00575488,0.0204678143242135,0.16126854353387,0.115087860463727,0.197198602061826,0.000423346303501945,0.000218677042801556,1.15680933852139,27847.2900390625,15258.7890625,9241685.31598281,-696965.33995575,28091.5512869009,934.328950400607,21934.5092773438,11941.3468415144,11941.346841511
3049.97376,3079.30112,29.3273600000002,27.6582399999998,0.0704618021845818,0.0168448,0.0524643920361996,0.00672768,0.020095013376077,0.178363270699006,0.132805580735757,0.193606825008578,0.000574371508379884,0.00022939944134078,0.943086592178755,26321.4111328125,14114.3798828125,4908552.39007058,-538700.233928266,26576.8299932065,989.228928445479,20408.6303710938,11576.8390143799,11576.8390143781
3106.95936,3138.68288,31.72352,27.62752,0.0682771280407906,0.01651712,0.0403623767197132,0.00557056,0.0182337465648784,0.172833102386289,0.10217118072079,0.175674318517241,0.000520658489347966,0.000175597159457715,0.87088444157521,27847.2900390625,15640.2587890625,10891820.0855088,-726797.596168361,28073.4331179888,749.720200573319,20408.6303710938,12095.2494335175,12095.24943349
3166.3104,3191.95136,25.6409600000002,33.1673599999999,0.073331281542778,0.01605632,0.0391864478588104,0.00586752,0.0192826216476408,0.185626918628283,0.0991944967411421,0.185779779548982,0.000626198083067088,0.000228833865814695,1.29353035143769,25939.94140625,16021.728515625,1795986.20980601,-453055.595419325,25859.6841391031,727.563508615755,20408.6303710938,10435.9934082596,10435.9934082595
3225.11872,3250.6368,25.5180800000003,31.50848,0.0771104469895363,0.0159744,0.0458494946360588,0.0045568,0.0215620278919025,0.19519329769748,0.116060980128797,0.207740879927327,0.000626003210272866,0.000178571428571427,1.23475120385231,26702.880859375,15258.7890625,6500964.16788936,-592109.440185263,26821.7805144075,944.200852508555,20408.6303710938,10876.2475791477,10876.247579146
3282.14528,3309.91616,27.77088,33.5871999999999,0.069540724158287,0.0182784,0.043981522321701,0.0067072,0.0220220881849423,0.176031702611824,0.111332494037975,0.212173363299247,0.000658185840707964,0.000241519174041298,1.2094395280236,26702.880859375,15258.7890625,6268904.71273384,-577968.219742138,27574.3808670949,1029.52966094996,24223.3276367188,11215.9702483404,11215.970248338
3343.50336,3372.17536,28.672,32.14336,0.0849509760737419,0.01769472,0.0604425221681595,0.00589824,0.0261588866067284,0.215040397375774,0.153000996411771,0.25202963973726,0.000617142857142857,0.000205714285714286,1.12107142857143,27847.2900390625,16021.728515625,15186421.6665977,-804689.688369305,28423.6410389776,933.253470810107,20408.6303710938,10731.6775569679,10587.5547931517
3404.31872,3432.71424,28.3955199999996,33.7100800000003,0.0850941836833954,0.017664,0.0531273931264877,0.00638976,0.0267628125462107,0.215402905527068,0.134483866548417,0.257848206836235,0.00062206996033178,0.000225027046520018,1.18716191849985,27847.2900390625,16021.728515625,7146551.37251658,-630391.268390913,27722.1438441823,577.02004353667,20408.6303710938,12137.9837910529,12137.98379105
3466.42432,3495.61856,29.1942399999998,32.14336,0.0913460776209831,0.01696768,0.0613493472337723,0.00246784,0.0288966839881207,0.231228618412615,0.155296485309867,0.278407141887082,0.000581199579095058,8.45317432479837e-05,1.10101718695195,27847.2900390625,14114.3798828125,7798517.46264086,-663159.782185789,27916.9497282609,795.911784433364,20408.6303710938,12713.7409479328,12713.7409479291
3527.76192,3557.81632,30.0544,36.37248,0.102795802056789,0.01825792,0.0593508630990982,0.00705536,0.0294918600422572,0.260211843871751,0.150237628515844,0.284141407597981,0.000607495741056218,0.000234752981260647,1.21022146507666,27847.2900390625,13732.91015625,2915040.69142121,-547360.718767734,28046.3177224864,930.366992405016,20408.6303710938,13817.5380444154,13817.538044415
3594.1888,3622.59456,28.4057600000001,33.1571199999998,0.0958074554800987,0.0175616,0.0538921318948269,0.0058368,0.0275820737272583,0.242521913816719,0.136419685725934,0.265741436521975,0.000618240807498195,0.000205479452054794,1.16726748377793,27847.2900390625,14114.3798828125,3291174.9741853,-552701.624978034,27563.0724759912,773.248260176996,20408.6303710938,13044.3027472613,13044.3027472609
3655.75168,3685.81632,30.0646400000001,33.1776,0.0981952250003815,0.01793024,0.0576263293623924,0.00285696,0.0314055649928635,0.248566186998909,0.145872235236464,0.302579133045388,0.000596389645776566,9.50272479564031e-05,1.10354223433242,27847.2900390625,15640.2587890625,12149137.3332781,-750652.042689262,28442.7145253057,1099.70261058864,20408.6303710938,11586.6898515079,11586.6898514725
3718.99392,3750.72768,31.7337600000001,33.52576,0.0913067385554314,0.01918976,0.0747278109192848,0.00474112,0.0303363609859891,0.231129037587537,0.189162019058563,0.292277811559142,0.000604711197160373,0.000149403033236528,1.05646982897709,28991.69921875,14114.3798828125,8903237.78201824,-723793.120471267,29412.9461304754,731.643921391083,19931.7932128906,14002.8360649049,14002.8360648982
3784.25344,3818.91584,34.6624000000002,32.6655999999998,0.117238961160183,0.02213888,0.0750942379236221,0.00613376,0.033033340476921,0.296772491159184,0.190089572952158,0.318262050861724,0.000638700147710484,0.00017695716395864,0.942392909896593,29754.638671875,14114.3798828125,6464731.77153207,-676056.579530833,30543.0511992423,894.781714667349,20408.6303710938,15666.4848936823,15666.4848936786
3851.58144,3884.288,32.7065600000001,33.7408,0.104876525700092,0.01424384,0.0833888426423073,0.00584704,0.0339510379440076,0.2654788773982,0.211086095619922,0.32710367189456,0.000435504070131495,0.000178772698810269,1.03162179085786,29754.638671875,14114.3798828125,6035883.6307195,-662026.16167474,30185.1451906384,877.963309922429,19836.42578125,15195.8985722455,15195.8985722431
3918.0288,3951.50336,33.4745600000001,33.9558399999996,0.12578310072422,0.02149376,0.0712516233325005,0.00553984,0.0358628423835175,0.318400673106025,0.180362582082513,0.345523086733639,0.000642092382991739,0.000165494034873049,1.01437748546955,29754.638671875,15640.2587890625,5524003.4497528,-623090.267158655,30009.1847104176,687.762535096622,19836.42578125,14667.7716402745,14667.7716402719
3985.4592,4024.32,38.8608000000004,25.7945599999998,0.108031511306763,0.01368064,0.070300854742527,0.00482304,0.0331752550304327,0.273465240709486,0.177955856876403,0.319629336646197,0.000352042160737809,0.000124110671936758,0.663768115942018,28991.69921875,15640.2587890625,13084991.8890302,-805244.612271915,29887.076347105,1109.39252667008,22315.9790039062,13245.2293868277,11531.995230184
4050.11456,4085.56544,35.4508799999999,32.6655999999998,0.102311253547668,0.01215488,0.0727413818240166,0.00582656,0.0332695477647087,0.258985283462854,0.184133677752225,0.320537806651312,0.000342865395725016,0.000164355863662623,0.921432697862505,29373.1689453125,14495.849609375,9084747.79318345,-728432.078385491,30048.2576116553,893.4465543942,20408.6303710938,14406.1661128713,14406.1661128556
4118.23104,4153.26208,35.0310400000008,32.7782399999996,0.142966613173485,0.02080768,0.0818612426519394,0.00526336,0.0398164837971103,0.361898105580419,0.207219209986086,0.383614724045979,0.00059397836889797,0.000150248465361002,0.935691318327944,28991.69921875,14114.3798828125,6315150.12533609,-646794.675977011,29707.8684372007,772.816546582632,19836.42578125,14908.1036197235,14908.103619719
4186.04032,4221.71648,35.67616,33.7203200000004,0.143524304032326,0.02176,0.101308837532997,0.00638976,0.0436624951573054,0.363309814655944,0.256447820703819,0.420669392010557,0.000609931113662457,0.00017910447761194,0.945177956371997,29754.638671875,14495.849609375,6810639.32836033,-675113.042439694,30494.0886098176,722.014756411319,21934.5092773438,15416.9382386226,15416.9382386171
4255.4368,4292.99712,37.5603199999996,31.8668799999996,0.159229502081871,0.0140288,0.115596726536751,0.00635904,0.0479903135433976,0.40306512042792,0.292615425492269,0.46236606378001,0.000373500545256274,0.00016930207197383,0.848418756815701,29754.638671875,14114.3798828125,6098317.0535319,-640581.798480693,30395.9660853639,760.907160673832,21457.6721191406,15457.0880055411,15457.0880055353
4324.864,4364.20608,39.3420800000004,32.4710400000004,0.173356220126152,0.01447936,0.0986946299672127,0.00602112,0.0497284349927039,0.438824745593624,0.249830354257276,0.47911211758857,0.000368037480478914,0.000153045288912024,0.825351379489851,29373.1689453125,14114.3798828125,6369833.03262917,-639266.342314374,30162.3973678634,789.710458839772,19454.9560546875,15290.8447345853,15290.8447345758
4396.67712,4436.60288,39.9257600000001,33.4438399999999,0.175468012690544,0.02259968,0.0953822210431099,0.009728,0.0487502723219684,0.44417042533988,0.241445497905634,0.469687940282549,0.000566042575019235,0.000243652218517568,0.837650679661448,30136.1083984375,14114.3798828125,7768978.99727584,-691114.438091003,30571.694248233,864.486695474691,19454.9560546875,15209.0014929183,15209.0014928973
4470.04672,4509.16352,39.1167999999998,35.1129600000004,0.1788509786129,0.0150016,0.0946441739797592,0.00751616,0.0508637137462374,0.452733885936502,0.239577244695133,0.490050040886147,0.000383507853403144,0.00019214659685864,0.897643979057606,29754.638671875,14114.3798828125,2759900.1178261,-510546.939223903,29700.6484000913,577.228253522583,21934.5092773438,15747.9729878166,15747.9729878154
4544.27648,4594.01216,49.7356799999998,27.5865599999997,0.200932919979095,0.02439168,0.137404754757881,0.01221632,0.0509316537604333,0.508630941693616,0.347819112034765,0.490704613749242,0.000490426189005561,0.000245624871319746,0.554663372452128,29754.638671875,14114.3798828125,6793874.89355096,-661185.431580604,30912.5614552363,848.767892548972,19407.2723388672,16094.6443471974,16078.9208586473
4621.59872,4664.55552,42.9567999999999,34.1708799999997,0.191631406545639,0.02528256,0.0986946299672127,0.0106496,0.0545574704812979,0.485085583683953,0.249830354257276,0.525637800916229,0.000588557806912993,0.000247914183551848,0.795470798569719,30136.1083984375,14114.3798828125,4923008.34159267,-580108.304723286,30434.231798188,886.999105977917,21457.6721191406,15835.2347738743,15835.2347738663
4698.7264,4741.5808,42.8544000000002,35.6454400000002,0.203971281647682,0.02487296,0.115591071546078,0.00766976,0.0582276484846753,0.516322089350555,0.292601110748664,0.560998389991335,0.000580406212664275,0.000178972520908004,0.83178016726404,31280.517578125,13732.91015625,5560827.7620213,-642364.728812461,31521.8139368674,649.167670599529,19454.9560546875,17315.6970774196,17315.6970774117
4777.22624,4821.76,44.5337600000003,36.8947200000002,0.198131307959557,0.01705984,0.127372711896896,0.00832512,0.0606568252734095,0.501539089547604,0.322424530559394,0.584402465253672,0.00038307656932628,0.00018693952632789,0.828466314095195,32043.45703125,14495.849609375,5558889.79416658,-643849.989535918,32036.8320668111,693.527170737559,20408.6303710938,17648.3605968558,17648.3605968461
4858.65472,4903.55712,44.9023999999999,38.0006399999993,0.210881948471069,0.02705408,0.116659745573997,0.0088064,0.0591451128028417,0.533815384996067,0.295306295529937,0.56983776473444,0.000602508551881415,0.000196123147092361,0.846294184720624,31661.9873046875,14114.3798828125,5624506.48956002,-647101.183185425,32297.2792302626,786.675856501928,20408.6303710938,17716.122613879,17716.1226138685
4941.55776,4989.2864,47.7286400000003,33.9148800000003,0.20313361287117,0.03105792,0.138075739145279,0.010752,0.0626720571195909,0.514201659016546,0.349517606342514,0.603818358743936,0.000650718729886287,0.000225273546449259,0.710577129371381,31661.9873046875,14114.3798828125,4714075.9527042,-607522.12120741,32622.5697335509,650.045454703237,20360.9466552734,18257.430811763,18257.4308117538
5023.20128,5068.76928,45.5680000000002,35.7990399999999,0.190392896533012,0.028928,0.119732022285461,0.01137664,0.0598172633137279,0.48195048509441,0.303083293928497,0.576313646283018,0.000634831460674154,0.000249662921348313,0.785617977528084,30899.0478515625,14114.3798828125,4577695.74500124,-569308.692873699,30961.8897112794,766.278708376403,19359.5886230469,16436.9359523168,16436.9359523079
5104.56832,5151.68256,47.1142399999999,35.5225599999994,0.225905925035477,0.02866176,0.140231043100357,0.00818176,0.066645866563672,0.571846282813768,0.354973428516508,0.642104306369806,0.000608346011736581,0.000173657900456423,0.753966529015421,31661.9873046875,14114.3798828125,5473899.25796673,-633548.795907352,31914.7630006909,679.655955229775,19454.9560546875,17698.4733270609,17698.4733270468
5187.20512,5237.56544,50.3603200000007,33.9046399999997,0.253986209630966,0.02610176,0.124518312513828,0.00848896,0.0668790379263292,0.642927226634793,0.31519905527973,0.6443508123244,0.000518300122000806,0.000168564457096378,0.673241154941019,31661.9873046875,14114.3798828125,6567874.12706025,-685388.37595445,32331.7422204796,662.742648764191,20360.9466552734,17859.1862688798,17859.186268823
5271.47008,5319.55712,48.0870400000003,37.9699199999995,0.256638407707214,0.0281088,0.114685110747814,0.00971776,0.0739487741379633,0.649640860245554,0.290307809611119,0.712464684953723,0.000584540034071546,0.00020208688245315,0.789608177172046,32043.45703125,14114.3798828125,4747049.60950924,-614666.942574597,32446.7154871336,589.51031637617,20360.9466552734,18580.61000355,18580.6100035407
5357.52704,5405.61408,48.0870400000003,38.2156799999993,0.267092257738113,0.02799616,0.121938534080982,0.00848896,0.0751987216434242,0.676103182029825,0.308668740915136,0.724507392436952,0.000582197614991478,0.000176533219761498,0.794718909710372,31280.517578125,14114.3798828125,4346737.84619209,-578942.077506535,31657.6462551676,653.438559972289,20360.9466552734,17788.3732645032,17788.3732644946
5443.82976,5497.33376,53.5040000000008,38.1235199999992,0.23717275261879,0.01964032,0.145546019077301,0.009472,0.0711503222390516,0.600366532876308,0.368427476944776,0.685502802572866,0.000367081339712913,0.000177033492822964,0.712535885167438,30899.0478515625,14114.3798828125,3886365.34023228,-542659.915005036,31545.0827989052,638.638982345546,20360.9466552734,17909.0634708958,17909.0634708822
5535.45728,5587.11808,51.6608000000006,41.1955200000002,0.29975762963295,0.03096576,0.135369122028351,0.00804864,0.0788333334928584,0.758790572773818,0.342666219257061,0.759525316891048,0.000599405351833492,0.000155797819623388,0.797423191278489,30517.578125,14114.3798828125,3783409.65698236,-522361.287774668,30927.4587066332,680.690001181152,19407.2723388672,16888.2935824651,16888.2935824529
5628.3136,5678.42816,50.11456,40.5401599999996,0.282691866159439,0.02997248,0.134022563695908,0.00815104,0.0833426618187428,0.715591203814489,0.339257612878637,0.802970758989388,0.000598079280751941,0.000162648140580302,0.808949734368606,31280.517578125,14114.3798828125,3338085.39532452,-504666.89335089,30918.5149745691,879.64470138169,19407.2723388672,16907.6609033167,16907.6609033095
5718.96832,5773.96736,54.9990399999997,42.4038399999999,0.3538998067379,0.03244032,0.166552290320396,0.01363968,0.0843980186356251,0.895843209689154,0.421601638376157,0.813138668746093,0.000589834295289521,0.000247998510519458,0.770992366412217,31280.517578125,14114.3798828125,3871848.71885413,-537384.871193719,31611.2360468951,623.433354042635,20360.9466552734,17843.7185154024,17843.7185153856
5816.3712,5872.00512,55.6339200000002,43.9091200000003,0.363357216119766,0.03151872,0.156337529420853,0.01389568,0.0879626547117649,0.9197831944382,0.395744534144303,0.847482406672343,0.000566537824406403,0.000249769924535247,0.789250874286768,30517.578125,13732.91015625,3432192.73523603,-508724.7770858,31466.2790869726,907.697944973344,20408.6303710938,17679.2603660387,17679.2603660251
5915.91424,5976.36096,60.4467199999999,44.9843199999996,0.368715286254883,0.03505152,0.137218296527863,0.01400832,0.0914019216063034,0.93334632913394,0.347347121555899,0.880618266367834,0.000579874640013553,0.000231746569540912,0.744197865492117,30899.0478515625,13732.91015625,2914469.05877263,-472279.965056644,31607.8643202523,511.362382586909,19454.9560546875,17898.8703959459,17898.8703959304
6021.34528,6077.5424,56.1971200000007,48.3635199999999,0.286492258310318,0.03622912,0.1021473929286,0.00867328,0.075984700987154,0.725211315037218,0.258570495378394,0.732079965911474,0.000644679300291537,0.000154336734693876,0.860604956268208,32424.9267578125,14114.3798828125,2741392.38646016,-494253.365782534,32909.6271926203,773.797205103404,20360.9466552734,19117.9797371569,19117.9797371505
6125.90592,6188.42112,62.5151999999998,38.8300799999997,0.395046591758728,0.03552256,0.185805410146713,0.01332224,0.103792897668699,1,0.470337965249913,1,0.00056822276822277,0.000213104013104014,0.621130221130219,32043.45703125,13732.91015625,3309300.49275057,-501017.243513277,32365.0788287727,906.369892726027,21028.5186767578,18387.9496964893,18387.9496964636
6227.2512,6287.62624,60.3750399999999,48.2508800000005,0.359138280153275,0.03620864,0.174434095621109,0.0082432,0.100356169855016,0.909103603588651,0.441553222480764,0.966888603258267,0.000599728629579377,0.000136533242876527,0.799185888738137,32424.9267578125,14114.3798828125,2550116.76004317,-476292.783405157,33140.9899918245,848.122779196714,20360.9466552734,19460.6493323048,19460.6493322965
6335.87712,6389.79072,53.9135999999999,52.8588799999998,0.295115917921066,0.03250176,0.0705081447958946,0.01056768,0.071998880333183,0.747040789814753,0.178480579928549,0.693678295435971,0.000602849002849004,0.000196011396011397,0.980436847103512,30899.0478515625,14114.3798828125,2788009.14243518,-484563.951947704,31738.4886331192,736.462473185842,19407.2723388672,18020.7470790067,18020.7470790005
6442.6496,6503.48544,60.8358400000006,0,0.316786527633667,0.03592192,0.121389910578728,0.00785408,0.0759074346420915,0.801896622429645,0.307279984465391,0.731335537855239,0.000590472984346064,0.000129102844638948,0,32424.9267578125,14114.3798828125,3431828.36310468,-522386.62301337,32931.082258005,633.750519217255,19407.2723388672,19078.634205319,19078.634205299
