note.starts,note.ends,note.durs,INI,pk.amps,pk.times,qpk.amps,qpk.times,note.rmss,rel.pk.amps,rel.qpk.amps,rel.note.rmss,rel.pk.tm,rel.qpk.tm,rel.INI,max.Hz,min.Hz,FMa,FMb,FMc,FM.resid,note.DF,arcL,chordL
427.42784,440.25856,12.83072,41.51296,0.0213626157492399,0.00843776,0.0190277695655823,0.0001024,0.00719667140972756,0.0254959722250183,0.0227093671506681,0.0386616758805781,0.000657621707901038,7.98084596967279e-06,3.23543495610535,25558.4716796875,16021.728515625,-19344795.1260439,-475583.047690723,25381.6084428267,763.793508090186,23078.9184570312,9286.75577708623,9286.75577708585
481.77152,488.69376,6.92223999999999,37.96992,0.0156877990812063,0.00344064,0.0153292687609792,8.192e-05,0.00655236751686613,0.0187231607936559,0.0182952600537072,0.035200371778138,0.000497041420118344,1.18343195266272e-05,5.48520710059173,22888.18359375,16403.1982421875,-79301644.6160828,-328457.515154565,22670.2008928571,1260.02357531422,20217.8955078125,6073.5909002214,6073.59090022071
526.66368,540.02688,13.3632,38.46144,0.019677147269249,0.00151552,0.019677147269249,0.00151552,0.0067443625317574,0.0234843900266388,0.0234843900266388,0.0362317998667374,0.000113409961685824,0.000113409961685824,2.87816091954023,27465.8203125,16784.66796875,7505004.1291675,-852423.379228107,27017.6600743007,820.255589522395,24986.2670898438,10050.8971315722,10050.8971315722
578.48832,591.6672,13.1788799999999,33.40288,0.0202362965792418,0.00940032,0.015578948892653,0.0002048,0.0071545526099829,0.0241517266227071,0.0185932496715058,0.038435406916567,0.000713286713286717,1.55400155400156e-05,2.53457653457655,24795.5322265625,16403.1982421875,-18374320.4541696,-412677.39083522,24651.480721427,645.263299230628,22506.7138671875,8629.93067131497,8629.93067131447
625.07008,644.01408,18.9440000000001,34.27328,0.025578772649169,0.01076224,0.0209680516272783,0.00278528,0.00804910953093831,0.0305278943678268,0.0250250656650443,0.0432411105211471,0.000568108108108106,0.000147027027027026,1.80918918918918,27465.8203125,15640.2587890625,8629884.85527957,-743553.954168778,27206.6452923943,1095.67389452787,20027.1606445312,10988.8350066873,10988.8350066869
678.28736,693.49376,15.2063999999999,36.49536,0.0235682744532824,0.00811008,0.0177872683852911,0.00026624,0.0074934419148408,0.0281283939151447,0.0212288469742505,0.0402559747482595,0.000533333333333336,1.75084175084176e-05,2.40000000000001,24795.5322265625,16021.728515625,-15749417.5321451,-367214.164504041,24514.6699004121,630.097474487525,20408.6303710938,9225.81574952543,9225.81574952472
729.98912,745.45152,15.4624,38.1747200000001,0.0280960444360971,0.00847872,0.0196983776986599,0.00018432,0.00877326573891043,0.0335322217552455,0.0235097282363852,0.0471313940988694,0.000548344370860927,1.19205298013245e-05,2.46887417218544,24795.5322265625,16021.728515625,-18744025.0910743,-336249.549682438,24508.3819378863,637.230371128966,20027.1606445312,9680.65552906046,9680.65552905944
783.62624,799.63136,16.0051199999999,35.56352,0.0293048080056906,0.0129024,0.0214813780039549,0.00016384,0.0091806503288079,0.0349748635533626,0.0256377132544473,0.0493199296143397,0.000806142034548948,1.02367242482406e-05,2.22200895713373,24795.5322265625,16403.1982421875,11534784.6714305,-673952.837149942,24996.7470273867,1115.64953506985,20027.1606445312,7831.90099555823,7831.90099555738
835.19488,851.83488,16.64,35.1846400000001,0.0274473931640387,0.01354752,0.0208132546395063,0.00185344,0.00858207067158898,0.0327580658648689,0.0248403177040699,0.0461042634572292,0.000814153846153847,0.000111384615384615,2.11446153846154,27465.8203125,16021.728515625,-554556.955357073,-648512.425911536,26422.0185332246,846.986690445976,20027.1606445312,10944.7978207266,10944.7978207266
887.01952,902.54336,15.52384,35.1232,0.0308936890214682,0.01240064,0.0238288082182407,0.00016384,0.0107069239496825,0.0368711700133318,0.0284393371869346,0.0575193168971286,0.000798812664907654,1.05540897097626e-05,2.26253298153035,24795.5322265625,16403.1982421875,-11035683.4116089,-421947.392111233,24599.5573945098,718.530240378717,20027.1606445312,9209.72882675513,9209.72882675475
937.66656,955.392,17.72544,34.44736,0.0403845272958279,0.0086016,0.0390036217868328,0.00297984,0.0142582413862343,0.0481983479149343,0.0465502572075047,0.0765975651405355,0.000485268630849219,0.000168110918544194,1.94338532640092,28228.759765625,16784.66796875,19825411.1540206,-919888.926936046,27588.4355817522,1018.97407987871,21553.0395507812,10076.4658002897,10076.4658002871
989.83936,1008.896,19.0566399999999,34.0275200000001,0.049716480076313,0.00964608,0.0338291563093662,0.00376832,0.014597290770921,0.0593358982827959,0.0403746076690113,0.0784189929468055,0.0005061794734014,0.000197743148844708,1.78559914024719,28228.759765625,16403.1982421875,5651587.79503758,-751267.315828287,27827.0945829504,689.652254583623,21553.0395507812,12264.2254312693,12264.2254312691
1042.92352,1063.63904,20.71552,33.3107199999999,0.0520801283419132,0.00909312,0.0399833209812641,0.00333824,0.0154170845217952,0.0621568782244306,0.0477195139943746,0.0828230567814249,0.000438952051408799,0.000161146811665843,1.60800790904597,28228.759765625,16403.1982421875,22235559.1766663,-975589.745310174,27944.5274203431,1266.08968637593,21553.0395507812,10667.8418039358,10667.8418039235
1096.94976,1114.97216,18.0224000000001,35.54304,0.0377103053033352,0.01391616,0.0372109860181808,0.00393216,0.0137960841231159,0.0450067027323189,0.0444107724036013,0.0741147820182733,0.000772159090909088,0.000218181818181817,1.97215909090909,26321.4111328125,15640.2587890625,-457509.488169616,-591551.345148749,25984.9003383092,559.663130373564,21553.0395507812,10809.7772022021,10809.7772022021
1150.5152,1168.97792,18.46272,35.33824,0.0548771023750305,0.008704,0.0396336130797863,0.00300032,0.0166937383064547,0.0654950261881224,0.0473021426833138,0.0896814461706505,0.000471436494731004,0.000162506932889628,1.91403216860788,28228.759765625,16021.728515625,12325843.8577485,-815532.787606051,27488.2597081801,1047.1744450973,21553.0395507812,10855.4180936377,10855.4180936368
1204.31616,1223.0656,18.7494399999998,34.6521600000001,0.0499524176120758,0.00519168,0.0382866114377975,0.0036352,0.0170629439545341,0.0596174863115868,0.045694515749687,0.0916648782723343,0.000276897870016387,0.000193883123975971,1.84817039868926,28610.2294921875,16021.728515625,5813061.73203861,-732402.50264762,27558.9438045726,747.452728777018,21553.0395507812,11688.6043365601,11688.6043365599
1257.71776,1278.1568,20.43904,34.53952,0.0680195018649101,0.00999424,0.0494080893695354,0.00439296,0.0187443420393373,0.0811802894675496,0.0589678384446773,0.100697619115972,0.000488977955911824,0.000214929859719439,1.68987975951904,28228.759765625,16021.728515625,8824251.63129938,-748292.497993141,27805.6836595722,1044.33840038196,21553.0395507812,11608.0107397119,11608.0107397113
1312.69632,1333.95456,21.2582399999999,34.0070400000002,0.0693752020597458,0.0096768,0.0442290045320988,0.00433152,0.0203216324612825,0.0827982979979053,0.0527866757670217,0.1091710768565,0.000455202312138731,0.000203757225433527,1.59971098265898,28228.759765625,16021.728515625,10139807.8100439,-766190.624304722,27818.5518656476,948.376459026263,21553.0395507812,11705.5555638533,11705.5555638522
1367.9616,1387.25376,19.29216,36.1062399999998,0.0686939805746078,0.0096256,0.0566142462193966,0.00432128,0.0217852015700581,0.081985270030355,0.0675682821847994,0.117033605418777,0.000498938428874735,0.000223991507430998,1.87154989384288,28610.2294921875,16403.1982421875,18659210.4979018,-932789.994638506,28260.1749195772,933.224840204627,21553.0395507812,11050.8100826397,11050.8100826367
1423.36,1443.86048,20.5004800000002,33.6179199999999,0.0790573880076408,0.00974848,0.0497961528599262,0.00411648,0.021612060542415,0.0943538465741033,0.0594309865951045,0.116103463980984,0.000475524475524472,0.000200799200799199,1.63986013986012,28610.2294921875,15640.2587890625,7269317.42314089,-769936.943332813,27939.3850588331,524.171419716041,21553.0395507812,12729.0031991557,12729.0031991553
1477.4784,1498.1632,20.6848,33.45408,0.0816385596990585,0.01065984,0.0647739171981812,0.00515072,0.0246876885329787,0.0974344375712395,0.0773067312156856,0.132626232040073,0.000515346534653465,0.000249009900990099,1.61732673267327,28610.2294921875,15640.2587890625,3109868.41631697,-697146.795940499,28373.6808627259,663.748702339315,21553.0395507812,13089.7507864718,13089.7507864717
1531.61728,1556.0192,24.40192,32.1945600000001,0.0941986441612244,0.0108544,0.0466436147689819,0.00280576,0.0248553104274932,0.112424716306308,0.0556684780826397,0.133526723807343,0.000444817456986991,0.000114981116240033,1.31934536298784,28228.759765625,16021.728515625,13405169.6471768,-811032.749043528,28433.548776727,1312.36545830757,21553.0395507812,11808.5983982357,11808.5983982302
1588.21376,1609.99424,21.7804799999999,33.77152,0.104615397751331,0.01073152,0.0625464022159576,0.00485376,0.0280261807397735,0.12485696071522,0.0746482243743779,0.150561148931579,0.000492712740949697,0.000222849083215798,1.55054066760697,28228.759765625,16021.728515625,14865989.4164204,-847472.606939951,28450.0043335591,1285.49730644068,21553.0395507812,11406.0937187188,11406.0937187153
1643.76576,1667.71712,23.95136,30.70976,0.104467697441578,0.01047552,0.0529193878173828,0.0028672,0.0265142598042838,0.124680682536587,0.0631585222425288,0.142438866582275,0.000437366395895682,0.000119709277469004,1.28217186831979,28610.2294921875,16021.728515625,16334993.0499175,-898026.728478921,28760.5228280662,1192.76232404782,21553.0395507812,12138.1044555365,12138.1044555288
1698.42688,1722.69568,24.2688000000001,33.7203199999999,0.113231129944324,0.01291264,0.055077139288187,0.00492544,0.0296213446388294,0.135139712194217,0.0657337673442469,0.159130625864809,0.000532067510548522,0.00020295358649789,1.38945147679324,30136.1083984375,16021.728515625,7774671.04079238,-776226.575865727,29819.4598434563,497.557889862136,21553.0395507812,14259.0033425309,14259.0033425301
1756.416,1781.21728,24.8012800000001,32.7782399999999,0.122883521020412,0.01350656,0.0748657658696175,0.00565248,0.033217840339665,0.146659701022819,0.0893512063139742,0.178451579007626,0.000544591246903383,0.000227910817506192,1.32163501238645,30136.1083984375,16021.728515625,11391939.0408242,-838591.926844441,30427.51685121,1222.06325029613,21553.0395507812,13790.9317256742,13790.931725672
1813.99552,1838.44864,24.4531200000001,31.3139199999998,0.110653206706047,0.01261568,0.0578114427626133,0.00608256,0.0320986184850029,0.132062998178815,0.0689971189046111,0.172438939257961,0.000515912897822443,0.000248743718592964,1.28056951423784,28610.2294921875,16021.728515625,4910318.55207935,-677501.817649747,28980.2264450188,674.75092623567,21553.0395507812,13630.8833357204,13630.8833357201
1869.76256,1896.87808,27.1155200000001,29.77792,0.138572737574577,0.01360896,0.0674108788371086,0.00606208,0.0344098312909905,0.165384553549903,0.0804539067064457,0.184855146044248,0.000501888217522657,0.000223564954682779,1.09818731117825,30136.1083984375,16403.1982421875,11897721.2600622,-845587.839847929,30633.0314132199,1243.10460891294,21553.0395507812,14180.737474012,14180.7374740077
1926.656,1952.88064,26.2246400000001,30.88384,0.138135984539986,0.0129536,0.0757983773946762,0.00492544,0.0353052273959477,0.164863295134274,0.0904642646500291,0.189665357880208,0.000493947676688791,0.000187817258883248,1.17766497461928,30136.1083984375,16021.728515625,13075615.4613495,-849629.630086103,29973.482964471,1128.16311915891,21553.0395507812,13288.7153686465,13288.7153686409
1983.76448,2010.53184,26.7673600000001,30.8019199999999,0.130826413631439,0.01317888,0.0671679601073265,0.00482304,0.0347076478014727,0.156139428214197,0.0801639867237918,0.186455064220946,0.000492348890589134,0.00018018362662586,1.15072685539403,28991.69921875,16021.728515625,11251034.2475907,-799909.469195576,29732.0218896677,1165.92542229169,21553.0395507812,13350.1936343189,13350.1936343147
2041.33376,2069.17632,27.84256,30.6278400000001,0.148763597011566,0.01590272,0.101958937942982,0.0060416,0.0397131293266882,0.177547196561622,0.121686514441899,0.213345315746467,0.000571165869805074,0.000216991541007723,1.10003677822729,30899.0478515625,16021.728515625,11111633.6033207,-863110.985531185,30974.8140719568,645.442765950481,21553.0395507812,15417.3905016373,15417.390501634
2099.80416,2127.79008,27.9859200000001,31.0169599999999,0.142700493335724,0.01548288,0.0955559462308884,0.003584,0.0398292031565513,0.170310970215034,0.11404463665105,0.213968883022628,0.000553238199780459,0.000128064398097329,1.10830589096231,30899.0478515625,15640.2587890625,10986255.509066,-847827.776990946,30692.8581871063,742.200156998414,21553.0395507812,15122.6762863263,15122.6762863228
2158.80704,2187.776,28.9689599999997,31.2729600000002,0.137298300862312,0.0165376,0.0848074182868004,0.00654336,0.0370998127741133,0.163863531808003,0.101216424360051,0.199306159061832,0.000570873100035354,0.000225874867444329,1.07953340402971,30517.578125,16021.728515625,7372231.94217496,-744620.927061017,30572.3107379416,502.86666750806,21553.0395507812,15384.1120614535,15384.1120614519
2219.04896,2247.49568,28.4467199999999,29.6550400000001,0.156313523650169,0.01620992,0.0898272395133972,0.0055808,0.0410672002576719,0.186557924561334,0.107207508226849,0.220619602492732,0.000569834413246942,0.00019618430525558,1.04247660187186,29754.638671875,16021.728515625,6739072.56618889,-691318.68308224,29619.6918713717,668.975155313825,21553.0395507812,14212.384479774,14212.3844797725
2277.15072,2304.68608,27.5353599999999,34.5804800000001,0.160877883434296,0.01491968,0.0786426812410355,0.00492544,0.0401101407524948,0.192005421798895,0.093858900059734,0.215478124956663,0.000541837114168839,0.00017887690591298,1.25585719598365,29754.638671875,15258.7890625,11754196.3363759,-835605.318548147,29753.8847791348,761.097470090742,21457.6721191406,14096.7080271307,14096.7080271259
2339.26656,2367.20128,27.9347200000002,32.5119999999997,0.172801315784454,0.01542144,0.107838869094849,0.0054784,0.0466192764635364,0.206235865467169,0.128704127036385,0.250446248523182,0.00055205278592375,0.000196114369501465,1.16385630498532,29754.638671875,16021.728515625,7444324.34637143,-730451.092046157,29698.473662727,529.043558836613,21553.0395507812,14595.7787862759,14595.7787862744
2399.71328,2429.98272,30.26944,33.66912,0.165236800909042,0.01728512,0.106669776141644,0.00735232,0.0446309113597642,0.197207726618297,0.127308831543863,0.239764431500053,0.00057104194857916,0.000242895805142084,1.11231393775372,30136.1083984375,16021.728515625,5377273.5732073,-664210.64498641,30281.9472092849,554.291428792605,21457.6721191406,15178.416515586,15178.4165155849
2463.65184,2495.54944,31.8975999999998,30.4537600000003,0.172170177102089,0.01661952,0.0986170917749405,0.00615424,0.0456474225416798,0.205482610598729,0.117698069483622,0.245225293002092,0.000521027287319426,0.000192937399678974,0.954735152487978,30136.1083984375,15258.7890625,7706787.8483828,-714812.139121853,30025.5147819845,831.588319653546,21457.6721191406,14959.4673254624,14959.4673254586
2526.0032,2557.07136,31.0681599999998,35.3177599999999,0.2035261541605,0.01799168,0.140209764242172,0.00736256,0.051310551236267,0.242905514682841,0.167338321147399,0.275648530856774,0.000579103493737644,0.000236980883322348,1.13678312458801,30899.0478515625,16021.728515625,5632128.66095185,-659872.501817842,30439.6702693059,694.019369123216,21553.0395507812,15064.7217321227,15064.7217321211
2592.38912,2622.0544,29.6652800000002,34.2630399999998,0.216032475233078,0.0170496,0.156156033277512,0.0070656,0.0566338113987541,0.257831627591789,0.186369962084541,0.30424594031358,0.000574732481877801,0.000238177424922332,1.1549879185364,31280.517578125,16021.728515625,7541492.36941877,-741736.837707456,30797.875445822,769.615818817959,21553.0395507812,15367.1002142251,15367.1002142231
2656.31744,2689.4336,33.11616,32.8601600000002,0.207549855113029,0.01784832,0.140588685870171,0.00759808,0.0531846530789147,0.247707743442263,0.167790558617581,0.285716507270106,0.000538961038961038,0.000229437229437229,0.992269635126782,31280.517578125,15640.2587890625,8492731.68409843,-761562.667818915,31164.7724901509,733.23082817076,21457.6721191406,15906.2217228892,15906.2217228841
2722.29376,2757.376,35.0822400000002,30.0851199999997,0.199393644928932,0.01727488,0.13037896156311,0.00685056,0.0502443763983403,0.237973424819669,0.155605400656896,0.269920868209813,0.000492410974897837,0.000195271453590192,0.857559836544063,31280.517578125,15258.7890625,9679802.27945669,-781535.448710453,30704.4502680068,701.72578237098,21457.6721191406,15504.4662335784,15504.4662335656
2787.46112,2821.4272,33.9660800000001,33.0751999999998,0.227943390607834,0.017664,0.136496394872665,0.00690176,0.0556972098624777,0.272047132431365,0.162906468633759,0.29921436627564,0.000520048236358153,0.000203195658727765,0.97377148025323,31280.517578125,15640.2587890625,10885336.8592674,-819267.496985176,31236.7347279457,816.82760607664,21457.6721191406,15268.9510930219,15268.9510930061
2854.5024,2888.82688,34.3244800000002,32.0819200000001,0.239954724907875,0.0167424,0.135013237595558,0.0059904,0.0554428226863022,0.2863824858026,0.161136341923326,0.297847757465326,0.000487768496420045,0.000174522673031025,0.934665871121715,31280.517578125,14495.849609375,14192493.5681314,-906005.146251763,31129.558293886,1146.37236487239,21457.6721191406,14541.3050005239,14376.9864075057
2920.9088,2955.80672,34.8979199999999,33.6998399999998,0.202456042170525,0.01908736,0.151064947247505,0.00772096,0.057218677885032,0.24162835153511,0.180293824707926,0.307387937111617,0.000546948356807514,0.0002212441314554,0.965669014084504,31280.517578125,15640.2587890625,9198336.35576339,-767437.534121394,31431.2680666735,774.331317697406,21457.6721191406,15579.6434176013,15579.6434175912
2989.50656,3023.90272,34.3961600000002,34.1913599999998,0.204090610146523,0.01846272,0.132227778434753,0.0045056,0.0570043691055938,0.243579184719826,0.15781193679282,0.306236635892306,0.000536766894909195,0.000130991366478118,0.994045846978255,31280.517578125,15258.7890625,8627121.44435259,-750636.447034862,31087.7991557839,790.626256742604,18501.2817382812,15612.2999909555,15612.299990948
3058.09408,3093.2992,35.2051200000001,32.9420800000003,0.257621288299561,0.01851392,0.176883727312088,0.00720896,0.063064287383533,0.307467273116717,0.211108164446911,0.33879149118385,0.00052588714368819,0.000204770215241419,0.935718440954048,30899.0478515625,15258.7890625,6001028.66832454,-637866.609423697,30145.9217958915,516.698136113612,18405.9143066406,15018.492751504,15018.4927515
3126.24128,3162.60352,36.3622399999999,32.3071999999997,0.265471667051315,0.01975296,0.210994213819504,0.00881664,0.0651560867723576,0.316836586358132,0.251818535629142,0.350028973816254,0.000543227259926782,0.000242466910729372,0.888482117713315,31661.9873046875,16021.728515625,9428318.13678982,-779380.01787498,31934.4656808036,619.03793712514,18405.9143066406,15873.7631873666,15873.7631873521
3194.91072,3232.89088,37.9801600000001,33.9456,0.229768827557564,0.02525184,0.194952622056007,0.00848896,0.0635519254417566,0.2742257649694,0.232673128397739,0.341411161234173,0.000664869236991102,0.000223510380156376,0.89377190617417,31661.9873046875,15258.7890625,7168609.92117201,-696779.215476814,31345.8638939099,595.954877736327,18405.9143066406,16123.1196573997,16123.1196573914
3266.83648,3307.70432,40.8678399999999,33.2595200000001,0.254526704549789,0.02562048,0.239593431353569,0.00941056,0.0691604148384005,0.303773932270338,0.285951287182834,0.371540867995499,0.000626910548734655,0.000230268103232273,0.813831120020049,32043.45703125,15258.7890625,8433922.10573231,-762070.897828137,32438.3138972808,631.672498561861,18310.546875,17058.0205782372,17058.0205782165
3340.96384,3379.92704,38.9632000000001,34.6214399999999,0.294992178678513,0.02091008,0.219110727310181,0.00903168,0.0706129207807733,0.352068889056931,0.261505476823581,0.379343963449144,0.000536662286465176,0.000231800262812089,0.888567674113003,31661.9873046875,14495.849609375,7158318.64359853,-723769.900343284,32144.9772004158,627.60424505457,18405.9143066406,17333.1262679467,17333.126267939
3414.54848,3456.08192,41.5334400000002,35.1436800000001,0.267522752285004,0.02706432,0.239746570587158,0.00846848,0.0786538784485986,0.319284526852082,0.286134056638222,0.422541280851007,0.000651627218934909,0.000203895463510847,0.846153846153846,32043.45703125,15640.2587890625,7750446.44260811,-713335.976452991,31699.2800503491,608.968945397071,18405.9143066406,16257.570406225,16257.5704062029
3491.2256,3534.56128,43.3356799999997,34.1708800000001,0.303726494312286,0.02661376,0.245099917054176,0.00871424,0.0773904806443666,0.362493168153519,0.292523198044692,0.41575410471991,0.000614130434782613,0.000201086956521741,0.788516068052939,31280.517578125,15258.7890625,7601507.91306567,-705164.801179964,31598.5158711922,635.470478078813,22411.3464355469,16283.307514884,16283.3075148521
3568.73216,3610.22464,41.4924799999999,36.5056,0.287832021713257,0.0267264,0.223504558205605,0.00930816,0.0835607990455854,0.343523345512273,0.266749450304457,0.44890204722364,0.000644126357354395,0.000224333662388944,0.879812438302074,31661.9873046875,15258.7890625,7713340.05809524,-702386.582760265,31390.2921217648,646.110083279048,22411.3464355469,15864.2752446108,15864.2752445866
3646.73024,3687.02464,40.2944000000002,37.8060799999998,0.321704626083374,0.02658304,0.301052540540695,0.00831488,0.0896930652841306,0.383949807811969,0.359301843088661,0.481845567391532,0.000659720457433287,0.000206353240152477,0.938246505717907,31661.9873046875,14495.849609375,7199216.44798143,-693589.543906972,31472.6507908438,735.241236564095,22411.3464355469,16258.8482896344,16258.8482896214
3724.83072,3770.58304,45.7523200000001,35.0822400000002,0.396523237228394,0.01519616,0.280078738927841,0.01062912,0.0992371385206948,0.473244735645689,0.334269914899184,0.533117863296801,0.000332139659803043,0.000232318710832587,0.766786034019699,31661.9873046875,14495.849609375,6279336.27648475,-645875.1283177,31372.3256075551,692.155160345343,23174.2858886719,16405.9092544177,16405.9092543937
3805.66528,3855.63648,49.9712,35.1539199999997,0.394699245691299,0.01581056,0.277677059173584,0.00910336,0.0979325792109749,0.471067828186682,0.33140354492714,0.526109560940352,0.000316393442622951,0.000182172131147541,0.703483606557373,32043.45703125,14495.849609375,6517503.58585618,-652008.282722008,31474.1868239183,678.961999712528,22459.0301513672,16306.6423376327,16306.6423374432
3890.7904,3939.4304,48.6400000000003,37.0688,0.428381085395813,0.01562624,0.29674357175827,0.00923648,0.106624389388439,0.511266615623297,0.354159151309491,0.572803362666858,0.000321263157894735,0.000189894736842104,0.76210526315789,32043.45703125,14114.3798828125,6180391.33141539,-656113.995974701,31989.788719517,761.284367757445,22459.0301513672,17291.5084050373,17291.5084050053
3976.4992,4026.40896,49.90976,39.0860799999996,0.440146505832672,0.0178176,0.302563428878784,0.01072128,0.107377487841371,0.525308474363583,0.361105066418388,0.576849128637787,0.000356996306934756,0.000214813295034879,0.783135002051695,32043.45703125,14495.849609375,6394243.90855678,-671555.825137985,32494.6362350492,680.654722549331,18358.2305908203,17589.2298750198,17589.2298749732
4065.49504,4114.9952,49.5001600000005,41.0726399999994,0.485790133476257,0.0165888,0.352715015411377,0.01225728,0.111908495245891,0.579783482307838,0.420960257949467,0.601190428901858,0.000335126189491101,0.000247621017790647,0.82974762101777,31661.9873046875,13732.91015625,5011128.10655301,-607624.861661116,31923.7651129966,630.423616391816,23221.9696044922,17798.9318528088,17798.931852793
4156.06784,4204.93312,48.86528,39.3318400000007,0.468024045228958,0.01594368,0.349933862686157,0.0113664,0.110060748254563,0.558579913521255,0.417640992487405,0.591264034987099,0.000326278290025147,0.000232606873428332,0.804903604358775,31280.517578125,14495.849609375,5693451.40833417,-631161.524344924,31791.7178999557,648.591167094812,22459.0301513672,17246.9725816771,17246.9725816526
4244.26496,4296.5504,52.2854399999997,39.1065600000002,0.441885530948639,0.01585152,0.338377475738525,0.01185792,0.108350742454787,0.527383975630644,0.403848612186371,0.582077608899134,0.000303172737955349,0.000226792009400707,0.747943595769691,31280.517578125,13732.91015625,4891847.27872685,-580851.718415837,31320.5918368562,593.374960573865,22411.3464355469,16996.9158581689,16996.9158581406
4335.65696,4386.52928,50.8723199999995,40.2944000000007,0.487936824560165,0.01511424,0.399386167526245,0.01148928,0.12008396431642,0.582345526998127,0.476661601455241,0.645110363185537,0.000297101449275365,0.000225845410628022,0.792069243156221,31280.517578125,13732.91015625,4911572.21334961,-588752.837497073,31557.3515185272,780.479285209951,22459.0301513672,17240.1085269872,17240.1085269661
4426.82368,4483.0208,56.1971199999998,43.6736000000001,0.512144684791565,0.0164864,0.341036558151245,0.01175552,0.113850002542071,0.611237257268042,0.40702218849999,0.611620518248889,0.000293367346938776,0.000209183673469388,0.777150145772599,31280.517578125,12207.03125,4541726.04996284,-567783.142592621,31540.7449884932,778.616197906311,22459.0301513672,17564.4783466884,17564.4783466521
4526.6944,4585.22624,58.5318399999996,45.9776000000002,0.539266645908356,0.01685504,0.407625406980515,0.0126976,0.127210525357745,0.643606924701972,0.486495014308197,0.683395394894844,0.000287963610916727,0.000216934919524144,0.785514345696299,31280.517578125,13351.4404296875,4148592.18968221,-542603.32040123,31500.8360480145,562.888806722251,22411.3464355469,17546.592238894,17546.5922388558
4631.20384,4691.18976,59.9859200000001,48.24064,0.521071195602417,0.01575936,0.421576380729675,0.01209344,0.126481793753972,0.621890918522419,0.503145299245013,0.679480531555258,0.000262717651075452,0.000201604643222943,0.804199385455786,30899.0478515625,13351.4404296875,3873938.58072539,-521596.600961946,31157.62504133,680.485754079294,20456.3140869141,17348.8177257385,17348.8177256992
4739.4304,4801.57696,62.1465600000001,49.1929599999994,0.613416135311127,0.01559552,0.518068134784698,0.0155136,0.144392396020047,0.732103265435883,0.618306808968732,0.775699166562123,0.000250947437798648,0.000249629263470093,0.791563684297237,30899.0478515625,13351.4404296875,3137115.2117882,-460933.33656105,30460.4549797214,721.772331148969,20456.3140869141,16529.2708228395,16529.2708228073
4850.76992,4913.38752,62.6176000000005,49.41824,0.602473378181458,0.01540096,0.602473378181458,0.01540096,0.144427125517698,0.719043243427431,0.719043243427431,0.775885739007249,0.000245952575633686,0.000245952575633686,0.789206868356494,30899.0478515625,13732.91015625,3211627.52753029,-460626.605957255,30212.6942848673,696.225790523405,20408.6303710938,16250.657191242,16250.6571912019
4962.80576,5025.9968,63.1910399999997,51.3228799999997,0.585184216499329,0.01513472,0.585184216499329,0.01513472,0.146541924687504,0.698408879582868,0.698408879582868,0.787246780160945,0.000239507373197214,0.000239507373197214,0.812186031437368,30899.0478515625,13732.91015625,3107552.55685801,-452901.014616608,30337.6416484563,894.115362354062,20456.3140869141,16210.4945966602,16210.4945966209
5077.31968,5143.59296,66.2732800000003,54.2412800000002,0.685907185077667,0.01713152,0.459367692470551,0.01304576,0.14988080396952,0.818620282504633,0.54824868198627,0.805183776482776,0.000258498145859084,0.000196847960444993,0.818448702101358,30899.0478515625,13351.4404296875,2990193.61265361,-451815.653537067,30796.4910199271,791.496035786153,20456.3140869141,16809.9334906048,16809.9334905601
5197.83424,5263.08352,65.24928,55.5622400000002,0.689091086387634,0.01673216,0.434780061244965,0.01276928,0.146518763062682,0.822420222564361,0.518903700539939,0.787122352188519,0.000256434400502197,0.000195699937225361,0.851537978656626,30899.0478515625,13351.4404296875,2639458.10037627,-426220.611573403,30360.847576711,723.667073415238,21409.9884033203,16573.1782001121,16573.1782000842
5318.64576,5389.9776,71.3318399999998,53.3504000000003,0.707771062850952,0.01733632,0.707771062850952,0.01733632,0.15580956174766,0.844714503689073,0.844714503689073,0.837034016481656,0.000243037611254666,0.000243037611254666,0.747918461096761,30899.0478515625,13351.4404296875,2579274.19846577,-416963.665234648,30627.03881619,780.63831127254,20456.3140869141,16618.8414944071,16618.8414943527
5443.328,5516.07296,72.74496,58.7263999999996,0.733149111270905,0.01859584,0.452710658311844,0.01451008,0.151775649140155,0.875002836599021,0.540303608217978,0.815363189389128,0.000255630630630631,0.00019946509009009,0.807291666666661,30899.0478515625,13732.91015625,2255159.14518503,-387715.421733977,30339.4410595982,825.933161631114,20456.3140869141,16270.4258183102,16270.4258182653
5574.79936,5650.42176,75.6224000000002,59.3817600000002,0.804397642612457,0.01666048,0.804397642612457,0.01666048,0.160122093333045,0.960036925939049,0.960036925939049,0.860201629519196,0.000220311442112389,0.000220311442112389,0.785240352064997,30899.0478515625,13732.91015625,1977479.41210211,-356118.994596709,29559.4447819829,922.181478035942,20456.3140869141,15621.8678467785,15621.86784673
5709.80352,5792.3072,82.5036799999998,61.2659199999998,0.646855294704437,0.0162304,0.646855294704437,0.0162304,0.163310195796288,0.772012417438963,0.772012417438963,0.877328628528958,0.00019672334615862,0.00019672334615862,0.742584088370361,30517.578125,12588.5009765625,1679309.02029928,-324067.442298379,29114.0524895637,916.946886517521,20408.6303710938,15305.9398395005,15305.9398394353
5853.57312,5935.96416,82.3910400000004,63.16032,0.785753428936005,0.01824768,0.785753428936005,0.01824768,0.171897168065753,0.937785327182045,0.937785327182045,0.923459224158048,0.000221476510067113,0.000221476510067113,0.766592095451151,30517.578125,12207.03125,1536591.00674426,-321271.075935376,29674.3798168588,944.7135456032,20408.6303710938,16039.0427337485,16039.0427337077
5999.12448,6087.82336,88.6988799999999,63.4879999999994,0.718674778938293,0.01865728,0.718674778938293,0.01865728,0.171019937728246,0.857727930779443,0.857727930779443,0.918746601745489,0.000210344031401524,0.000210344031401524,0.715770030016156,30517.578125,12207.03125,1434995.76929546,-303278.09471429,29431.0444674006,891.63681969742,20408.6303710938,15610.6105805212,15610.6105804546
6151.31136,6243.57376,92.2624000000005,66.1811200000002,0.837881982326508,0.01972224,0.837881982326508,0.01972224,0.175856802322275,1,1,0.944731016006757,0.000213762486126525,0.000213762486126525,0.717314095449499,30517.578125,12207.03125,1228816.59887113,-287484.515243474,29621.9375495535,1062.63078399426,19788.7420654297,16063.8938065274,16063.8938064761
6309.75488,6406.71744,96.9625599999999,74.0147199999992,0.826927959918976,0.01990656,0.826927959918976,0.01990656,0.180360678132985,0.986926533045721,0.986926533045721,0.968926560986714,0.00020530151019115,0.00020530151019115,0.763332981307417,30899.0478515625,12207.03125,1111939.30306564,-274977.756576891,29451.4272155328,1073.98330990646,19907.9513549805,16208.3851753437,16208.385175289
6480.73216,6579.89632,99.1641600000003,70.5024000000003,0.824980735778809,0.01859584,0.824980735778809,0.01859584,0.177726165939875,0.984602549261321,0.984602549261321,0.95477353791333,0.000187525815778603,0.000187525815778603,0.710966542750931,30136.1083984375,12207.03125,1006548.48349461,-255463.885161433,28893.1426769289,1098.81177929241,20408.6303710938,15434.9362412276,15434.9362411684
6650.39872,6761.40032,111.0016,69.9494400000003,0.805806696414948,0.03052544,0.799172520637512,0.02132992,0.176739098619106,0.961718611226729,0.95380081860513,0.949470853567298,0.000275000000000001,0.000192158671586717,0.630166051660522,30899.0478515625,12207.03125,1177817.47988345,-270590.405819858,29608.359724414,1055.46372610094,20432.4722290039,15523.6604579453,15523.6604576223
6831.34976,6948.00384,116.65408,71.5468799999999,0.807898759841919,0.02253824,0.807898759841919,0.02253824,0.178454071594606,0.964215458600344,0.964215458600344,0.958683964121872,0.000193205758426966,0.000193205758426966,0.613325140449436,30899.0478515625,12969.970703125,1027280.41243326,-254751.158250774,29695.6715566335,1003.26437494864,19931.7932128906,15738.3510051523,15738.3510048966
7019.55072,7130.84928,111.29856,77.7523199999996,0.793584585189819,0.02249728,0.793584585189819,0.02249728,0.181022848249538,0.947131698650817,0.947131698650817,0.972483845315322,0.000202134510994571,0.000202134510994571,0.698592326800989,30899.0478515625,13351.4404296875,1031150.29115515,-254459.340964145,29576.8042117719,1042.97998479849,19764.9002075195,15547.7186050826,15547.7186049177
7208.6016,7328.02048,119.41888,74.6495999999997,0.772001266479492,0.03464192,0.751173198223114,0.02405376,0.171548719420778,0.921372320641044,0.896514323099975,0.921587302014313,0.000290087463556851,0.000201423426513462,0.625107185731432,30899.0478515625,12207.03125,1000929.71328816,-250473.189969651,30042.8440533053,1038.24532669567,19955.6350708008,15637.1003972026,15637.1003968872
7402.67008,7525.0176,122.34752,81.0291200000001,0.732374608516693,0.02436096,0.732374608516693,0.02436096,0.18188124082565,0.874078478789033,0.874078478789033,0.977095268244968,0.000199112822229661,0.000199112822229661,0.662286575159022,30899.0478515625,13351.4404296875,804919.931787811,-223790.582658516,29496.3616673383,1120.24272355916,19741.0583496094,15331.4442242268,15331.4442240561
7606.04672,7726.83776,120.79104,84.3980799999999,0.768445014953613,0.04753408,0.761862277984619,0.026368,0.186144838417179,0.9171279859962,0.90927158484682,1,0.000393523228212953,0.000218294337063411,0.698711427602576,30899.0478515625,13351.4404296875,911470.7590964,-233878.506783063,30000.2934352832,1915.89177815411,20432.4722290039,14951.6364311221,14951.6364308315
7811.23584,7929.6,118.36416,83.7427199999993,0.765809237957001,0.03749888,0.693196594715118,0.02958336,0.166455912981285,0.91398222435887,0.827320087239914,0.894227927009354,0.000316809412578943,0.00024993511549442,0.707500648845049,30517.578125,13732.91015625,769470.023845676,-225063.303065852,30197.0419595566,996.295296951896,21409.9884033203,15859.0965532619,15859.0965531651
8013.34272,8138.06592,124.7232,88.1663999999992,0.636229455471039,0.05666816,0.628093838691711,0.03075072,0.165813950315589,0.75933063234568,0.749620891653157,0.890779200355664,0.000454351395730705,0.00024655172413793,0.706896551724129,30899.0478515625,13732.91015625,735383.018877491,-220222.4915755,30171.6830789127,845.625805162526,20456.3140869141,16027.3263530706,16027.3263529475
8226.23232,8346.53184,120.29952,95.6825600000011,0.550503730773926,0.0331264,0.489321649074554,0.02168832,0.15362660285363,0.657018222596657,0.583998294981685,0.825306810330829,0.000275366019748041,0.000180286006128702,0.795369424582914,30899.0478515625,13732.91015625,709967.276718886,-214588.784815364,30028.2277443647,978.167099622901,19884.1094970703,15540.299478038,15540.2994779438
8442.2144,8546.80576,104.591359999999,198.082560000001,0.327678501605988,0.03329024,0.312841653823853,0.02317312,0.0971144588359125,0.391079541651126,0.373371978897553,0.521714486749636,0.000318288623458003,0.000221558644997066,1.8938711572352,32043.45703125,14495.849609375,502652.014708723,-197696.823381106,30257.2086682272,1238.76687418029,21576.8814086914,15178.6920081985,15178.6920081814
8744.88832,8832.256,87.3676799999994,0,0.192844793200493,0.05339136,0.126495689153671,0.01432576,0.0599297933212578,0.230157465213692,0.150970771328006,0.321952485123149,0.000611111111111115,0.000163970932958276,0,30517.578125,12588.5009765625,-54352.8052286619,-175881.662065936,29522.0902299464,818.099051613041,21314.6209716797,15781.2537926013,15781.2537926012
