note.starts,note.ends,note.durs,INI,pk.amps,pk.times,qpk.amps,qpk.times,note.rmss,rel.pk.amps,rel.qpk.amps,rel.note.rmss,rel.pk.tm,rel.qpk.tm,rel.INI,max.Hz,min.Hz,FMa,FMb,FMc,FM.resid,note.DF,arcL,chordL
901.45792,909.2608,7.80288000000007,44.57472,0.0491673871874809,0.00090112,0.0491673871874809,0.00090112,0.0148330553778913,0.0285040225311503,0.0285040225311503,0.0441545704057712,0.000115485564304461,0.000115485564304461,5.71259842519679,30899.0478515625,12207.03125,-614587745.77464,2788770.61126487,18024.4445800781,8706.49094646541,16784.66796875,21985.8955649207,15658.6933215838
953.83552,963.66592,9.83040000000005,34.70336,0.0495333597064018,0.00257024,0.0486332699656487,0.00083968,0.0147785668654223,0.0287161893661568,0.028194376438562,0.043992370724126,0.000261458333333332,8.54166666666662e-05,3.53020833333331,33187.8662109375,11825.5615234375,95161973.5392989,-803820.079281215,18660.2274576823,9246.20631644305,18692.0166015625,4689.15154636128,1294.27228658872
998.36928,1007.13472,8.76544000000001,31.5391999999999,0.0725435316562653,0.00013312,0.0725435316562653,0.00013312,0.0145128050975655,0.0420559761073882,0.0420559761073882,0.0432012594937666,1.51869158878504e-05,1.51869158878504e-05,3.59813084112148,19073.486328125,9918.212890625,-66084703.8467354,-675624.635602748,18682.9339890253,1862.53620333415,16784.66796875,10999.6291853171,10999.6291853168
1038.67392,1048.85248,10.1785600000001,69.69344,0.053172405809164,0.00017408,0.053172405809164,0.00017408,0.013807457097358,0.0308258693397845,0.0308258693397845,0.0411016018613847,1.71026156941649e-05,1.71026156941649e-05,6.84708249496978,33569.3359375,10299.6826171875,72693174.2314089,-698145.456789505,18707.9111735026,9913.81588409713,19073.486328125,3777.63125876424,425.121591858767
1118.54592,1132.60544,14.05952,30.0748799999999,0.091893307864666,0.00381952,0.070640504360199,0.00324608,0.0238104501381787,0.0532737057563903,0.0409527258427844,0.0708781953707488,0.000271667880553532,0.00023088128186453,2.13911143481426,34713.7451171875,8773.8037109375,1035172.98333324,-558603.589698704,21111.5483637456,8497.55977251458,17738.3422851562,7649.07559159796,7649.07559159796
1162.68032,1174.49728,11.8169600000001,29.7574399999999,0.0817429199814796,0.00065536,0.0817429199814796,0.00065536,0.0207131464304086,0.0473891773835683,0.0473891773835683,0.0616582395930179,5.54592720970532e-05,5.54592720970532e-05,2.51819757365681,42343.1396484375,13351.4404296875,-47941448.7906316,1800248.30060023,13701.698996804,11286.745180685,16021.728515625,14578.8921861764,14578.892186176
1204.25472,1217.3824,13.1276800000001,26.9516800000001,0.0864895358681679,0.00234496,0.0864895358681679,0.00234496,0.0235973617276868,0.0501409535897143,0.0501409535897143,0.0702438805256939,0.000178627145085803,0.000178627145085803,2.05304212168487,35095.21484375,8773.8037109375,72462108.8333433,-1103231.91349045,19831.0905403191,8599.68121746783,16784.66796875,6403.27994265304,1995.04682933125
1244.33408,1256.38656,12.0524799999998,32.24576,0.109807260334492,0.0017408,0.109807260334492,0.0017408,0.0279609743593434,0.0636590390846556,0.0636590390846556,0.0832333446825644,0.00014443500424809,0.00014443500424809,2.67544604927786,19073.486328125,9155.2734375,26073419.5177122,-891415.049519505,18896.6230912642,3312.99716323491,17166.1376953125,6956.2778420242,6956.27784202294
1288.63232,1305.71264,17.08032,26.13248,0.166003242135048,0.00473088,0.103402957320213,0.00278528,0.0294061722971221,0.0962377792421359,0.0599462447334075,0.0875353642239353,0.000276978417266187,0.000163069544364508,1.52997601918465,23269.6533203125,8773.8037109375,3965082.23080408,-737910.031003282,22182.4645996094,2982.43119072724,17166.1376953125,11446.9769523494,11446.9769523494
1331.84512,1344.80896,12.9638400000001,29.9622399999998,0.141702100634575,0.00188416,0.141702100634575,0.00188416,0.0292337862066518,0.0821495731265478,0.0821495731265478,0.087022210758602,0.000145339652448656,0.000145339652448656,2.31121642969981,39672.8515625,9155.2734375,-99247209.7770972,1034949.84972657,16188.1880326705,10663.2001836981,17356.8725585938,8658.91148378339,3262.67570598443
1374.7712,1391.64672,16.8755200000001,26.4294400000001,0.147505581378937,0.00505856,0.141488716006279,0.00359424,0.0367760034886664,0.0855140501784931,0.0820258667308926,0.109473644769339,0.000299757281553397,0.000212985436893203,1.56614077669903,23651.123046875,10681.15234375,93941948.2375135,-1894947.20281481,24439.214350103,2109.30307744501,17547.607421875,13886.8120816721,5225.13310990589
1418.07616,1434.34752,16.27136,27.0233599999999,0.107838213443756,0.00480256,0.0800168216228485,0.00338944,0.0285281857077355,0.0625175149942172,0.0463884988989094,0.0849218014960448,0.000295154185022027,0.000208307111390812,1.66079295154185,22888.18359375,9536.7431640625,99265695.0089426,-2113007.87057255,24493.7100253262,2314.63544967622,17547.607421875,14388.9550320215,8100.20862122799
1461.37088,1476.73088,15.3600000000001,29.42976,0.109303392469883,0.0047104,0.0624492280185223,0.00270336,0.0271939431376261,0.0633669295830714,0.0362039616973209,0.0809500703860751,0.000306666666666664,0.000175999999999999,1.91599999999998,21743.7744140625,10681.15234375,82961720.52144,-1704943.67430855,22938.487293956,2380.93464247329,16021.728515625,10904.3147992725,6614.80929946194
1506.16064,1521.03936,14.8787199999999,30.6585600000001,0.122819431126118,0.00539648,0.0811629220843315,0.00364544,0.031286920875739,0.0712026412697667,0.0470529326881711,0.0931339171460709,0.00036269786648314,0.000245010323468687,2.06056434962149,22888.18359375,9155.2734375,70650556.1125097,-1702472.32007396,23049.574631911,2693.77012568991,16784.66796875,10822.0732246605,9690.24962857468
1551.69792,1568.21504,16.51712,29.5424,0.150080874562263,0.0064,0.106402851641178,0.0040448,0.0396417967200392,0.0870070360604143,0.0616853864736386,0.118004447478512,0.000387476751394917,0.000244885306881587,1.78859268443894,23269.6533203125,8773.8037109375,67101391.5982239,-1850172.07903522,24661.3890260131,2497.11359569214,16784.66796875,13254.0219982872,12253.2311182294
1597.75744,1613.88544,16.1279999999999,29.6140800000001,0.137485966086388,0.00521216,0.0859806165099144,0.00330752,0.0372011442720931,0.0797053351665838,0.0498459155638195,0.110739190415596,0.000323174603174605,0.000205079365079366,1.83619047619049,22888.18359375,9155.2734375,24622328.8178607,-1327553.34530915,23378.6446707589,812.135684690972,16975.4028320312,15006.2077047096,15006.207704709
1643.49952,1660.53888,17.03936,28.1292799999999,0.139905482530594,0.00598016,0.106604300439358,0.00283648,0.0393115466028847,0.0811080119241908,0.0618021732587547,0.117021369368311,0.000350961538461539,0.000166466346153846,1.65084134615384,23269.6533203125,9155.2734375,56883679.695767,-1692059.92318854,24339.1309465681,2401.01509781828,18310.546875,12849.9561181284,12316.0226004582
1688.66816,1707.66336,18.9952000000001,27.07456,0.169722124934196,0.00678912,0.137481823563576,0.0016384,0.0451201506525482,0.0983937432898783,0.0797029336038748,0.134312238305023,0.000357412398921832,8.62533692722369e-05,1.42533692722372,24414.0625,9155.2734375,74295952.5690494,-1988029.60562172,26184.5308191636,2921.79093001231,17166.1376953125,15642.363147091,10955.7309572652
1734.73792,1750.82496,16.0870399999999,29.9622400000001,0.166409805417061,0.0050688,0.0981196016073227,0.00045056,0.0352871428081669,0.0964734779362041,0.0568833020208718,0.105041651355529,0.000315085932527055,2.80076384468493e-05,1.86250795671548,22506.7138671875,9155.2734375,100374808.919657,-2156038.50901008,24267.343374399,2395.23782275572,16784.66796875,14447.7315148976,8707.99426908253
1780.7872,1797.07904,16.2918400000001,30.3103999999998,0.148789867758751,0.00555008,0.110488884150982,0.00048128,0.038004747610865,0.0862585950892708,0.0640541998148551,0.113131331434162,0.00034066624764299,2.95411690760526e-05,1.86046511627905,23651.123046875,9536.7431640625,66657746.033938,-1836797.69141274,25181.1939281422,2542.4275499512,22315.9790039062,13074.8426743626,12232.2451456425
1827.38944,1845.9648,18.57536,28.80512,0.182073831558228,0.00720896,0.152392312884331,0.00152576,0.0421075026581486,0.105554451719778,0.0883470562197191,0.125344282979056,0.000388092613009922,8.2138919514884e-05,1.55071664829107,23651.123046875,9155.2734375,55439385.0370352,-1769859.05239023,25662.8148696002,2464.8543668383,22697.4487304688,14503.9429097732,13746.7419249555
1874.76992,1893.16096,18.39104,27.93472,0.205413356423378,0.00544768,0.189555898308754,0.0018432,0.052872534107588,0.119085175654443,0.109892062714305,0.157389288336691,0.000296213808463252,0.000100222717149221,1.51893095768374,24414.0625,9155.2734375,51815192.2287889,-1699197.13435823,25868.1353400735,2848.78857614029,22697.4487304688,14136.7327103687,13724.5317447979
1921.09568,1940.34688,19.2512000000002,27.66848,0.188807681202888,0.0081408,0.172594740986824,0.00185344,0.0550869480716479,0.109458295567752,0.100059097447813,0.163981085831719,0.000422872340425529,9.62765957446801e-05,1.43723404255318,24414.0625,9155.2734375,24795220.1039426,-1367607.24184682,25280.2231732537,904.472881063119,22506.7138671875,17138.7562096125,17138.7562096112
1968.01536,1987.30752,19.29216,27.6377599999998,0.183476343750954,0.00730112,0.175345316529274,0.00120832,0.0533411339886733,0.106367536193623,0.101653700531696,0.158784201651203,0.000378450106157113,6.26326963906583e-05,1.43259023354564,24414.0625,9155.2734375,15447673.306436,-1178408.82753153,24961.5837545956,1877.95225469122,22315.9790039062,16984.6217034338,16984.6217034334
2014.94528,2034.71872,19.7734400000002,27.8937599999997,0.254270136356354,0.00181248,0.254270136356354,0.00181248,0.0616327791158106,0.147409128495354,0.147409128495354,0.18346650878339,9.1662351113412e-05,9.1662351113412e-05,1.41066804764368,24795.5322265625,9155.2734375,34519539.4211183,-1551796.67435273,26203.6043054917,1061.63658001905,23460.3881835938,17187.6006697247,17187.6006697207
2062.61248,2083.50208,20.8896000000004,26.9516799999997,0.199255868792534,0.00841728,0.180523604154587,0.00310272,0.0556753883777612,0.11551546865546,0.104655731666315,0.165732736335539,0.00040294117647058,0.000148529411764703,1.29019607843133,24795.5322265625,9536.7431640625,22896406.2151336,-1176473.43221269,25420.5628937366,2634.67603211579,22697.4487304688,14584.6312599707,14584.6312599673
2110.45376,2129.11104,18.6572799999999,30.1056000000003,0.218613341450691,0.00781312,0.156603187322617,0.00065536,0.0512490599716333,0.126737660200646,0.0907882447133657,0.152556581843543,0.000418770581778268,3.51262349066961e-05,1.61361141602637,24032.5927734375,9155.2734375,53286399.2103542,-1736588.12532963,25836.7201861213,2497.71353463664,22506.7138671875,14446.1269825711,13851.3298835382
2159.21664,2180.38272,21.16608,27.4022399999999,0.264505624771118,0.00264192,0.264505624771118,0.00264192,0.0698326392892464,0.153342992568286,0.153342992568286,0.207875593366537,0.000124818577648767,0.000124818577648767,1.29462989840348,25177.001953125,9155.2734375,31078224.5025359,-1372933.40553701,26729.2569911394,2635.12909661428,24032.5927734375,15136.4822694192,15136.4822694084
2207.78496,2228.45952,20.6745599999999,28.6208000000001,0.240516126155853,0.00813056,0.153377816081047,0.00101376,0.0560433912525065,0.139435456533615,0.0889183862604351,0.166828195661248,0.000393263992075286,4.90341753343241e-05,1.38434868746906,24414.0625,9536.7431640625,71021619.9576388,-1877839.0607194,26575.2567964442,2696.30806266813,20599.365234375,16359.1978365762,8466.19753731096
2257.08032,2276.3008,19.22048,29.3785600000001,0.266346991062164,0.00917504,0.215227484703064,0.00217088,0.0694521402567783,0.154410495831129,0.124774762789531,0.206742935873497,0.000477357485348962,0.000112946190729888,1.52850293020779,25177.001953125,9536.7431640625,41104087.741051,-1520317.69289719,27074.2528578814,2677.49946382773,20599.365234375,14079.7507748198,14036.2820948943
2305.67936,2327.16288,21.4835199999998,28.4979200000002,0.276540040969849,0.00971776,0.207391291856766,0.00186368,0.0689417761480668,0.160319756844367,0.120231852738248,0.205223700126271,0.00045233555767398,8.6749285033366e-05,1.3265014299333,26321.4111328125,9536.7431640625,60523768.0865054,-1844932.05943544,28461.0271945949,2905.66606972769,22697.4487304688,16417.9226849481,11701.3961248976
2355.6608,2379.61216,23.95136,26.6956799999998,0.228440716862679,0.0082432,0.226584881544113,0.00513024,0.0724133268191596,0.132434927153174,0.131359035698279,0.215557702435225,0.000344164172723386,0.000214194100042753,1.11457887986318,25939.94140625,9536.7431640625,27137693.8644922,-1216208.01277047,27522.6105424694,2891.19940690932,22697.4487304688,13691.0838089291,13561.8189957408
2406.30784,2430.30016,23.9923199999998,25.9686400000001,0.294346481561661,0.00488448,0.294346481561661,0.00488448,0.0773001188504811,0.170642761845492,0.170642761845492,0.230104550492366,0.00020358514724712,0.00020358514724712,1.08237302603501,27084.3505859375,9155.2734375,20639705.6472405,-1266628.04987751,28553.439262218,2338.50003787382,22697.4487304688,18508.4824445555,18508.4824445526
2456.2688,2480.01536,23.74656,26.6854400000002,0.407708674669266,0.004864,0.407708674669266,0.004864,0.0860039499455325,0.236362717518519,0.236362717518519,0.256013839785468,0.000204829667960327,0.000204829667960327,1.1237602414834,27084.3505859375,9155.2734375,16826024.9051254,-1243539.78337483,28365.8594117129,1334.92770691088,22602.0812988281,20041.6115786224,20041.6115786212
2506.7008,2530.65216,23.95136,27.904,0.453751534223557,0.0060928,0.440124928951263,0.00595968,0.0922457339745007,0.263055344099015,0.255155533148649,0.274594185192624,0.000254382214621633,0.000248824283882001,1.1650277896537,26702.880859375,9536.7431640625,16482302.6064799,-1154245.98776299,28201.2251086701,2155.62930582807,22697.4487304688,18190.3974470445,18190.3974470428
2558.55616,2582.94784,24.3916799999997,27.07456,0.493829667568207,0.00615424,0.415047734975815,0.00413696,0.0994833019367409,0.286290014094927,0.240617422767298,0.296138748737611,0.000252308984047022,0.000169605373635602,1.10999160369439,27465.8203125,9155.2734375,38889722.9324689,-1583337.6234442,29772.9951098449,3099.23404656055,22697.4487304688,16749.0344515312,15482.6663556623
2610.0224,2635.63264,25.61024,27.2588800000003,0.482407212257385,0.006912,0.482180118560791,0.00632832,0.110945333317806,0.279668024557447,0.279536370544194,0.330258561460938,0.000269892043182727,0.000247101159536186,1.06437425029989,28228.759765625,9918.212890625,18364591.384777,-1199165.34513459,29193.3332170759,1913.3069639653,24414.0625,18665.8634181182,18665.8634181149
2662.89152,2689.66912,26.7775999999999,25.82528,0.518292725086212,0.00688128,0.452509939670563,0.00487424,0.111337560980767,0.300472088485319,0.262335549106083,0.331426132370512,0.000256978967495221,0.000182026768642448,0.96443594646272,27847.2900390625,9918.212890625,22693435.0600963,-1288095.10946341,29629.4924769948,2353.79053416638,24414.0625,18219.998064848,18219.9980648361
2715.4944,2742.20032,26.7059199999999,27.5763200000001,0.465469896793365,0.00728064,0.431851714849472,0.00510976,0.110995950114155,0.269848881234604,0.250359266870287,0.330409235940415,0.000272622699386504,0.000191334355828222,1.03259202453989,27847.2900390625,9536.7431640625,17632119.3604471,-1198504.54313545,29461.9128907353,1950.25873862994,23937.2253417969,19431.8302531932,19431.8302531897
2769.77664,2794.81344,25.0367999999999,27.21792,0.50401359796524,0.00726016,0.380049109458923,0.00459776,0.115433832098931,0.29219398821472,0.220327517865726,0.343619782760146,0.000289979550102251,0.000183640081799592,1.08711656441719,27847.2900390625,9918.212890625,22766022.3778227,-1309652.47729912,29635.2436016132,2747.22652140435,23937.2253417969,18518.8228456924,18518.8228456869
2822.03136,2848.26624,26.23488,27.27936,0.449462741613388,0.00789504,0.4444540143013,0.0056832,0.114155672237528,0.260568983765782,0.257665252566649,0.33981499688479,0.000300936768149883,0.000216627634660422,1.03981264637002,27847.2900390625,9918.212890625,15632668.6994383,-1186155.15708353,29551.5184278612,1113.5160565688,24032.5927734375,20359.1580703401,20359.1580703382
2875.5456,2904.68864,29.1430399999999,27.21792,0.622082352638245,0.00833536,0.597555875778198,0.00601088,0.139826651666446,0.360642499228563,0.346423658468066,0.416231557040613,0.000286015460295152,0.000206254392129305,0.933942375263532,29373.1689453125,9536.7431640625,18117134.6198007,-1270724.83911176,31164.4180961277,1028.25791046722,28133.3923339844,21645.598369136,21645.5983691311
2931.90656,2958.7968,26.8902400000002,27.2383999999997,0.539495170116425,0.0079872,0.455472439527512,0.00528384,0.135699084787487,0.312763873862324,0.264053011991573,0.403944746419439,0.000297029702970295,0.000196496572734195,1.012947448591,30899.0478515625,9536.7431640625,3758043.40410727,-815527.403355796,28862.2450653541,4040.34820562909,24032.5927734375,19212.3427606999,19212.3427606998
2986.0352,3014.47168,28.4364800000003,27.136,0.543366432189941,0.00874496,0.51082181930542,0.00620544,0.13522304368615,0.315008177407411,0.296140947888163,0.402527682315686,0.000307526107310044,0.000218221101908532,0.954267194814537,29373.1689453125,9918.212890625,15954362.4939076,-1241925.02947008,31156.1252759851,1018.24158202038,28133.3923339844,22414.7459568809,22414.7459568783
3041.60768,3070.04416,28.4364799999998,27.20768,0.56871497631073,0.00841728,0.507359206676483,0.0058368,0.136015158507522,0.329703598784913,0.294133552457213,0.404885624678784,0.000296002880806627,0.000205257472092187,0.956787900612176,30517.578125,9918.212890625,16032723.8028167,-1227977.04748241,30943.9044696069,1108.82761813504,23937.2253417969,21954.7488748053,21954.7488748026
3097.25184,3128.35072,31.09888,23.9206400000003,0.581366062164307,0.00922624,0.533144176006317,0.00693248,0.142105960444919,0.337037867633466,0.309081984513203,0.423016531367992,0.000296674349687191,0.000222917352650642,0.769180111952594,30136.1083984375,9536.7431640625,14071038.8511705,-1167100.32399559,31118.0995060847,861.672817975026,23937.2253417969,22686.8436638839,22686.8436638806
3152.27136,3180.70784,28.4364799999998,28.0063999999998,0.563720524311066,0.00852992,0.486154854297638,0.00627712,0.145270000426616,0.326808143474539,0.281840661324716,0.432435145576548,0.000299963989917178,0.000220741807706159,0.984875765214257,30136.1083984375,9918.212890625,17850706.1695096,-1220992.7855151,30984.61467758,2361.64438614868,23937.2253417969,20286.0597962129,20286.0597962079
3208.71424,3238.07232,29.3580800000004,28.5081599999999,0.562898695468903,0.00902144,0.513310015201569,0.00693248,0.146364081529185,0.326331701076971,0.297583440482192,0.435691971620966,0.000307289850017435,0.000236135333100799,0.971049877921153,30517.578125,9536.7431640625,15321203.1179215,-1222311.57851011,31574.0834111753,868.786897683963,20599.365234375,22679.4242283799,22679.4242283772
3266.58048,3296.78848,30.2080000000001,27.48416,0.780363917350769,0.0080384,0.515144526958466,0.00753664,0.155674386528247,0.452403756942503,0.298646969936236,0.463406593262104,0.000266101694915253,0.000249491525423728,0.909830508474573,31280.517578125,9536.7431640625,18131842.4347037,-1306222.65078909,32816.5201040415,1089.05680181348,20599.365234375,22912.6457942125,22912.6457942073
3324.27264,3357.52192,33.24928,27.7094400000001,0.72719132900238,0.00893952,0.624081194400787,0.00405504,0.166623555827341,0.421577781778463,0.361801296429204,0.495999734350361,0.000268863566368956,0.000121958731136434,0.833384662765632,32424.9267578125,9918.212890625,12674707.3018867,-1072922.12677781,32802.6702843597,3505.67343276222,20599.365234375,21661.8139784341,21661.8139784292
3385.23136,3416.832,31.6006399999997,29.9520000000002,0.86588329076767,0.0079872,0.632306754589081,0.00790528,0.18144081714121,0.501982274048368,0.366569936097699,0.54010728948557,0.000252754374594948,0.000250162022034999,0.947828904731061,32424.9267578125,9536.7431640625,21453585.0169113,-1372915.6106046,33413.0963708601,1421.53491251405,20599.365234375,21961.4523432661,21961.4523432377
3446.784,3477.49376,30.7097599999997,28.2828800000002,0.74492084980011,0.00774144,0.586836516857147,0.00765952,0.163964761085832,0.431856193733891,0.340209278048784,0.488085118203007,0.000252084028009339,0.000249416472157388,0.920973657885977,31280.517578125,9536.7431640625,16405241.4097849,-1263408.8721055,32944.0190241887,1388.40495395978,20599.365234375,23327.3746346344,23327.3746346303
3505.77664,3538.91328,33.1366400000002,28.2009599999997,0.773512840270996,0.00480256,0.773512840270996,0.00480256,0.186124088873226,0.448431952325352,0.448431952325352,0.554048304748607,0.000144932014833127,0.000144932014833127,0.851050679851654,32424.9267578125,9536.7431640625,16389006.5539904,-1257615.95878737,33900.5019638565,1170.44903490731,20599.365234375,23677.4331620847,23677.4331620775
3567.11424,3600.6912,33.5769600000003,28.0575999999996,0.74330472946167,0.00858112,0.714724600315094,0.00485376,0.189657933145293,0.430919273283669,0.414350391109173,0.564567740679964,0.000255565721256478,0.000144556267154619,0.835620616041457,32806.396484375,9536.7431640625,16463563.6557662,-1273292.5824821,34144.8009523571,1235.82658981436,20599.365234375,24192.0708840162,24192.0708840087
3628.7488,3661.8752,33.1264000000001,29.7984000000001,0.955242514610291,0.01088512,0.818694353103638,0.00484352,0.202090665672391,0.553786884288562,0.474625226636682,0.601577105892887,0.000328593508500772,0.000146213292117465,0.899536321483772,32806.396484375,9536.7431640625,20482869.2333164,-1341814.51298051,34254.9567403083,1880.76249587025,22029.8767089844,21978.1098724182,21972.4361454665
3691.6736,3726.27456,34.6009599999998,27.8630400000002,0.944404661655426,0.00441344,0.944404661655426,0.00441344,0.201936057445857,0.547503808809347,0.547503808809347,0.601116873010997,0.000127552530334419,0.000127552530334419,0.805267830719159,32806.396484375,9536.7431640625,15945403.4844904,-1230306.19671393,34268.3839093288,1448.08276017342,21934.5092773438,23479.5169650542,23479.5169650441
3754.1376,3790.29504,36.15744,26.7571200000002,1.00951731204987,0.00509952,1.00951731204987,0.00509952,0.212652104531984,0.585251847907479,0.585251847907479,0.63301606326422,0.000141036533559898,0.000141036533559898,0.740016992353448,32424.9267578125,9536.7431640625,16070678.1131797,-1208315.65562612,33838.9955717942,1833.19871367554,30517.578125,22679.4315706771,22679.4315706551
3817.05216,3852.16512,35.1129599999999,28.8358399999997,1.01351869106293,0.00505856,1.01351869106293,0.00505856,0.217450194986672,0.587571584710028,0.587571584710028,0.647298867271718,0.000144065325167688,0.000144065325167688,0.82123067949839,32424.9267578125,9536.7431640625,17056982.0927842,-1227498.86752457,33923.2446329151,1717.97198164288,21934.5092773438,22071.2249565889,22071.2249565622
3881.00096,3916.52352,35.5225600000003,29.7471999999998,0.906757295131683,0.00598016,0.906757295131683,0.00598016,0.228171540581454,0.525678337800701,0.525678337800701,0.679213829958031,0.000168348227154798,0.000168348227154798,0.837417123090214,33187.8662109375,9536.7431640625,15516758.5796102,-1194208.55074072,34111.0041576066,1319.93275804648,21934.5092773438,22841.4878757553,22841.4878757416
3946.27072,3982.16192,35.8912,29.8700800000001,1.10808539390564,0.00475136,1.10808539390564,0.00475136,0.234764368021463,0.642395149327096,0.642395149327096,0.698839150295395,0.000132382310984308,0.000132382310984308,0.832239657631958,32806.396484375,9536.7431640625,15519095.792832,-1196282.49428196,34269.3234899361,1712.16520553342,30517.578125,22944.652793743,22944.652793728
4012.032,4050.2784,38.2464,29.2556799999998,1.09828400611877,0.00649216,1.09828400611877,0.00649216,0.256488520125208,0.636712948293146,0.636712948293146,0.763506919620939,0.000169745649263722,0.000169745649263722,0.764926372155282,32806.396484375,9536.7431640625,13584486.3969708,-1139419.81841513,35001.6932333669,1672.80006560639,30517.578125,23707.4945054078,23707.4945053939
4079.53408,4116.6848,37.1507200000001,29.0816000000004,1.07414364814758,0.01015808,0.947440505027771,0.00717824,0.246945793443027,0.622717953910038,0.549263791448985,0.735100432459876,0.000273428886438809,0.00019321940463065,0.782800441014343,32424.9267578125,9536.7431640625,15995585.714182,-1163382.41922129,33822.2346661221,2115.01955189125,30517.578125,21163.4890331965,21143.7710564786
4145.7664,4184.09472,38.3283199999996,30.3206399999999,0.972842633724213,0.00852992,0.972842633724213,0.00852992,0.24461363827904,0.563990277644838,0.563990277644838,0.728158146682465,0.000222548757681007,0.000222548757681007,0.791076676462736,32806.396484375,9536.7431640625,17637779.5784046,-1230878.59406343,35046.6082173009,2305.69256117072,26321.4111328125,21682.7963573136,21266.5501558947
4214.41536,4255.22176,40.8064000000004,30.8224,1.46712207794189,0.00978944,1.46712207794189,0.00978944,0.268985922728876,0.850541042706696,0.850541042706696,0.800708792673702,0.000239899623588454,0.000239899623588454,0.75533249686323,33187.8662109375,9536.7431640625,14467899.0195837,-1144069.65491348,35620.8194385875,2057.91798541399,26321.4111328125,22640.5010938765,22593.9642341494
4286.04416,4326.9632,40.9190399999998,30.2387200000003,1.2455883026123,0.00816128,1.2455883026123,0.00816128,0.267170391119991,0.722110306712385,0.722110306712385,0.795304375565685,0.000199449449449451,0.000199449449449451,0.738988988989,33569.3359375,9536.7431640625,15423089.1757537,-1215633.72482321,36755.1563895322,2195.71042338447,25558.4716796875,23988.927540993,23918.6405865847
4357.20192,4401.54112,44.3391999999994,33.2083199999997,1.15423965454102,0.011264,1.07165122032166,0.01069056,0.256711482735974,0.66915235893929,0.62127300792101,0.764170627673265,0.000254041570438802,0.000241108545034645,0.748960739030027,33187.8662109375,10299.6826171875,5050002.2351329,-803976.641139735,35777.1587638962,2104.87770615444,25558.4716796875,25719.5551766387,25719.5551766367
4434.74944,4477.30688,42.5574400000005,31.8771200000001,0.991077661514282,0.00775168,0.991077661514282,0.00775168,0.247390727359685,0.574561749360476,0.574561749360476,0.736424897679513,0.000182146294513954,0.000182146294513954,0.74903753609239,33950.8056640625,10299.6826171875,12557005.7157525,-1107296.51974145,36342.4955386984,1472.14619421146,29468.5363769531,24381.2638723858,24381.2638723561
4509.184,4552.98048,43.79648,32.0409600000003,1.1797798871994,0.0088064,1.1797798871994,0.0088064,0.249150220877112,0.683958908743727,0.683958908743727,0.741662502368128,0.000201075520224457,0.000201075520224457,0.731587561374802,32806.396484375,10299.6826171875,9789017.62863408,-989658.078940043,35805.3682898941,1675.5040186523,32520.2941894531,24566.9156235846,24566.9156235723
4585.02144,4626.75968,41.7382399999997,31.2729600000002,0.965054631233215,0.0080384,0.965054631233215,0.0080384,0.249605587339459,0.559475305197154,0.559475305197154,0.743018022860022,0.000192590775269874,0.000192590775269874,0.749263984298343,32806.396484375,9536.7431640625,9346020.97666165,-961507.067398555,34501.8458238897,1559.20759409915,22029.8767089844,23850.0901784153,23850.0901784072
4658.03264,4699.71968,41.6870399999998,31.0271999999995,1.10858869552612,0.00770048,1.10858869552612,0.00770048,0.264260065085465,0.642686930557518,0.642686930557518,0.786641009015679,0.000184721198722673,0.000184721198722673,0.744288872512889,33187.8662109375,9536.7431640625,12501260.6404014,-1088751.60473268,35632.4853744099,1608.9238646055,22029.8767089844,23662.0246444799,23662.0246444535
4730.74688,4773.14048,42.3936000000003,32.7577600000004,1.04636836051941,0.01524736,1.02340686321259,0.00750592,0.255550288442807,0.606615665998261,0.593304097618859,0.760714021204388,0.000359661835748789,0.000177053140096617,0.772705314009666,32806.396484375,9536.7431640625,10707158.3993458,-1033891.00266206,35419.2746878581,1206.08610590724,32520.2941894531,24587.2710769368,24587.2710769242
4805.89824,4851.6608,45.7625599999992,32.3891200000007,1.03518640995026,0.01499136,1.00786352157593,0.0073728,0.256707537680659,0.600133105317336,0.584293088786292,0.764158884157298,0.00032759006489148,0.000161109867979416,0.707764600581814,33187.8662109375,9536.7431640625,13203569.0992524,-1098746.26572775,35525.9761540279,1932.96330261773,21934.5092773438,23086.178781738,22630.3704097223
4884.04992,4929.34144,45.2915199999998,30.9247999999998,1.08440172672272,0.015616,0.995327234268188,0.00684032,0.263299186416832,0.628664914274578,0.577025372596407,0.78378069576634,0.00034478860501922,0.000151028713542845,0.682794483382318,33187.8662109375,9536.7431640625,11587507.2563752,-1045559.20034762,35219.3275166908,1533.44493962927,32520.2941894531,23585.9763888092,23585.2593775494
4960.26624,5005.62944,45.3631999999998,31.3344000000006,1.05524516105652,0.01524736,1.03735172748566,0.00700416,0.268704274043566,0.611761852057517,0.601388414239505,0.799870389769621,0.000336117381489844,0.000154401805869075,0.690744920993245,33187.8662109375,9536.7431640625,10025696.1893108,-995197.409254247,35059.0807744128,1047.51000788291,32424.9267578125,24514.2618430595,24514.2618430403
5036.96384,5083.61728,46.65344,30.2079999999996,0.988014578819275,0.01565696,0.895199239253998,0.00636928,0.244641548701711,0.572785975150219,0.518977735958719,0.728241229546481,0.000335601404741001,0.000136523266022827,0.647497805092178,33187.8662109375,9536.7431640625,10207048.2082346,-965637.462434692,34415.8858131492,1465.13821529082,21934.5092773438,22834.2253528867,22834.2253528293
5113.82528,5161.24672,47.4214400000001,32.1126400000003,1.16677451133728,0.01478656,1.05154776573181,0.0070656,0.270425291670306,0.676419245812556,0.609618345036488,0.804993460642985,0.000311811703735694,0.000148995897214424,0.677175556035418,32806.396484375,9918.212890625,9985233.1598512,-972027.05337842,34637.1506376775,1088.21233751926,32424.9267578125,23640.2004398577,23640.2004398136
5193.35936,5241.45664,48.09728,32.1228799999999,1.24992203712463,0.0045568,1.24992203712463,0.0045568,0.267450862280764,0.724622721409396,0.724622721409396,0.796139273251943,9.47413242495211e-05,9.47413242495211e-05,0.66787311049606,33569.3359375,9155.2734375,11241124.5444776,-1031356.44290598,35504.2752792804,1547.14095926126,32281.8756103516,23711.9021011913,23600.8027713996
5273.57952,5320.83712,47.2575999999999,32.8191999999999,1.1353006362915,0.00401408,1.1353006362915,0.00401408,0.263796131364072,0.658172759782567,0.658172759782567,0.785259985777851,8.49404117009752e-05,8.49404117009752e-05,0.694474539544962,33187.8662109375,9536.7431640625,10029198.0355912,-977413.534434612,34689.9110856887,942.416856892849,24795.5322265625,23792.2028563341,23792.2028562937
5353.65632,5403.51488,49.8585599999997,32.6348800000005,1.16622114181519,0.00439296,1.16622114181519,0.00439296,0.268940600352892,0.676098438500471,0.676098438500471,0.800573878457421,8.81084411583493e-05,8.81084411583493e-05,0.654549188745137,33950.8056640625,9155.2734375,8231287.1759997,-880765.544326172,34180.0453515258,2935.86893625128,24747.8485107422,23451.7424544667,23451.7424544381
5436.14976,5486.9504,50.8006399999995,35.1027199999999,1.19478380680084,0.00459776,1.19478380680084,0.00459776,0.266668145622621,0.692657196101244,0.692657196101244,0.793809307044088,9.05059463817788e-05,9.05059463817788e-05,0.690989719814558,33950.8056640625,9155.2734375,7344617.5021573,-856574.93047118,34379.1539405121,2872.08490872227,31948.0895996094,24560.2633857771,24560.2633857599
5522.05312,5575.0656,53.0124800000003,33.2902400000003,1.28228747844696,0.00464896,1.28228747844696,0.00464896,0.279344850286459,0.743386079022125,0.743386079022125,0.831544920802188,8.76955765887574e-05,8.76955765887574e-05,0.627969866718178,33950.8056640625,9155.2734375,6105316.63358251,-784082.495292934,33926.5407150833,2747.43908100452,24795.5322265625,24408.2456242313,24408.2456242174
5608.35584,5660.9792,52.6233599999996,38.0211200000003,1.40584933757782,0.00510976,1.40584933757782,0.00510976,0.281782105451069,0.815019131297753,0.815019131297753,0.83880006493945,9.71006032302012e-05,9.71006032302012e-05,0.722514107803087,33950.8056640625,9536.7431640625,6492499.93270288,-796015.96737798,34010.4325259488,2738.32086389079,24747.8485107422,23909.8870236656,23909.8870236482
5699.00032,5751.47008,52.46976,36.4953599999999,1.41362297534943,0.00484352,1.41362297534943,0.00484352,0.28358561855983,0.819525776024387,0.819525776024387,0.844168705756176,9.23106947697112e-05,9.23106947697112e-05,0.695550351288055,33950.8056640625,9155.2734375,8361290.81612477,-904997.098458421,34379.9706979814,982.194207919213,24747.8485107422,24465.7138695237,24465.7138694755
5787.96544,5843.08736,55.1219200000005,36.0857599999999,1.38584411144257,0.00519168,1.38584411144257,0.00519168,0.281093063901065,0.803421414821063,0.803421414821063,0.836748947832619,9.4185398476685e-05,9.4185398476685e-05,0.654653538918811,33950.8056640625,9155.2734375,8556764.54119048,-909059.755466537,34878.5378884228,1020.01687627654,24747.8485107422,24178.6534369492,24110.0227064828
5879.17312,5935.50336,56.3302399999993,38.0416000000005,1.42169880867004,0.00507904,1.42169880867004,0.00507904,0.299192935181776,0.824207613886769,0.824207613886769,0.890628072560404,9.01654244682796e-05,9.01654244682796e-05,0.675331757862223,33950.8056640625,9155.2734375,6291353.76836988,-780392.829634618,34255.9276793186,2692.10755865777,24747.8485107422,23996.6462978776,23996.6462978488
5973.54496,6032.42496,58.8800000000001,38.8198400000001,1.53830909729004,0.00553984,1.53830909729004,0.00553984,0.31099587613978,0.891810602052766,0.891810602052766,0.925762694136896,9.4086956521739e-05,9.4086956521739e-05,0.659304347826088,34332.275390625,9155.2734375,8569178.12400104,-906100.541273647,35296.5715745332,1491.03872458123,31900.4058837891,24262.2172011268,23643.1069866889
6071.2448,6129.21344,57.9686400000001,39.2703999999994,1.54463267326355,0.00509952,1.54463267326355,0.00509952,0.315868470172518,0.895476596166691,0.895476596166691,0.940267278040624,8.79703232644408e-05,8.79703232644408e-05,0.677442148030373,34332.275390625,9155.2734375,7987843.96835408,-875641.6212892,34832.7382640856,935.984531130845,24747.8485107422,24077.0099391458,23917.6968076895
6168.48384,6228.69504,60.2111999999997,39.6083200000003,1.42823886871338,0.00610304,1.42823886871338,0.00610304,0.311045369156229,0.827999111249023,0.827999111249023,0.925910023383887,0.000101360544217688,0.000101360544217688,0.657823129251708,34332.275390625,9155.2734375,5512523.56787293,-747762.15497053,34894.5109519994,2565.00521824462,31900.4058837891,25038.6165352747,25038.6165352479
6268.30336,6328.10496,59.8015999999998,40.4889600000006,1.52833664417267,0.004864,1.52833664417267,0.004864,0.323975064022737,0.886029228573137,0.886029228573137,0.96439873038078,8.13356164383565e-05,8.13356164383565e-05,0.67705479452056,34713.7451171875,9155.2734375,5462338.98493323,-733961.128031811,34048.7756296841,2621.53720426286,24747.8485107422,24357.4618033558,24357.4618033282
6368.59392,6433.09568,64.5017600000001,40.2227199999998,1.72492802143097,0.00693248,1.72492802143097,0.00693248,0.335934768282845,1,1,1,0.000107477377361486,0.000107477377361486,0.623591046197804,34332.275390625,8773.8037109375,5240470.0252761,-732312.871772589,35013.4663991799,2522.50534020543,31900.4058837891,25432.6138649064,25432.6138648658
6473.3184,6538.53696,65.2185600000003,40.8678399999999,1.54718613624573,0.00673792,1.54718613624573,0.00673792,0.31271412106533,0.896956926331459,0.896956926331459,0.930877511320997,0.000103312921965771,0.000103312921965771,0.626628984141933,34332.275390625,9155.2734375,4444377.88507715,-668200.457815907,34235.889555642,3344.44795484154,24747.8485107422,24675.0855646362,24675.0855646087
6579.4048,6644.0192,64.6143999999995,44.6976000000004,1.44847226142883,0.00509952,1.44847226142883,0.00509952,0.322110182834812,0.839729103726431,0.839729103726431,0.95884741100572,7.89223454833604e-05,7.89223454833604e-05,0.691759112519822,34332.275390625,9155.2734375,6337211.25770085,-779691.927007879,34279.1458060839,897.058571122361,24747.8485107422,24042.9359046959,23921.3379474735
6688.7168,6754.01728,65.3004799999999,44.3289599999998,1.54956436157227,0.00663552,1.54956436157227,0.00663552,0.32254198176624,0.89833566521041,0.89833566521041,0.960132776416497,0.000101615179551513,0.000101615179551513,0.678845852281636,34332.275390625,9155.2734375,5798452.18535758,-746794.977046564,34688.2332504065,2535.47732684897,24747.8485107422,24050.0688537523,24040.5849890503
6798.34624,6864.56832,66.2220800000005,45.0764799999997,1.3751847743988,0.01045504,1.3751847743988,0.01045504,0.323595068267872,0.797241831144917,0.797241831144917,0.963267571028604,0.000157878459873201,0.000157878459873201,0.680686562548313,34332.275390625,9155.2734375,5074856.47491556,-700373.928327242,34184.0907021712,2400.22295020834,24747.8485107422,24125.1260328837,24125.1260328164
6909.6448,6980.33152,70.6867199999997,43.5712000000003,1.57536327838898,0.00695296,1.57536327838898,0.00695296,0.300025852499612,0.913292183103434,0.913292183103434,0.893107474505294,9.83630305664208e-05,9.83630305664208e-05,0.616398667246132,34332.275390625,9155.2734375,4227653.90453038,-652984.025812965,34621.0474231714,3121.58089567972,31518.9361572266,25033.3511411022,25033.351141056
7023.90272,7094.81472,70.9120000000003,44.0627199999999,1.3576557636261,0.00631808,1.3576557636261,0.00631808,0.305409875220627,0.787079661735573,0.787079661735573,0.909134463163049,8.90974729241874e-05,8.90974729241874e-05,0.621371841155231,34332.275390625,9155.2734375,3727677.64035476,-609055.114408948,34095.4929855044,3591.3354096914,31900.4058837891,24444.645480733,24444.6454807
7138.87744,7213.18912,74.3116799999998,46.5203199999996,1.39090156555176,0.01728512,1.39090156555176,0.01728512,0.321382382497915,0.806353394617528,0.806353394617528,0.956680917967154,0.000232603003996142,0.000232603003996142,0.626016260162598,33950.8056640625,9155.2734375,4044262.12842737,-621089.593743794,34158.291212836,2962.21797413107,24747.8485107422,23820.8825372665,23820.8825371701
7259.70944,7335.7824,76.0729600000004,46.2643200000002,1.54980516433716,0.02313216,1.47993004322052,0.01079296,0.332612541019017,0.898475266841261,0.857966259944457,0.990110498889979,0.000304078610849372,0.000141876430205949,0.608157221698748,34332.275390625,9155.2734375,4454666.80971446,-652619.175419107,34371.0477234887,2326.2970116284,24747.8485107422,23938.1182789734,23867.0913226435
7382.04672,7457.51552,75.4687999999996,47.5852800000002,1.52361226081848,0.00816128,1.52361226081848,0.00816128,0.299665512319136,0.883290341329443,0.883290341329443,0.892034825245681,0.000108141112618725,0.000108141112618725,0.630529172320223,33950.8056640625,9155.2734375,4610906.78437722,-664619.718936918,34924.211173222,2919.93116273314,18930.4351806641,24002.9565216281,23896.4496625809
7505.1008,7582.24896,77.1481599999997,49.3055999999997,1.3634192943573,0.00992256,1.3634192943573,0.00992256,0.30179847559004,0.790420978393192,0.790420978393192,0.898384162891817,0.000128616936554288,0.000128616936554288,0.639102734271302,33950.8056640625,9155.2734375,3116553.60567533,-539377.795177108,32867.0882224772,3569.33562712605,18692.0166015625,23062.7804205685,23062.7804205194
7631.55456,7709.09184,77.5372800000005,48.2611200000001,1.27425110340118,0.0060928,1.27425110340118,0.0060928,0.299818986458792,0.738727116476482,0.738727116476482,0.8924916822136,7.85789751716847e-05,7.85789751716847e-05,0.622424722662438,33950.8056640625,9155.2734375,3470685.46531816,-580193.433121638,33697.2826186593,3431.4660354215,18930.4351806641,24120.7562697898,24120.7562697253
7757.35296,7836.43648,79.0835200000001,48.6707200000001,1.12534070014954,0.01275904,1.12534070014954,0.01275904,0.251424784293171,0.652398642823353,0.652398642823353,0.748433350850666,0.000161336268289525,0.000161336268289525,0.615434416677457,33569.3359375,9155.2734375,3998358.84583259,-620549.542927139,34118.4905762247,2155.7109002444,18930.4351806641,24086.2848296234,24068.6937583774
7885.1072,7962.43968,77.33248,51.9782399999995,1.07330179214478,0.0066048,1.07330179214478,0.0066048,0.258466047172073,0.622229901079805,0.622229901079805,0.769393559628379,8.54078389830508e-05,8.54078389830508e-05,0.672139830508467,33950.8056640625,9155.2734375,4075260.13461577,-623776.727337117,34319.6774083808,2767.29256326116,18930.4351806641,23872.0876707841,23866.8723185807
8014.41792,8097.536,83.1180800000002,47.90272,1.4972368478775,0.01256448,1.4972368478775,0.01256448,0.289865715634827,0.867999608838995,0.867999608838995,0.862863100227754,0.000151164223235185,0.000151164223235185,0.576321300973265,33950.8056640625,9155.2734375,3801398.48430353,-606419.331108445,34186.4399143032,2234.12255895256,18978.1188964844,24227.616019805,24142.0110398447
8145.43872,8229.35552,83.9167999999991,50.135040000001,1.27242028713226,0.02481152,1.22984886169434,0.00740352,0.263259294550453,0.737665729423704,0.712985612393308,0.783661946919404,0.000295668090298966,8.82245271507026e-05,0.597437461867011,33950.8056640625,9155.2734375,3366312.46345885,-564113.870668788,34007.5344049461,3201.79701233935,24747.8485107422,23633.0739493669,23632.9597867883
8279.49056,8363.44832,83.9577599999993,50.40128,1.48567628860474,0.00766976,1.48567628860474,0.00766976,0.29090923747167,0.86129755569293,0.86129755569293,0.865969423048036,9.13526039760954e-05,9.13526039760954e-05,0.600317111842913,34332.275390625,8773.8037109375,3878001.61436899,-606210.654351919,34088.223951742,2317.08503573365,18930.4351806641,23821.1178788678,23560.4218579008
8413.8496,8497.17248,83.3228799999997,61.4297600000009,1.03789710998535,0.02456576,1.02518713474274,0.0116736,0.246950282555351,0.601704591200467,0.594336182151102,0.73511379550755,0.00029482610298636,0.000140100774241121,0.737249600589911,33950.8056640625,9155.2734375,3655790.01490967,-598066.952960531,34348.0226876852,2104.44001434695,18978.1188964844,24468.612942631,24451.5990936706
8558.60224,8629.67808,71.0758399999995,184.84224,0.650335311889648,0.01572864,0.650335311889648,0.01572864,0.148494950990228,0.37702170978134,0.37702170978134,0.442035076480088,0.000221293761705808,0.000221293761705808,2.60063391442157,33569.3359375,9155.2734375,6686624.18266871,-779008.979468621,33312.9715935791,1381.07815133907,21028.5186767578,23788.9116710347,21589.3964909875
8814.52032,8874.86464,60.3443200000002,0,0.292345643043518,0.01344512,0.292345643043518,0.01344512,0.0799814086161843,0.16948280705707,0.16948280705707,0.238086129116719,0.000222806719837094,0.000222806719837094,0,27847.2900390625,9155.2734375,5349830.56461387,-573110.725692022,26185.8759162429,2088.74510015274,15306.4727783203,15594.8989246874,15102.9062989851
