note.starts,note.ends,note.durs,INI,pk.amps,pk.times,qpk.amps,qpk.times,note.rmss,rel.pk.amps,rel.qpk.amps,rel.note.rmss,rel.pk.tm,rel.qpk.tm,rel.INI,max.Hz,min.Hz,FMa,FMb,FMc,FM.resid,note.DF,arcL,chordL
991.3344,1008.61952,17.28512,53.58592,0.0607649907469749,0.00728064,0.0335461422801018,0.00190464,0.0138310329931964,0.0718161548336813,0.0396470882072902,0.0655225421499578,0.000421208530805687,0.000110189573459716,3.10011848341232,38528.4423828125,11444.091796875,-51393565.8377304,-398458.623849264,38151.0598318917,3422.61172678464,35095.21484375,22242.5369525431,22242.5369525416
1062.20544,1080.90368,18.6982399999999,38.28736,0.0501135960221291,0.00673792,0.0349171496927738,0.00438272,0.0124787746146535,0.0592276198343195,0.0412674370202534,0.0591164113389554,0.000360350492880614,0.000234392113910187,2.04764512595839,28228.759765625,9155.2734375,-932960.524895168,-631479.749909967,26857.712689568,7047.51138910089,27084.3505859375,12133.7454766179,12133.7454766179
1119.19104,1143.77728,24.5862400000001,31.9897599999999,0.0538134835660458,0.00466944,0.0538134835660458,0.00466944,0.0150616985380463,0.0636003958926185,0.0636003958926185,0.0713526442887205,0.000189920866305705,0.000189920866305705,1.30112453144522,41198.73046875,8773.8037109375,2651572.01812283,-1517749.95539738,42173.9162359022,4435.67819576113,40817.2607421875,35712.9339319119,35712.9339319119
1175.76704,1192.43776,16.6707200000001,34.7136,0.0525269024074078,0.00754688,0.0446980223059654,0.0006656,0.0163342047444061,0.0620798277075662,0.0528271304121668,0.0773809605817484,0.000452702702702701,3.99262899262898e-05,2.08230958230958,37384.033203125,9155.2734375,-38597164.0928624,-1024012.89579037,35782.6987465659,5592.90666636556,36430.3588867188,27797.6822722144,27797.6822722141
1227.15136,1250.75456,23.6032,30.99648,0.0721961259841919,0.01124352,0.0539449788630009,0.00186368,0.0194375155782146,0.0853262396379251,0.0637558058826463,0.0920824521487675,0.000476355748373102,7.89587852494576e-05,1.31323210412147,39291.3818359375,8773.8037109375,35796222.2446588,-2093961.17514176,42489.9911521969,6408.33824883471,38719.1772460938,29481.713439771,29481.713439769
1281.75104,1305.41568,23.66464,30.9145599999999,0.0657688230276108,0.00512,0.0657688230276108,0.00512,0.0182694172594457,0.0777300205219733,0.0777300205219733,0.086548753301799,0.000216356555603635,0.000216356555603635,1.30636088273475,41198.73046875,8773.8037109375,62181000.5978323,-2793045.22295476,42312.1631593632,6837.8414165631,41103.3630371094,31454.8742718836,31274.1050689971
1336.33024,1360.32256,23.9923200000001,33.69984,0.0882116258144379,0.00530432,0.0882116258144379,0.00530432,0.0238637244365257,0.104254434992007,0.104254434992007,0.113050984045544,0.000221084080239009,0.000221084080239009,1.40460947503201,40435.791015625,8773.8037109375,81822274.8061499,-3083860.41102737,42177.9317067082,6895.00524796629,40340.4235839844,31225.464870471,26889.4936656789
1394.0224,1418.92608,24.9036799999999,32.93184,0.0817788541316986,0.0029184,0.0817788541316986,0.0029184,0.0236535263534436,0.0966517525675009,0.0966517525675009,0.112055200667299,0.0001171875,0.0001171875,1.32236842105264,40435.791015625,9155.2734375,68538375.1474563,-2622206.05412542,43839.541348544,6906.67193927627,40149.6887207031,27365.8797821639,22795.5409458843
1451.85792,1475.14368,23.28576,33.9251200000001,0.116232484579086,0.00227328,0.116232484579086,0.00227328,0.0331845114631706,0.137371371354166,0.137371371354166,0.157206880508559,9.76253298153035e-05,9.76253298153035e-05,1.45690413368514,39291.3818359375,9155.2734375,56012412.9167824,-2602055.89445313,43183.0422920093,7122.550122496,39291.3818359375,30219.8075198739,30219.4277993883
1509.0688,1535.04768,25.9788799999999,31.8566400000002,0.10847757011652,0.0032256,0.10847757011652,0.0032256,0.0267921094983999,0.128206091627807,0.128206091627807,0.126923789767455,0.000124162396531337,0.000124162396531337,1.22625147812378,40435.791015625,11825.5615234375,108960712.658302,-3303258.23250074,44277.488411247,6754.33233796287,40245.0561523438,37793.74296461,12277.1238848292
1566.90432,1591.07072,24.1663999999998,32.24576,0.0885302349925041,0.01016832,0.0744571387767792,0.0056832,0.019987394817376,0.104630988757295,0.0879984566957622,0.0946874264585723,0.00042076271186441,0.000235169491525425,1.33432203389831,43487.548828125,9155.2734375,56157676.5072816,-1813563.81109229,30541.097311149,7491.14258131958,20027.1606445312,18253.3550796051,11030.3892747557
1623.31648,1651.02592,27.7094400000001,34.1299199999999,0.0942268818616867,0.01268736,0.0515087656676769,0.00616448,0.0234402492900118,0.111363669344601,0.0608765251999293,0.111044831059677,0.000457871396895786,0.000222468588322246,1.23170731707316,43487.548828125,11062.6220703125,96462771.2671914,-2947995.35056205,38449.6605914572,5030.48646383829,17929.0771484375,37424.9018203592,7621.92421071389
1685.15584,1710.2848,25.12896,37.24288,0.109116867184639,0.00559104,0.109116867184639,0.00559104,0.0240071148691026,0.128961655920081,0.128961655920081,0.113730275727303,0.000222493887530562,0.000222493887530562,1.48207008964955,27465.8203125,8773.8037109375,-24056096.9792328,288352.715290743,21197.3314161424,6887.02034868511,17929.0771484375,9672.76629393563,7944.57054623925
1747.52768,1773.34272,25.8150400000002,39.24992,0.0619295127689838,0.00789504,0.0602536126971245,0.00524288,0.0212578449570473,0.0731924653179215,0.0712117738446422,0.100706002429505,0.000305831019436729,0.000203094010313366,1.52042840142799,39672.8515625,8773.8037109375,50262318.2941486,-2113890.31491225,41216.0700017756,6919.63609935611,37670.1354980469,23377.5742956745,21074.5353405694
1812.59264,1841.74592,29.15328,38.1644799999999,0.0773918181657791,0.01532928,0.0580182261765003,0.00467968,0.0204474383399653,0.0914668582670753,0.0685698436393577,0.0968668168999442,0.00052581664910432,0.000160519845451352,1.30909729539866,43106.0791015625,8773.8037109375,42572131.9041753,-2124012.66560539,44545.7126783288,7943.69688792612,27275.0854492188,27246.4169119331,25739.296340652
1879.9104,1906.88256,26.97216,35.25632,0.0767201334238052,0.0153088,0.0695085898041725,0.00384,0.0253180212087295,0.0906730160425306,0.0821499285408153,0.119940507163748,0.000567577828397873,0.000142369020501139,1.30713743356112,41198.73046875,8773.8037109375,59221352.9941364,-2447111.54360596,43510.5964061838,7562.26101207113,40626.5258789062,27638.58634368,22920.5028720813
1942.13888,1968.96768,26.8288,35.09248,0.0976716130971909,0.01444864,0.0746903866529465,0.00355328,0.0253137168506178,0.115434884508601,0.0882741247306544,0.119920115882349,0.000538549618320611,0.000132442748091603,1.30801526717557,42343.1396484375,8773.8037109375,50246920.9843279,-2104508.19507983,42725.6863646289,7114.6567370251,42057.0373535156,23777.4311715199,20294.4740926006
2004.06016,2032.1792,28.11904,33.6179200000001,0.0936490148305893,0.01512448,0.056266512721777,0.00693248,0.0232898195890782,0.110680707203599,0.0664995508088611,0.110332191850092,0.000537873270211216,0.000246540422432629,1.19555717407138,43106.0791015625,8773.8037109375,38679142.0775676,-1577210.68779504,36553.2434033782,7487.14905332326,23937.2253417969,18389.9702944769,13766.8104820505
2065.79712,2093.86496,28.0678399999997,33.4028800000001,0.0973888486623764,0.01613824,0.0541670918464661,0.00627712,0.0241639231094428,0.115100694472818,0.0640183139520959,0.114473132355742,0.000574972637723465,0.000223641006931779,1.19007661437433,43869.0185546875,9155.2734375,64789130.2061039,-2211094.08716961,36965.6227322906,6359.08260887216,23841.8579101562,26710.0860942837,11019.52230807
2127.26784,2156.96384,29.6959999999999,36.5465600000002,0.118829064071178,0.0175616,0.0934449732303619,0.00703488,0.0275699080588566,0.140440183717168,0.110439557110851,0.130608499288918,0.000591379310344829,0.000236896551724139,1.23068965517243,43869.0185546875,8773.8037109375,51417556.4538427,-2364410.96252031,42867.2458814538,7566.32499969395,23937.2253417969,29492.2854164777,24870.8515593835
2193.5104,2219.55072,26.0403200000001,35.5635199999997,0.117352105677128,0.01345536,0.113552935421467,0.0026112,0.0338900961886842,0.138694614905157,0.134204499857561,0.160549487307384,0.000516712544239086,0.000100275265434526,1.36570979158473,34332.275390625,8773.8037109375,13710204.5875332,-280163.325768282,22552.2920682833,6006.93380277128,22697.4487304688,4863.8452998428,2001.32329813046
2255.11424,2281.92256,26.8083200000001,36.8844800000002,0.131954595446587,0.00316416,0.131954595446587,0.00316416,0.0368700397801548,0.15595281989045,0.15595281989045,0.174666544194796,0.000118029029793735,0.000118029029793735,1.37585943468297,34332.275390625,8773.8037109375,-6367887.41872429,-36418.4934236162,23098.6273672404,7060.82261917807,23841.8579101562,5552.83029826521,5552.83029823808
2318.80704,2346.84416,28.03712,36.3212800000001,0.154515415430069,0.00420864,0.154515415430069,0.00420864,0.0368954855230572,0.18261671502466,0.18261671502466,0.17478708976523,0.000150109569028488,0.000150109569028488,1.2954711468225,27465.8203125,8773.8037109375,19731377.5833297,-652884.700315054,25384.6994030617,5044.67708895617,23841.8579101562,8006.97626156675,2794.5634667427
2383.16544,2411.30496,28.1395199999997,38.46144,0.155494585633278,0.00421888,0.155494585633278,0.00421888,0.0402540291046639,0.183773964257446,0.183773964257446,0.19069770999848,0.000149927219796217,0.000149927219796217,1.36681222707425,29373.1689453125,9155.2734375,8321971.00615414,-301042.232738166,24324.7262102813,5576.79721229338,23841.8579101562,3563.43373412381,1881.57610818208
2449.7664,2477.53728,27.77088,39.4444800000001,0.15699191391468,0.00398336,0.15699191391468,0.00398336,0.0404309325690291,0.185543607572983,0.185543607572983,0.191535764878838,0.000143436578171091,0.000143436578171091,1.42035398230089,28610.2294921875,8773.8037109375,14465497.6246333,-648118.968619711,25726.9667071316,4729.6732382695,23841.8579101562,7676.58587110732,6842.72733489495
2516.98176,2546.96448,29.98272,33.2902399999998,0.179251968860626,0.00569344,0.179251968860626,0.00569344,0.0443268088103247,0.211852038347884,0.211852038347884,0.20999192179473,0.000189890710382514,0.000189890710382514,1.11031420765027,28610.2294921875,13732.91015625,23006880.2957331,-917649.854717115,27689.7264563519,3383.76425789799,23841.8579101562,11469.3486146837,6831.29304960295
2580.25472,2614.75328,34.49856,33.03424,0.179449960589409,0.01079296,0.0655905306339264,0.00861184,0.0392904578734034,0.212086038295473,0.0775193025741368,0.186132928998694,0.000312852478480261,0.000249628970020778,0.957554170376965,44250.48828125,8773.8037109375,36324967.8934027,-1845037.76681199,41759.9732848419,7014.53144435465,22697.4487304688,26438.1222137614,20418.9622390225
2647.78752,2683.17696,35.3894399999999,32.2457600000002,0.159870117902756,0.01128448,0.0848178416490555,0.0074752,0.0404880696414222,0.188945262715353,0.100243432503616,0.191806443593584,0.000318865740740741,0.000211226851851852,0.91116898148149,43106.0791015625,10299.6826171875,37640818.937283,-1697597.84259279,37671.0750786542,6909.27116785208,23841.8579101562,25345.5517976601,12935.2062207035
2715.42272,2751.2832,35.8604799999998,38.6048000000001,0.198652923107147,0.01700864,0.0975596606731415,0.00893952,0.0457620353754901,0.234781391532368,0.115302571600779,0.216791102532499,0.000474300399771561,0.000249286122215878,1.07652769845803,43487.548828125,8773.8037109375,36801759.3906525,-1912188.19875292,43582.446469462,5828.01459303607,23937.2253417969,28431.9604578305,21245.8799764065
2789.888,2820.93568,31.0476800000001,39.9974400000001,0.238862454891205,0.00493568,0.238862454891205,0.00493568,0.0509212999659601,0.282303721823145,0.282303721823145,0.241232381196077,0.000158970976253297,0.000158970976253297,1.28825857519789,28991.69921875,8773.8037109375,-1566261.7313046,-283047.803228804,25382.4087289663,4695.32185878913,23841.8579101562,10297.7888241733,10297.7888241729
2860.93312,2891.27424,30.34112,33.39264,0.21063332259655,0.00431104,0.21063332259655,0.00431104,0.050116274023766,0.248940633788867,0.248940633788867,0.237418685844821,0.000142085723928451,0.000142085723928451,1.10057374282821,28228.759765625,8773.8037109375,-9277737.86312633,-72970.6209446285,23696.7526949369,4876.82209550229,23555.7556152344,10754.9433438799,10754.9433438643
2924.66688,2962.688,38.0211199999999,33.9660799999997,0.253503620624542,0.01140736,0.107934467494488,0.00887808,0.0491024787093121,0.299607636664986,0.127564216404673,0.232615975428657,0.000300026932399678,0.000233503905197954,0.893347697279822,43106.0791015625,8773.8037109375,31126336.5665656,-1800244.24514615,43010.5578514837,6481.29924115433,23651.123046875,28609.1858039614,23450.8970825323
2996.65408,3035.29984,38.6457600000003,35.5225599999999,0.252092242240906,0.012544,0.105595923960209,0.007936,0.0503754864956454,0.297939574722046,0.124800368299398,0.238646667885126,0.000324589295177528,0.000205352411234762,0.919183889772114,43106.0791015625,8773.8037109375,31955519.5024846,-1789806.08443729,43372.3388179656,5471.77701407406,23841.8579101562,28679.8768846782,21443.015264682
3070.8224,3111.95648,41.1340799999998,32.4096,0.252430438995361,0.01375232,0.133708983659744,0.00982016,0.0548993791747415,0.298339278403124,0.158026273930444,0.260077962922436,0.000334329101319394,0.000238735374657706,0.787901418969383,43106.0791015625,8773.8037109375,17366984.9321701,-1339853.4117433,41672.6989542099,5360.58677330235,23555.7556152344,25956.009536583,25728.4811840801
3144.36608,3185.9712,41.6051200000002,30.8326400000001,0.257983386516571,0.012288,0.126096770167351,0.0095744,0.0564099512597726,0.304902125431721,0.149029647812732,0.267234082292601,0.000295348264828943,0.000230125523012551,0.741078021166625,42724.609375,8773.8037109375,26322790.3813737,-1586074.35275906,42239.0387020009,6325.54798509815,23841.8579101562,27359.8826505708,20424.4318755413
3216.80384,3257.69216,40.88832,33.4847999999997,0.295239388942719,0.01383424,0.137022122740746,0.00997376,0.0574040963612404,0.348933775989545,0.161941964631648,0.271943702633044,0.000338342098672677,0.000243926872026045,0.818933132982713,43106.0791015625,13351.4404296875,34665741.9960422,-1835345.24668193,43615.3641359054,4982.36503964294,22506.7138671875,31497.179419081,17088.0996411562
3291.17696,3332.39296,41.2160000000003,37.56032,0.319098740816116,0.01522688,0.167987197637558,0.009728,0.0637255504311525,0.377132363487174,0.198538573729902,0.301890687861738,0.000369440993788817,0.000236024844720495,0.91130434782608,43106.0791015625,9536.7431640625,31141832.4474649,-1855176.21620135,44677.5380302878,4618.08753033632,23841.8579101562,31697.6426069467,23560.4854931581
3369.95328,3411.3536,41.4003199999997,35.4406400000003,0.2654949426651,0.01293312,0.133505031466484,0.0102912,0.0601568701950703,0.313779787927399,0.157785229504866,0.284984575259488,0.000312391788276035,0.000248577788770716,0.856047489488016,43106.0791015625,9536.7431640625,44057248.2182358,-2279995.11973398,46300.4418235411,4186.19696100988,23841.8579101562,40116.7254605602,18878.9990539831
3446.79424,3489.52576,42.7315199999998,33.6486399999999,0.296716928482056,0.01323008,0.153578519821167,0.00898048,0.0626050021144857,0.35068003163816,0.181509428752009,0.296582250354144,0.000309609393721545,0.000210160555954949,0.787443086508508,43106.0791015625,9155.2734375,23150963.9927596,-1361083.17286275,39019.7777219908,6999.12559326749,23841.8579101562,24122.2834719032,15887.8907337401
3523.1744,3565.89568,42.7212800000002,36.2700799999998,0.293187230825424,0.01540096,0.163177788257599,0.00887808,0.0692018356721512,0.346508397440431,0.192854490108003,0.327833806550345,0.000360498561840842,0.000207813998082453,0.848993288590595,41961.669921875,9536.7431640625,28865005.2134147,-1662028.89353132,42910.5357963498,5261.1729051356,23555.7556152344,29527.0637411384,18322.2565815871
3602.16576,3644.20096,42.0352000000003,36.9561599999997,0.321900099515915,0.02130944,0.151910051703453,0.00809984,0.0692529761809253,0.380443197697076,0.179537520862222,0.328076077401942,0.000506942752740557,0.000192691839220462,0.879171741778307,42724.609375,9536.7431640625,33348892.8387444,-1871010.28608877,44114.1033828304,5717.14799361759,23841.8579101562,32763.4998830503,19722.1972833403
3681.15712,3726.49984,45.3427200000001,34.84672,0.30364727973938,0.0218624,0.156292527914047,0.00822272,0.0701814735386837,0.358870787085161,0.184717026136986,0.332474700938577,0.000482158988256548,0.000181345980126468,0.768518518518517,41961.669921875,9536.7431640625,31016161.8562994,-1818205.91823053,43700.8183895391,4772.39857704113,23555.7556152344,34618.4111309569,18674.3437192199
3761.34656,3806.1056,44.7590399999999,36.3212800000001,0.312323272228241,0.02180096,0.16806997358799,0.00846848,0.0744950757357397,0.369124658800709,0.19863640391797,0.352909774870783,0.000487073896133609,0.000189201555708076,0.811484786090144,42343.1396484375,9536.7431640625,30699826.3466298,-1835902.69123553,43980.6610460908,4655.44744127879,22506.7138671875,34225.0032914677,20670.0798705548
3842.42688,3888.35328,45.9263999999998,36.0140800000004,0.375022917985916,0.01636352,0.297003358602524,0.01024,0.0832822547154848,0.443227319105554,0.351018554027906,0.394537779471943,0.000356298773690079,0.000222965440356746,0.784169453734682,41961.669921875,9536.7431640625,24447193.1947853,-1566430.17089817,42906.8430163048,5538.46296865993,29087.0666503906,29808.1029487286,20375.6422057168
3924.36736,3971.86048,47.4931199999996,39.8643200000001,0.337889909744263,0.02349056,0.293618232011795,0.01036288,0.0837390037311594,0.399341031351027,0.347017783643793,0.396701562657639,0.000494609745579995,0.000218197498921951,0.839370418283752,41961.669921875,9918.212890625,35518413.2310819,-2009855.7657517,45528.3847336749,3873.80696231434,22506.7138671875,41526.0464635749,15339.1143666278
4011.7248,4061.11232,49.3875200000002,38.3487999999998,0.393935263156891,0.0175616,0.298154681921005,0.01143808,0.0879221408675443,0.465579201206916,0.3523792653962,0.416518577010266,0.000355587808417996,0.000231598590089155,0.776487663280108,41580.2001953125,9918.212890625,27860859.9233222,-1717320.52140041,43396.8146320297,4561.08587241314,25510.7879638672,36069.0992972824,16858.0222442728
4099.46112,4147.7632,48.3020800000004,39.0963199999997,0.41753962635994,0.02084864,0.335200935602188,0.01060864,0.0923825170363722,0.49347642593619,0.396163020773602,0.437648971657612,0.000431630273478903,0.000219631121475512,0.809412762348937,41580.2001953125,9536.7431640625,32510868.6393394,-1906098.52276039,44065.1171185775,5470.80838642772,29087.0666503906,39659.1662144086,16217.7105098279
4186.85952,4236.4928,49.63328,33.9251199999999,0.391574382781982,0.02359296,0.313473284244537,0.00997376,0.0860764008897528,0.462788953920379,0.370483820383845,0.407774647648505,0.000475345574582216,0.000200949040643697,0.683515576645345,41961.669921875,10681.15234375,32961074.7517695,-1936480.31556174,44889.4886835384,4193.66267729739,29087.0666503906,41969.1200117861,14915.4986480986
4270.41792,4317.94176,47.5238399999998,37.6012799999999,0.423273026943207,0.02157568,0.325063347816467,0.0109056,0.0977143561420014,0.500252544535894,0.38418173738806,0.462907797423354,0.00045399698340875,0.000229476405946995,0.791208791208791,41580.2001953125,9918.212890625,31242829.0653638,-1892218.32537657,44186.6247642743,5331.98899418421,28944.0155029297,37937.9159836412,19363.0713456038
4355.54304,4406.24128,50.6982400000006,36.4953599999999,0.506709814071655,0.0244736,0.338958024978638,0.01015808,0.103008329026663,0.598863753878337,0.400603401806599,0.487987237378893,0.000482730761462325,0.00020036356291658,0.719854574833356,41961.669921875,9536.7431640625,23964970.167046,-1688455.92890034,44066.6957375703,4146.40825971449,15783.3099365234,35475.9103483919,24004.3045583776
4442.73664,4493.5168,50.7801600000003,38.4819199999993,0.514262676239014,0.02523136,0.397352814674377,0.01077248,0.10978761485664,0.607790234606477,0.469618293551288,0.520103135140094,0.000496874369832625,0.000212139544262955,0.757814075418413,41961.669921875,9536.7431640625,24143044.8450674,-1648308.3808841,43788.2156801492,5043.13300490084,16450.8819580078,34821.6356169512,21445.5127561884
4531.99872,4584.07936,52.0806400000001,37.8470400000006,0.525237917900085,0.02491392,0.419817358255386,0.01068032,0.109979047267633,0.620761513706159,0.496168402754785,0.521010018828707,0.000478372001572944,0.000205072748721981,0.726700747149046,41961.669921875,9155.2734375,24537152.0018035,-1697975.35298945,44173.1642347595,5420.60177423564,16450.8819580078,36872.8687949092,21877.2422171819
4621.9264,4673.80224,51.8758399999997,39.7721600000004,0.556001365184784,0.02491392,0.440036833286285,0.0111104,0.11644302347638,0.65711982572525,0.520065138879066,0.551632182321649,0.000480260560600082,0.000214172917489145,0.766679826292946,41961.669921875,9536.7431640625,32103971.3157682,-1997901.96713194,46060.1102184336,5334.76259590009,16450.8819580078,44919.1994408066,17247.7564636635
4713.5744,4769.06496,55.4905599999993,36.4646400000001,0.640597403049469,0.01304576,0.640597403049469,0.01304576,0.135039745402513,0.757101115591712,0.757101115591712,0.639731494705294,0.000235098726702347,0.000235098726702347,0.657132312234741,41580.2001953125,9536.7431640625,16327586.9333988,-1338295.75015448,41783.9733121091,4387.63525162482,29039.3829345703,30860.0755902735,23986.8382138375
4805.5296,4858.9824,53.4528,39.71072,0.532744824886322,0.02581504,0.379655480384827,0.00955392,0.121462729174013,0.629633681509006,0.448702393065529,0.575412320675402,0.000482950191570881,0.000178735632183908,0.742911877394636,41580.2001953125,9155.2734375,25731253.9967695,-1701651.16849378,43019.9617157588,5962.29636240144,15783.3099365234,38827.902765722,17438.6336271612
4898.69312,4953.61024,54.9171200000001,37.4681600000004,0.54992264509201,0.02697216,0.364660978317261,0.00948224,0.122674594820885,0.649935585293271,0.430980881568518,0.581153360984274,0.000491143016968114,0.000172664553421592,0.682267387656168,41961.669921875,9536.7431640625,22229445.4380301,-1580489.02173683,42905.3207208512,5540.20320840683,15926.3610839844,36431.1347740903,19754.3415274494
4991.0784,5046.60992,55.5315199999995,40.5913600000003,0.563217341899872,0.02716672,0.414782077074051,0.0098816,0.123348525522939,0.66564815255747,0.490217368639506,0.584346011370776,0.000489212612944868,0.000177945786465058,0.730960722847145,41580.2001953125,9536.7431640625,21940135.3077466,-1594088.12852542,43096.4012226645,5162.59432848876,15783.3099365234,37046.0240472977,20864.2508214034
5087.20128,5146.01984,58.8185599999997,40.1612800000003,0.6397465467453,0.02957312,0.556219756603241,0.01235968,0.139134788365634,0.756095516358828,0.657377935398755,0.659131175502016,0.000502785515320337,0.000210132311977717,0.682799442896944,41580.2001953125,9536.7431640625,21000551.6182252,-1563910.79525563,43878.0289096227,4135.13539157176,15783.3099365234,38899.22820385,19332.9895444357
5186.18112,5243.61728,57.4361600000002,42.4959999999992,0.629063308238983,0.03054592,0.40935280919075,0.01057792,0.136650919351725,0.743469346235811,0.483800694529174,0.64736420102955,0.00053182385451952,0.000184168300944909,0.739882331966466,41580.2001953125,9536.7431640625,25382017.6432902,-1705041.53580091,44017.5102947572,4328.35766672713,15783.3099365234,43070.2520790648,14197.9837990542
5286.11328,5345.41312,59.2998400000006,43.5097599999999,0.608319938182831,0.02870272,0.534450709819794,0.01176576,0.146520470660381,0.718953435718716,0.631649811109367,0.694119789852209,0.000484026938352611,0.000198411327922637,0.733724745294414,41580.2001953125,9536.7431640625,24113886.6164152,-1687774.2499576,44595.8313072974,3390.74896582861,17404.5562744141,43776.2456237597,15288.9594154573
5388.92288,5449.03168,60.1088,44.5337600000003,0.678701281547546,0.03011584,0.558054029941559,0.01486848,0.165638340467052,0.802134843143426,0.659545803054993,0.784687965840308,0.000501022146507666,0.000247359454855196,0.740885860306648,42343.1396484375,9536.7431640625,13644760.1707534,-1298444.02579316,43780.5323993355,3133.68621675185,15783.3099365234,33031.9103767039,28748.4681351274
5493.56544,5554.24768,60.6822400000001,41.51296,0.679070651531219,0.01470464,0.679070651531219,0.01470464,0.162608071029044,0.802571389444385,0.802571389444385,0.770332497447221,0.000242321970975362,0.000242321970975362,0.684103948700641,42343.1396484375,9155.2734375,19557474.2286846,-1504983.84946111,44383.000561428,4677.42460213216,15783.3099365234,38597.022598129,19308.633925716
5595.76064,5656.94464,61.1839999999993,41.0931200000005,0.704234898090363,0.03120128,0.592489063739777,0.0129024,0.160385201368824,0.832312189285687,0.700243443070333,0.759801970112256,0.000509958158995822,0.000210878661087869,0.671631799163195,42343.1396484375,9155.2734375,16171582.900367,-1346236.91127154,42762.7066555512,4502.51655945923,15926.3610839844,34205.0078765015,21830.1320090004
5698.03776,5759.76448,61.7267199999997,41.58464,0.776445090770721,0.03064832,0.614073693752289,0.01324032,0.160622882127349,0.917655053891665,0.725753611210751,0.760927948737739,0.000496516257465165,0.000214499004644991,0.673689449236899,41961.669921875,9536.7431640625,17543772.7824612,-1406096.70041482,43062.1906202667,3214.01884337813,15735.6262207031,36399.2002091397,19948.6654564578
5801.34912,5865.65632,64.3072000000002,40.4992000000002,0.740315139293671,0.03510272,0.448903769254684,0.01127424,0.163962342129383,0.874954246115463,0.530544680446981,0.776748163240085,0.000545859872611463,0.000175318471337579,0.629777070063696,42343.1396484375,9155.2734375,13106044.9120839,-1185940.23985851,41310.4441370899,3160.89806500385,16403.1982421875,31591.1520470684,22065.5487356386
5906.15552,5970.61632,64.4607999999998,45.0252799999998,0.705619275569916,0.03267584,0.542466580867767,0.01220608,0.180514572801067,0.833948339743339,0.641123506887668,0.855161990493246,0.000506910246227166,0.000189356632247816,0.698490865766481,42343.1396484375,9155.2734375,15138822.3634419,-1296105.79024396,42169.596814462,3571.09620261268,17404.5562744141,34839.7403491397,20643.2611203569
6015.6416,6083.50208,67.8604800000003,43.2947199999999,0.775627136230469,0.03462144,0.512972414493561,0.01363968,0.173836085524666,0.916688340177279,0.606265316456267,0.823523611474033,0.000510185604345856,0.000200995925758261,0.637996076656099,42343.1396484375,9536.7431640625,15807173.7944558,-1330166.14183012,42889.0301477254,3580.92328805239,15783.3099365234,38493.4559937937,17472.9702358852
6126.7968,6197.63712,70.8403200000002,47.1961599999995,0.799144268035889,0.03510272,0.495762437582016,0.01251328,0.17211254205407,0.944482468971188,0.585925407713253,0.815358570601457,0.0004955189361087,0.000176640647586007,0.666233015322338,42343.1396484375,9536.7431640625,12748495.2564785,-1155943.30991897,41291.1905952292,3379.71721535796,16450.8819580078,34495.4452396265,17910.9708520154
6244.83328,6316.4416,71.6083200000003,48.9983999999995,0.846118688583374,0.03699712,0.561460435390472,0.01456128,0.196816104790056,1,0.663571722225525,0.932388168565613,0.000516659516659515,0.000203346203346203,0.684255684255675,43106.0791015625,9536.7431640625,11772706.309907,-1160939.54025582,43473.207860961,2915.18982296148,17404.5562744141,34476.3387220625,22765.4177395095
6365.44,6435.49184,70.0518400000001,45.4348800000007,0.752616822719574,0.03602432,0.537781417369843,0.01366016,0.199524928389421,0.889493203346747,0.635586265409443,0.945220833237406,0.000514252302294985,0.000195000730887297,0.648589387516454,42343.1396484375,9155.2734375,11500430.0424348,-1064226.16297145,39822.549530954,3870.49914276908,31185.1501464844,31125.2521774549,18115.3972573291
6480.92672,6554.88,73.9532799999997,46.5919999999996,0.697409093379974,0.03685376,0.590164959430695,0.01348608,0.189543659670744,0.824244993982607,0.697496660212986,0.897935999150809,0.00049833841041263,0.000182359457214069,0.63001938521185,42343.1396484375,9536.7431640625,13739846.6908306,-1216129.5470254,41902.2709937056,3531.0387119836,30565.2618408203,39028.1760278942,14792.3434322082
6601.472,6674.62656,73.1545599999999,44.4928,0.82214343547821,0.01615872,0.82214343547821,0.01615872,0.211088162018227,0.97166443262788,0.97166443262788,1,0.000220884658454647,0.000220884658454647,0.608202687569989,32806.396484375,9536.7431640625,9202793.83514248,-898484.414548636,37592.9168076103,3693.78664215026,32615.6616210938,27381.6259285281,16478.6557851955
6719.11936,6796.5952,77.4758400000001,46.6636800000006,0.71797126531601,0.04005888,0.579600691795349,0.01719296,0.195013048075188,0.848546752368847,0.685011097870623,0.923846445061897,0.000517049960348929,0.000221913825006608,0.602299762093583,42343.1396484375,9536.7431640625,10083450.3842326,-1027536.81298111,41330.8428558075,3161.73555861741,16641.6168212891,33271.3836896153,19083.308465727
6843.25888,6921.2672,78.0083199999999,47.0732799999996,0.823697209358215,0.03969024,0.670531392097473,0.01923072,0.202422803448201,0.97350078714997,0.792479118053898,0.958949102179984,0.000508794959306905,0.000246521396692045,0.603439222893144,42343.1396484375,8773.8037109375,8731761.56120226,-887329.092372658,39059.2118156833,4559.93399287663,31757.3547363281,29001.8915862225,16083.6807125515
6968.34048,7051.01824,82.6777600000005,49.6947199999995,0.797939836978912,0.04001792,0.548407137393951,0.01629184,0.189208749011519,0.943058991304015,0.648144456319869,0.896349407766324,0.000484022789199898,0.000197052266534554,0.601065147386664,41198.73046875,8773.8037109375,8212325.12753632,-933187.335265818,41119.2603878208,3163.31285608112,16450.8819580078,32002.6524052075,21017.5703619732
7100.71296,7184.71168,83.9987200000005,59.8732799999998,0.785035192966461,0.0423936,0.665492951869965,0.02059264,0.203322446878989,0.927807414679396,0.786524350365284,0.963211034361242,0.00050469340485188,0.000245154211873703,0.712788004388632,42343.1396484375,9155.2734375,8277486.79353627,-932093.84217879,41670.1348387066,4266.829957002,17404.5562744141,32589.1342623038,19890.5228250838
7244.58496,7322.56256,77.9776000000002,48.3635199999999,0.79082328081131,0.03980288,0.571359038352966,0.01574912,0.197519873847063,0.934648166364646,0.675270557266111,0.935722173894374,0.000510439921208141,0.000201969796454366,0.620223243598159,33187.8662109375,8773.8037109375,6266658.87419733,-744537.171900182,36904.200367799,3113.83029532412,15783.3099365234,24276.195852288,19952.7642535106
7370.92608,7455.17056,84.2444799999994,60.39552,0.818753659725189,0.04665344,0.490599393844604,0.02080768,0.185711298325808,0.967658167550936,0.579823375212285,0.879780734979222,0.000553786313358458,0.000246991612981648,0.716907742798109,42343.1396484375,8773.8037109375,5824227.52616464,-750989.458122182,39092.9029102602,4943.64974494745,17404.5562744141,26485.772266319,21931.40244325
7515.56608,7598.63296,83.0668800000003,0,0.700608611106873,0.04105216,0.562675893306732,0.01979392,0.173780114382597,0.828026399322152,0.665008232176978,0.82325845618757,0.00049420611439842,0.000238288954635108,0,32806.396484375,8773.8037109375,7406167.76857583,-828313.216220973,38499.0151945528,3945.56804533825,17404.5562744141,28617.6446237698,17702.0477823548
