note.starts,note.ends,note.durs,INI,pk.amps,pk.times,qpk.amps,qpk.times,note.rmss,rel.pk.amps,rel.qpk.amps,rel.note.rmss,rel.pk.tm,rel.qpk.tm,rel.INI,max.Hz,min.Hz,FMa,FMb,FMc,FM.resid,note.DF,arcL,chordL
584.448,596.74624,12.29824,40.4480000000001,0.0267134644091129,0.00183296,0.0267134644091129,0.00183296,0.00813905393891597,0.032776607424968,0.032776607424968,0.0386306791309611,0.000149042464612823,0.000149042464612823,3.28892589508744,26321.4111328125,9536.7431640625,35325278.0562553,-511962.835761638,18608.7868430398,8536.40560487327,15068.0541992188,2756.48306356031,953.409842040808
637.19424,658.49344,21.2991999999999,41.7280000000001,0.0484778322279453,0.00555008,0.0319285355508327,0.0052224,0.0132087795222676,0.0594808240299518,0.0391753409208421,0.0626932966983492,0.000260576923076924,0.000245192307692309,1.95913461538463,25939.94140625,9155.2734375,22685671.7106068,-1297508.23088844,25771.0554282363,3434.26569225866,9727.47802734375,17344.3980261419,17344.3980261399
700.22144,718.96064,18.7392,37.26336,0.0388286300003529,0.01135616,0.0352942757308483,0.00196608,0.0118582597804485,0.0476415467076875,0.0433050016374498,0.0562832771558088,0.000606010928961749,0.000104918032786885,1.98852459016394,27465.8203125,9155.2734375,9132248.21483847,-380659.101166085,18808.7014590993,8011.47642377189,9918.212890625,3926.38851094673,3926.38851092865
756.224,775.84384,19.61984,39.49568,0.0519796013832092,0.00472064,0.0519796013832092,0.00472064,0.0134702500240879,0.0637773881572086,0.0637773881572086,0.0639343233746484,0.000240605427974948,0.000240605427974948,2.01304801670147,27465.8203125,9918.212890625,165044305.163652,-2867465.71326909,24009.0314079733,3442.21697046418,10681.15234375,32182.1772871858,7272.62631489962
815.33952,834.4064,19.06688,37.62176,0.0504780039191246,0.00461824,0.0504780039191246,0.00461824,0.0135698494733523,0.0619349737912966,0.0619349737912966,0.0644070557579243,0.000242212674543502,0.000242212674543502,1.97314715359828,27465.8203125,9155.2734375,101746521.859232,-1999063.47541026,22484.2744715073,5337.64680043274,15830.9936523438,18511.9168008217,1126.3712209776
872.02816,895.11936,23.0912000000001,38.57408,0.0549061708152294,0.00765952,0.0541393049061298,0.00549888,0.0155890686108807,0.0673681997384468,0.0664272786184751,0.073990946856617,0.00033170731707317,0.000238137472283813,1.67050997782704,31280.517578125,8773.8037109375,6344540.76249919,-507796.515534766,22717.5260844984,7993.26959317004,15830.9936523438,8342.69944844428,8342.69944844234
933.69344,956.0576,22.36416,37.39648,0.0595103725790977,0.00750592,0.0552016161382198,0.00549888,0.0154806550446129,0.0730174151082128,0.0677307021536669,0.073476379718548,0.000335622710622711,0.000245879120879121,1.67216117216117,33569.3359375,11062.6220703125,138935417.465023,-2756998.50061275,27603.0155650356,4434.97605263971,10871.8872070312,35185.9630935379,7831.37879092485
993.45408,1017.68192,24.22784,36.58752,0.0681044980883598,0.00702464,0.0626415461301804,0.00551936,0.0183951923878078,0.0835621454233828,0.0768592697134982,0.0873097512338572,0.000289940828402367,0.000227810650887574,1.5101437024514,27465.8203125,8773.8037109375,25730069.2128961,-1373959.95594786,26058.1109756814,3419.65676494068,15068.0541992188,18184.8341666616,18184.8341666546
1054.26944,1078.74304,24.4736,39.56736,0.0664889961481094,0.006912,0.0466528460383415,0.00287744,0.0207214737772329,0.0815799737335215,0.0572416215447726,0.0983510627422531,0.000282426778242677,0.000117573221757322,1.61673640167364,27847.2900390625,8773.8037109375,85750529.6478135,-2257471.2401639,29772.9951098449,5390.23580618341,24032.5927734375,25827.5754420353,3887.55984271544
1118.3104,1137.46944,19.15904,40.1100799999999,0.0473001785576344,0.00323584,0.0473001785576344,0.00323584,0.0157231701097608,0.0580358788351538,0.0580358788351538,0.0746274375363808,0.000168893639764832,0.000168893639764832,2.09353287012292,27465.8203125,9155.2734375,104958059.050698,-1587137.03990734,18687.5287224265,4207.53292980249,10871.8872070312,20118.8797753348,8118.80819321752
1177.57952,1202.35008,24.7705599999999,36.9459200000001,0.0756302624940872,0.01506304,0.0641358494758606,0.00550912,0.0182270819801919,0.0927960291953123,0.0786927344182285,0.0865118428695777,0.000608102521703185,0.000222405952873089,1.49152542372882,27465.8203125,9155.2734375,73671146.0096981,-1774372.54065269,26638.6333264802,4923.25389249385,15068.0541992188,22618.9052014679,1250.9876377333
1239.296,1260.48256,21.1865599999999,40.192,0.0623101890087128,0.01058816,0.0601741634309292,0.00441344,0.0174075554216417,0.076452704615034,0.073831866271475,0.082622095024158,0.000499758337361047,0.000208313194780088,1.89705171580475,24032.5927734375,8773.8037109375,99794040.7067605,-2305404.81556526,25377.775493421,2764.5079608219,15068.0541992188,22580.2918561567,4049.01400077563
1300.67456,1327.104,26.4294400000001,33.5871999999999,0.0849651172757149,0.00710656,0.0734725669026375,0.00661504,0.0236667428659834,0.104249611773022,0.0901486024048206,0.112330297426747,0.000268888027896163,0.000250290585044555,1.27082526152653,27465.8203125,9155.2734375,56373950.4851419,-1707616.15665867,28183.0954053589,5489.66893574794,24032.5927734375,20109.328143875,5753.27189270679
1360.6912,1385.4208,24.7296000000001,34.97984,0.0758846402168274,0.00617472,0.0758846402168274,0.00617472,0.021782806476493,0.0931081429155031,0.0931081429155031,0.103388503612411,0.000249689440993788,0.000249689440993788,1.41449275362318,27465.8203125,8773.8037109375,87976540.7247562,-2185404.61236628,27614.9663710056,4611.66804827547,15068.0541992188,26901.7128123479,241.854274035302
1420.40064,1445.5296,25.12896,37.6012799999999,0.0919930189847946,0.01644544,0.0789230391383171,0.00319488,0.0262682659440254,0.112872633175712,0.0968361658751961,0.124677998281647,0.000654441727791361,0.000127139364303178,1.4963325183374,27465.8203125,9155.2734375,78302469.1895003,-2126174.39919593,29335.2696802709,4480.60845394232,21934.5092773438,24883.0645904124,3983.31164229268
1483.13088,1512.02816,28.8972800000001,33.7100799999998,0.0909193009138107,0.01358848,0.0850910842418671,0.0062976,0.0248877078858004,0.111555213796527,0.104404169404891,0.118125406817183,0.000470233876683201,0.00021793054571226,1.16654854712968,27847.2900390625,8773.8037109375,66732490.6670514,-1868783.08298341,27416.063391644,4055.02790724424,15068.0541992188,27889.2028643835,1722.40460049681
1545.73824,1574.33856,28.60032,36.7616,0.0885278433561325,0.01729536,0.059558667242527,0.00380928,0.0246913881415768,0.10862096819135,0.0730766711897042,0.117193607482384,0.000604726100966702,0.000133190118152524,1.28535624776226,27465.8203125,9155.2734375,57454511.6922054,-1661802.42538738,28285.3017211432,5103.40542922659,23937.2253417969,23501.2755228374,531.537106603077
1611.10016,1637.76512,26.6649600000001,36.57728,0.082471489906311,0.01626112,0.0623996369540691,0.00647168,0.0225708870864064,0.101190006919852,0.0765624545203633,0.107128998441341,0.000609831029185866,0.000242703533026113,1.37173579109063,26321.4111328125,9155.2734375,77552950.1435831,-2104440.73100138,28121.0608027333,3025.08416205928,15068.0541992188,27579.4385540855,973.122184312447
1674.3424,1700.37248,26.03008,38.07232,0.0958794504404068,0.0162304,0.0612472482025623,0.00300032,0.025821425615389,0.117641166232817,0.0751485086116401,0.122557144250223,0.000623524783634933,0.000115263571990559,1.46262785208497,27465.8203125,9155.2734375,74369006.434221,-1994736.35513165,28819.2947189529,4460.69613822298,23937.2253417969,25218.2501962462,1533.30623901566
1738.4448,1766.27712,27.83232,36.1164800000001,0.110137172043324,0.0078848,0.0761638134717941,0.00379904,0.0296525733241046,0.135134956502635,0.0934506799987304,0.140741055912371,0.000283296541574687,0.000136497424576895,1.29764532744666,27465.8203125,8773.8037109375,78612065.0976819,-2266187.58892353,30161.7407516057,4674.99907896929,23937.2253417969,30486.8800087043,2177.36239617004
1802.3936,1828.5568,26.1632,38.20544,0.116638831794262,0.00765952,0.10507845133543,0.00372736,0.0339213415072389,0.14311229504636,0.128928060228313,0.161002061086282,0.000292759295499022,0.000142465753424658,1.46027397260274,27847.2900390625,9155.2734375,72421246.7418961,-2125667.12122146,30138.0900593547,4709.03801167529,15068.0541992188,25154.7174679361,6040.96667525911
1866.76224,1893.86752,27.10528,37.6422399999999,0.124859698116779,0.00401408,0.124859698116779,0.00401408,0.0345079852047439,0.153199047704857,0.153199047704857,0.163786468784351,0.000148092179826218,0.000148092179826218,1.38874197204382,28228.759765625,9536.7431640625,61085527.2902913,-1795597.96419291,29047.4872815279,4554.69693011437,22029.8767089844,22599.7571473027,3790.88057488836
1931.50976,1959.45472,27.94496,35.8912,0.136492773890495,0.00421888,0.136492773890495,0.00421888,0.0358229676952519,0.167472477460749,0.167472477460749,0.17002781661604,0.000150971051667277,0.000150971051667277,1.28435324294613,28228.759765625,9155.2734375,54084975.4091109,-1663219.81972781,29332.0817909693,5127.1604323954,21934.5092773438,21331.1207986855,4242.52964234378
1995.34592,2023.89504,28.5491200000001,37.6831999999997,0.123417228460312,0.017152,0.10673900693655,0.00357376,0.033226312644993,0.151429181358494,0.130965511388211,0.157703221053315,0.000600789096126253,0.000125179340028694,1.3199426111908,27847.2900390625,9155.2734375,63770433.1902846,-1916830.69692913,29433.857310902,4510.13613755464,21934.5092773438,26060.7428811253,2747.59435432064
2061.57824,2091.0592,29.4809600000003,39.5776000000001,0.11800878494978,0.008704,0.113482564687729,0.00433152,0.0336910840472739,0.144793185854131,0.139239651412617,0.159909181972791,0.000295241403265019,0.000146926015977768,1.34248002778741,28228.759765625,9155.2734375,66556961.3350949,-2070784.37263568,30743.1428328805,5352.66200365647,25939.94140625,29011.8627225748,3202.25895631564
2130.6368,2160.37376,29.7369599999997,37.62176,0.143489554524422,0.00531456,0.143489554524422,0.00531456,0.0392112965614183,0.176057314251839,0.176057314251839,0.186109961568193,0.000178719008264464,0.000178719008264464,1.26515151515153,30136.1083984375,9155.2734375,70625480.4936591,-2237280.96115764,32288.9245074728,5165.00848736088,27656.5551757812,31359.6489616654,4076.75500993196
2197.99552,2227.99872,30.0032000000001,34.3040000000001,0.175359576940536,0.00415744,0.175359576940536,0.00415744,0.0437595135498575,0.215160861338063,0.215160861338063,0.207697324475114,0.000138566552901023,0.000138566552901023,1.14334470989761,32043.45703125,8773.8037109375,74123529.3233646,-2504950.74686023,35620.9796407949,4868.58533726175,27751.9226074219,33895.3722160977,8431.12938056686
2262.30272,2293.18656,30.88384,36.6387199999999,0.146134480834007,0.00652288,0.146134480834007,0.00652288,0.0414203546767794,0.179302558297672,0.179302558297672,0.196594892111304,0.000211206896551724,0.000211206896551724,1.18633952254642,32043.45703125,9155.2734375,58647050.2579431,-2044113.5935832,33576.0850172777,5470.81968648402,21934.5092773438,28431.4303183538,7191.84189923709
2329.82528,2362.15296,32.3276799999999,37.1712000000002,0.18301360309124,0.00610304,0.18301360309124,0.00610304,0.0501687201552075,0.224552118365604,0.224552118365604,0.238117568119339,0.000188786822933165,0.000188786822933165,1.14982578397214,32424.9267578125,9155.2734375,64732067.0991034,-2407928.28708588,36614.8337339744,3423.59552357552,25939.94140625,34592.9030541389,10192.6180258401
2399.32416,2431.96928,32.6451199999997,39.3318400000003,0.21457239985466,0.00627712,0.21457239985466,0.00627712,0.0527379218785244,0.263273801052561,0.263273801052561,0.250311860986918,0.000192283563362612,0.000192283563362612,1.20483061480554,32043.45703125,9155.2734375,64047202.6543328,-2349220.96174763,36273.0107755743,4239.03931214141,25939.94140625,34648.9029617386,8435.24912379301
2471.30112,2504.64256,33.3414399999997,35.33824,0.228932991623878,0.00630784,0.228932991623878,0.00630784,0.0560723300452762,0.280893809884112,0.280893809884112,0.266138080219298,0.000189189189189191,0.000189189189189191,1.05988943488945,33187.8662109375,9155.2734375,48929792.5199573,-1942826.37981832,35301.3202820942,4186.91947733504,25939.94140625,28187.5887136707,10383.7459897923
2539.9808,2573.3632,33.3824,34.0480000000002,0.209956839680672,0.0059392,0.209956839680672,0.0059392,0.0533587242827369,0.257610649259432,0.257610649259432,0.253258397360906,0.000177914110429448,0.000177914110429448,1.01993865030676,32043.45703125,9155.2734375,48021551.4619611,-1876150.53478051,34496.4610787975,4489.58939186388,25939.94140625,27533.6613737933,9115.92876587964
2607.4112,2642.78016,35.3689599999998,37.7548800000004,0.19560419023037,0.0085504,0.19560419023037,0.0085504,0.0537274934575854,0.240000385411354,0.240000385411354,0.25500869951812,0.000241748697162711,0.000241748697162711,1.06745801968734,31280.517578125,9155.2734375,45309215.5180482,-1880781.89271923,35023.5979219049,4076.947384923,25844.5739746094,29194.4516558638,9841.13234109934
2680.53504,2715.26912,34.7340799999997,37.3964799999999,0.29436269402504,0.00704512,0.29436269402504,0.00704512,0.0616536643098437,0.36117406244483,0.36117406244483,0.292628964137173,0.000202830188679247,0.000202830188679247,1.07665094339623,33950.8056640625,9155.2734375,45995421.3199722,-1912695.50311101,36045.4440312628,4279.32429932308,25939.94140625,28824.9693384084,10944.2521796461
2752.6656,2790.03136,37.3657600000001,35.4099200000001,0.328234970569611,0.00820224,0.328234970569611,0.00820224,0.0684724220585978,0.402734314379529,0.402734314379529,0.324993074836132,0.00021951219512195,0.00021951219512195,0.947656892299258,34713.7451171875,9155.2734375,51142748.9317413,-2229633.88106609,38497.0422050977,3341.81341095116,26798.2482910156,36695.4161042514,11906.4573871788
2825.44128,2860.4416,35.0003200000001,38.2873599999998,0.276224404573441,0.00724992,0.276224404573441,0.00724992,0.0633975107509011,0.338918933585067,0.338918933585067,0.300905844082157,0.000207138677589233,0.000207138677589233,1.09391456992392,33187.8662109375,9536.7431640625,37659049.200413,-1698075.12531616,35197.3159364096,4602.84050665892,25939.94140625,24983.7582863986,13299.9939330874
2898.72896,2935.35744,36.6284800000003,36.2495999999996,0.294287592172623,0.00935936,0.293973922729492,0.0078848,0.0671966453090133,0.36108191475871,0.360697051902989,0.318937810597091,0.000255521386636844,0.000215264187866926,0.989656136427156,33187.8662109375,9536.7431640625,51521528.2616247,-2194961.36347644,37858.5214098099,3911.05438883388,25939.94140625,35481.2855521038,11274.469430397
2971.60704,3008.1024,36.4953600000003,37.1199999999999,0.27625697851181,0.00719872,0.27625697851181,0.00719872,0.0641721329393059,0.338958900815595,0.338958900815595,0.304582460729813,0.000197250280583612,0.000197250280583612,1.01711560044892,33569.3359375,9918.212890625,41209743.52699,-1790845.65271368,35937.0790678879,4043.91606902901,25939.94140625,28442.4241784591,10469.8336635497
3045.2224,3083.53024,38.3078399999999,40.4070400000001,0.279067724943161,0.01028096,0.278836309909821,0.0083456,0.069363230374845,0.342407601101735,0.342123661902241,0.329221149805336,0.000268377439187383,0.000217856188184978,1.0547981823042,33569.3359375,9536.7431640625,42345666.849778,-1954827.70518539,37489.2450148059,3884.433176731,25939.94140625,32377.6808289485,12743.3586736413
3123.93728,3163.36128,39.424,33.8841600000001,0.365732163190842,0.00881664,0.365732163190842,0.00881664,0.0858100811668317,0.448742227964307,0.448742227964307,0.40728341851966,0.000223636363636364,0.000223636363636364,0.859480519480522,35095.21484375,9536.7431640625,41615119.7950177,-1948769.85532138,38670.7943555547,4466.22000521102,25939.94140625,33480.970730939,12147.9289263953
3197.24544,3236.68992,39.4444799999997,37.76512,0.372217923402786,0.0089088,0.372217923402786,0.0089088,0.0808974021742587,0.456700058257815,0.456700058257815,0.383966196731991,0.000225856697819317,0.000225856697819317,0.957424714434069,34332.275390625,9918.212890625,34672717.5010286,-1694677.50824393,37189.8024662499,4150.38930841034,25939.94140625,28515.3260440462,12899.5360346097
3274.45504,3313.2032,38.7481600000001,36.0345600000001,0.331160664558411,0.00843776,0.331160664558411,0.00843776,0.0798404280502906,0.406324051818593,0.406324051818593,0.37894944312166,0.000217758985200845,0.000217758985200845,0.929968287526426,34332.275390625,9536.7431640625,33987679.2776158,-1685175.60560606,36789.6787581905,4525.11467948216,25844.5739746094,27509.5038511349,14267.6758568743
3349.23776,3390.59712,41.3593599999999,36.5056,0.299549460411072,0.0149504,0.280557692050934,0.0092672,0.077493369661169,0.367538066867334,0.344235745374588,0.36780951700589,0.00036147561277544,0.000224065362713543,0.882644218866057,33187.8662109375,8773.8037109375,29597728.0596712,-1583118.53420095,35889.1997107847,5276.29378721419,25844.5739746094,27491.8168544748,14846.9946278401
3427.10272,3466.84416,39.7414400000002,38.0006399999997,0.337964028120041,0.01026048,0.307736337184906,0.00863232,0.0849645960822638,0.414671571751381,0.377583115384554,0.403270462805509,0.00025818088121618,0.000217212058747744,0.956196856480277,33187.8662109375,9155.2734375,37399438.272652,-1828535.92493771,36891.5345312214,3662.26214231147,25844.5739746094,31099.8048866704,13600.6491384739
3504.8448,3544.77056,39.9257600000001,36.3929600000001,0.407849967479706,0.00802816,0.407849967479706,0.00802816,0.0941611490287232,0.500419491371101,0.500419491371101,0.446920386820251,0.000201077199281867,0.000201077199281867,0.9115157732752,34332.275390625,9536.7431640625,39098902.4283061,-1849710.80835943,37192.599165125,3813.05189721842,25844.5739746094,32228.6705383807,11524.8666234113
3581.16352,3623.68,42.5164799999998,41.1136000000001,0.421938568353653,0.010752,0.391874462366104,0.01019904,0.099850323178169,0.517705775656073,0.480818033038895,0.473923114991956,0.000252890173410406,0.000239884393063585,0.967003853564555,33950.8056640625,8773.8037109375,30471352.5687784,-1677557.92330214,37690.3163831228,4452.76688781774,25844.5739746094,29935.4892990919,16242.2847712117
3664.7936,3704.69888,39.9052799999999,38.8300800000002,0.3811055123806,0.00900096,0.3811055123806,0.00900096,0.0917783411869176,0.467604859313155,0.467604859313155,0.435610781814759,0.000225558121632025,0.000225558121632025,0.973056197074679,34713.7451171875,9155.2734375,29278216.9111571,-1570807.43845998,36129.0145829276,4478.24731811519,25844.5739746094,26077.7850278364,16059.9595358905
3743.52896,3785.15456,41.6255999999998,39.7312000000002,0.355262160301208,0.0155648,0.337937593460083,0.00968704,0.092878690204807,0.435895853222485,0.414639137228528,0.44083340721584,0.000373923739237394,0.000232718327183273,0.954489544895457,32806.396484375,9536.7431640625,36983095.5578784,-1855038.15248951,37378.9970887536,2868.013740674,25844.5739746094,33386.6910511891,13136.8149995592
3824.88576,3868.55936,43.6736000000001,41.3286399999997,0.410486429929733,0.01652736,0.391874223947525,0.00863232,0.0973129743945907,0.503654350518974,0.480817740506558,0.461880006857106,0.000378429073856975,0.000197655334114888,0.946307151230942,33569.3359375,8773.8037109375,19424308.8071434,-1193956.01868023,33719.8935970873,5192.55595425808,17929.0771484375,21599.7630119536,15094.7546267855
3909.888,3954.82112,44.9331200000001,39.8233599999999,0.463135331869125,0.0175104,0.368921011686325,0.01016832,0.103096935982089,0.568252950078918,0.452654847970213,0.48933262799334,0.000389699179580673,0.000226298997265268,0.886280765724698,35095.21484375,9155.2734375,34032810.6296702,-1835410.74698538,38646.3690601874,3570.86603876379,17929.0771484375,35734.0460013168,13758.9878857875
3994.64448,4037.4784,42.83392,42.20928,0.459278464317322,0.01755136,0.354017227888107,0.01071104,0.0999797753848544,0.563520691031588,0.434368359058871,0.474537538571993,0.000409753765240258,0.000250059765718384,0.98541716471432,33569.3359375,9536.7431640625,36623488.5227146,-1859822.19458255,38033.6099949568,3655.21665709902,21934.5092773438,34754.2235951975,12468.723540495
4079.68768,4122.46016,42.7724799999996,43.6531199999999,0.431326657533646,0.01595392,0.327091485261917,0.00787456,0.0982456896695429,0.52922467521963,0.401331292725262,0.466306986304305,0.000372994972468282,0.000184103423509698,1.02058893943022,33569.3359375,9155.2734375,33942252.9966231,-1710788.69327012,35765.1910862001,4028.96814459002,17929.0771484375,32036.551716747,11077.8309043837
4166.11328,4213.46304,47.3497600000001,42.0864000000001,0.532327592372894,0.02002944,0.337588608264923,0.0077312,0.119384179462824,0.653149746864456,0.414210943020405,0.566637346889933,0.000423010380622837,0.000163278546712803,0.888840830449829,35476.6845703125,9155.2734375,26524703.7162098,-1602936.08642383,39726.2381234228,4406.10345149033,16832.3516845703,32003.9460486771,16430.2593019382
4255.54944,4303.2064,47.6569600000003,40.5094399999998,0.502480983734131,0.02002944,0.352984756231308,0.00974848,0.112444577227184,0.616528866871605,0.433101547773968,0.533699667735397,0.000420283626987535,0.000204555221314997,0.850021486892987,35095.21484375,9155.2734375,28093555.5978804,-1660542.01431841,39482.0958287884,3893.59862878914,21934.5092773438,33744.6071554696,15330.6987855751
4343.71584,4389.4272,45.7113600000002,45.6601600000004,0.492332518100739,0.0188416,0.355707228183746,0.01099776,0.104370034297001,0.604077008552622,0.436441937962375,0.495375179483312,0.000412186379928313,0.000240591397849461,0.998879928315415,33569.3359375,9536.7431640625,26618792.6337185,-1572265.64134063,37534.2645240106,3908.78386632171,21934.5092773438,30184.039642379,16249.6766854103
4435.08736,4482.62144,47.5340799999994,41.7996800000001,0.532867550849915,0.01932288,0.388396561145782,0.01152,0.119313961181689,0.653812259474428,0.476550754141051,0.566304067382512,0.000406505816458428,0.000242352434295565,0.879362343817332,35858.154296875,9155.2734375,28952606.1304324,-1736059.65983551,39792.5643511838,3993.44386478741,16546.2493896484,34945.0049078946,17103.9105891646
4524.42112,4572.50816,48.0870400000003,41.6870399999998,0.578641474246979,0.02038784,0.365646123886108,0.01050624,0.118295317799308,0.70997546970089,0.448636660357232,0.561469244324578,0.000423977853492331,0.000218483816013627,0.8669080068143,35095.21484375,9155.2734375,28545931.0298371,-1724667.22207238,40273.1268812105,3588.50650452891,16593.9331054688,35174.2812886021,16925.5751065932
4614.1952,4667.46368,53.2684799999997,36.6182399999998,0.557268559932709,0.02208768,0.37797799706459,0.01204224,0.124979685073622,0.683751554626538,0.463767493250913,0.593195492768869,0.000414648212226069,0.000226066897347175,0.687427912341407,35095.21484375,9536.7431640625,22118581.22991,-1508947.34060489,40091.7233123297,4161.03293543222,16832.3516845703,33853.6295431782,17617.1721695931
4704.08192,4755.47648,51.3945600000006,37.8368,0.593027651309967,0.02192384,0.333793818950653,0.01161216,0.117863919754294,0.727626870908844,0.409554852080293,0.559421684549236,0.000426578999800752,0.000225941422594139,0.736202430763092,33569.3359375,9155.2734375,24219616.5333348,-1583593.201956,39422.1714564732,3547.30400430875,16546.2493896484,34357.0832105696,17414.3614050333
4793.31328,4847.74912,54.4358400000001,38.2259199999999,0.608325183391571,0.02398208,0.468470603227615,0.01323008,0.131563502513763,0.74639647697456,0.574799165580762,0.624444497984429,0.000440556809631301,0.000243039879608728,0.702219714070726,35095.21484375,9155.2734375,20273995.2005521,-1455688.64261386,40748.8819192594,4417.53935283352,16832.3516845703,33095.5806625107,19164.5013057633
4885.97504,4938.91584,52.9407999999994,40.9804800000002,0.586190402507782,0.02302976,0.429570823907852,0.01212416,0.121683358953381,0.719237774817676,0.527070320824602,0.577550023698661,0.000435009671179889,0.00022901353965184,0.774081237911037,33950.8056640625,9155.2734375,20543205.3935427,-1439585.89921162,39567.4767713281,4090.10401417635,16832.3516845703,31804.420731899,18635.8059485427
4979.89632,5033.79968,53.9033600000002,37.3760000000002,0.551574110984802,0.0231424,0.423675388097763,0.01265664,0.13258433935239,0.676764639159168,0.519836800597234,0.629289731921201,0.000429331306990879,0.000234802431610941,0.69338905775076,34332.275390625,9155.2734375,20407916.1442522,-1447014.10349395,39667.782197363,4055.34251169307,16832.3516845703,32597.694775411,18702.247943458
5071.17568,5125.39648,54.2208000000001,38.72768,0.612864434719086,0.02161664,0.397633701562881,0.0133632,0.131134078636219,0.751966000136613,0.487884444168814,0.622406308269866,0.000398677998111425,0.000246458923512748,0.714258734655334,33187.8662109375,9155.2734375,20195687.2288923,-1323495.24823862,36610.1485298178,3889.2377413602,16546.2493896484,30978.9053542574,12387.7681673609
5164.12416,5218.93888,54.8147199999994,40.7347200000004,0.574350893497467,0.02253824,0.374980807304382,0.0131072,0.132021947710105,0.704711057766214,0.460090032677325,0.626620432609253,0.000411171305809831,0.000239118251447789,0.743134690827588,32806.396484375,9155.2734375,21521402.3417957,-1438626.58069822,37639.9209297017,3598.98716187755,16832.3516845703,33889.8915738735,14193.5557172526
5259.6736,5314.69312,55.0195199999998,40.4377599999998,0.619358599185944,0.02313216,0.387355893850327,0.01081344,0.137839787244901,0.759934142194996,0.475273887057068,0.654233849843109,0.000420435510887773,0.000196538246789504,0.734971152056578,33950.8056640625,9155.2734375,15784474.4650291,-1259278.89655858,37484.4411966917,3226.14320047632,16832.3516845703,28729.3831215138,21502.9867402039
5355.13088,5411.46112,56.3302400000002,41.0931200000005,0.610772907733917,0.02436096,0.445668190717697,0.0115712,0.146254467745264,0.749399760211243,0.546821299747501,0.69417274505608,0.000432466824213778,0.000205417196873295,0.72950372659517,32806.396484375,9155.2734375,17235114.3055672,-1278687.47101814,37618.7217664013,3683.40258909653,16832.3516845703,30093.3465961725,17340.1009256882
5452.55424,5510.63552,58.0812799999994,41.9123200000004,0.617921948432922,0.02551808,0.487946450710297,0.01302528,0.151645975527302,0.75817141546598,0.598695437417021,0.719762648836437,0.000439351198871655,0.000224259520451342,0.72161495063471,32424.9267578125,8773.8037109375,11321395.8285119,-1044809.48689809,36702.045790031,3867.91302012708,16832.3516845703,25718.9222193668,22491.8784399001
5552.54784,5613.34272,60.7948799999995,40.0179200000002,0.597008228302002,0.02494464,0.533304750919342,0.01207296,0.16347392385725,0.732510917672478,0.6543486906472,0.775902057684323,0.000410308236483076,0.000198585144012129,0.658244904834101,34332.275390625,9155.2734375,16550781.7692748,-1312191.3710259,38861.2966665847,3474.38896635695,16546.2493896484,33414.5352602091,18602.5389695372
5653.36064,5715.8656,62.5049600000002,42.4038399999999,0.620972514152527,0.02823168,0.479830861091614,0.01381376,0.161285717184599,0.76191436671649,0.588737856068532,0.765516095080089,0.00045167103538663,0.000221002621231978,0.678407601572736,33187.8662109375,9536.7431640625,15233157.3992243,-1207359.71969125,38591.4043504365,3391.86355733094,16832.3516845703,31894.8634869355,15952.004961968
5758.26944,5820.50816,62.2387200000003,42.7519999999995,0.721071660518646,0.02756608,0.548569440841675,0.01362944,0.170765140916625,0.884732971363571,0.67307800038351,0.8105086186936,0.000442908851595918,0.000218986508719973,0.686903586706142,32806.396484375,9536.7431640625,14912419.0837128,-1182656.64235549,37660.4041274713,3842.01248658254,16546.2493896484,31054.9517369081,15841.4201516775
5863.26016,5927.49568,64.2355200000002,44.9126399999996,0.771027088165283,0.02226176,0.63030207157135,0.01348608,0.175645101941799,0.946026759980582,0.77336144959134,0.833670550037208,0.000346564642117008,0.000209947393591582,0.69918699186991,32806.396484375,9155.2734375,10881292.8911803,-989011.935251581,36390.6238952913,4001.69019147929,16784.66796875,26314.8787021541,18631.2831341763
5972.40832,6038.00576,65.5974400000005,43.8476799999999,0.646925091743469,0.02924544,0.497782409191132,0.01337344,0.169916419613537,0.793757389183997,0.610763858975426,0.806480302801205,0.000445832032469557,0.00020387137059007,0.668435841398682,34713.7451171875,9536.7431640625,15638066.5049905,-1254104.96022256,39343.4581693084,3093.35440972102,16784.66796875,35311.7919181415,14975.0972933167
6081.85344,6147.7888,65.9353600000004,45.33248,0.781124413013458,0.03117056,0.563688039779663,0.01632256,0.185097065642524,0.958415870113302,0.69162806093039,0.878532739134439,0.000472744214940205,0.000247553968007453,0.687529119428479,34332.275390625,8773.8037109375,9275171.26767257,-982467.380384726,38737.9527346418,3386.52914444946,16784.66796875,27577.8718609603,24455.7958306463
6193.12128,6262.60992,69.4886399999996,47.2985600000002,0.769107043743134,0.02828288,0.605480849742889,0.01470464,0.1820788014253,0.943670923938521,0.74290656619546,0.864207045093936,0.000407014441497203,0.000211612142646627,0.680666077217808,32806.396484375,9155.2734375,11431662.6547841,-1070986.27224707,38247.5419477983,3834.73004457002,16784.66796875,30946.5463848624,19221.6405563203
6309.90848,6378.98752,69.0790399999996,46.8275200000007,0.735053360462189,0.03008512,0.715755760669708,0.01466368,0.188276600207948,0.90188809146199,0.878210524114099,0.893623876323663,0.000435517343611031,0.000212273940112661,0.677883190038556,34713.7451171875,9155.2734375,10655235.0457994,-1014033.39553847,37800.1092932941,3786.46663743215,16784.66796875,29048.9828464256,19202.5906827644
6425.81504,6498.70336,72.88832,44.2572799999998,0.757869243621826,0.0175616,0.757869243621826,0.0175616,0.189587519974097,0.929882485372286,0.929882485372286,0.899845941103257,0.000240938465861197,0.000240938465861197,0.607193031750489,34332.275390625,9155.2734375,8584796.63764488,-919302.476097635,38647.0273457755,3676.64831213831,16784.66796875,27823.8274347331,21397.9022124213
6542.96064,6617.22112,74.2604799999999,45.3836799999999,0.730981707572937,0.03554304,0.639944851398468,0.01615872,0.195047675078504,0.896892297345664,0.785192846823779,0.925761668093971,0.000478626585769443,0.000217595146166575,0.611141753998896,33569.3359375,9155.2734375,9960145.87836602,-981595.699013162,38349.7175556793,3468.9367634181,16832.3516845703,30401.922646012,17967.3591685028
6662.6048,6739.1488,76.5439999999999,46.0185600000004,0.742955803871155,0.02770944,0.64478862285614,0.01777664,0.196800405501849,0.9115841489013,0.791136006913124,0.934080714397809,0.000362006688963211,0.000232240802675586,0.601204013377933,34713.7451171875,9155.2734375,11031693.9161495,-1080477.6345128,40744.9945405842,3543.98443398773,16784.66796875,34843.0722255096,18069.5626147211
6785.16736,6865.34656,80.1791999999996,46.0902400000004,0.798191785812378,0.04013056,0.542848765850067,0.0191488,0.199288927163433,0.979357016848839,0.666058906359083,0.945892072639272,0.000500510855683272,0.000238825031928481,0.574840357598987,35476.6845703125,9155.2734375,7602361.96447323,-904197.732806496,41379.9432382423,3730.44062447125,16784.66796875,30146.504544161,23624.5152315879
6911.4368,6993.72544,82.2886399999998,49.152,0.729521512985229,0.03864576,0.614721298217773,0.0198656,0.204812830837428,0.89510068304838,0.754244315109398,0.972110371717023,0.000469636635141863,0.000241413638626183,0.597312095569938,34332.275390625,9155.2734375,6517030.31627886,-807216.552919796,38718.7405820294,3186.73825790858,16784.66796875,27696.786039067,22295.2011216804
7042.87744,7128.90368,86.0262400000001,47.2985599999993,0.742105901241302,0.04323328,0.717786431312561,0.01992704,0.210688864964655,0.91054134425337,0.880702095160477,1,0.000502559219140578,0.000231639090584454,0.549815498154972,35476.6845703125,9155.2734375,6933419.54063523,-864750.786610197,41190.8294875031,3405.05142475452,12874.6032714844,30846.3822294215,23080.3905490753
7176.20224,7261.4912,85.2889600000008,47.06304,0.815016150474548,0.05064704,0.700231313705444,0.02050048,0.210414616546983,1,0.859162500396747,0.998698325050459,0.0005938287909713,0.000240364989794691,0.551806939608592,35095.21484375,9155.2734375,7069320.0763368,-852003.487734777,40686.3845653474,3748.47882179721,16784.66796875,30099.577044573,21242.7959366849
7308.55424,7395.01056,86.4563199999993,47.90272,0.729037940502167,0.03099648,0.685266017913818,0.02050048,0.198734939472672,0.894507354336083,0.840800538142487,0.94326266129922,0.000358521852422128,0.000237119507284143,0.554068459078531,33950.8056640625,9155.2734375,5726759.11016151,-767894.919570174,39723.6827308691,3413.29971612902,16784.66796875,27899.5086064472,23583.5896715216
7442.91328,7534.1824,91.2691199999999,55.5008000000007,0.775248408317566,0.05100544,0.563288807868958,0.01345536,0.200785539433564,0.951206191271391,0.691138215532268,0.952995496308018,0.00055884662852014,0.000147425109390778,0.608100527319654,33950.8056640625,9155.2734375,6522630.01794637,-786673.046169708,38249.2351979717,3010.61583834766,16784.66796875,29973.9229071111,17465.1076933693
7589.6832,7677.66528,87.9820799999998,55.6851200000001,0.687797546386719,0.05096448,0.654136121273041,0.0200192,0.199250835958465,0.843906646495587,0.802605102846325,0.945711279007986,0.000579259776536314,0.000227537243947859,0.632914338919928,35095.21484375,9155.2734375,6443404.82152858,-818575.305078131,40387.6717525283,3456.50387275735,12874.6032714844,29853.6856712748,22142.5509538534
7733.3504,7823.08352,89.7331199999999,50.5446400000001,0.767893970012665,0.05090304,0.592720091342926,0.01734656,0.200668981226419,0.942182519408424,0.727249504194255,0.952442271973335,0.000567271482369053,0.000193312792422687,0.563277416409907,34713.7451171875,8773.8037109375,5435543.2535136,-725185.001867939,37500.0192219896,2958.56606427652,12445.4498291016,27069.4719197395,21305.9400963627
7873.62816,7969.0752,95.44704,52.8588799999998,0.778510093688965,0.05429248,0.550316274166107,0.02212864,0.201729144447339,0.955208179906217,0.67522131168282,0.957474162107147,0.000568823087651539,0.000231842077030362,0.553803239995706,33950.8056640625,8773.8037109375,4352273.10025647,-648819.168796462,37686.9210134123,3313.36269694659,12397.7661132812,26083.5931030575,22278.0630166119
8021.93408,8123.58656,101.65248,55.1936000000005,0.744798839092255,0.05187584,0.709625959396362,0.02025472,0.205643869614344,0.913845496998545,0.870689444599568,0.976054760411011,0.000510325375239248,0.000199254558275411,0.542963634532091,34332.275390625,9155.2734375,4257536.20944297,-648597.182892157,38872.7215968414,3606.9310512959,15878.6773681641,27466.5412534633,21937.425368539
8178.78016,8278.82496,100.0448,60.0166399999998,0.722382247447968,0.06004736,0.370505541563034,0.0243712,0.175261155124644,0.886341021619456,0.454599017881185,0.831848209700336,0.000600204708290688,0.00024360286591607,0.599897645854657,35095.21484375,8773.8037109375,3713883.81673556,-624147.373858672,39841.461577201,3309.26335437592,16784.66796875,27175.8625254178,25270.5771681472
8338.8416,8439.27552,100.433919999999,69.3657600000006,0.75848913192749,0.0589824,0.38867112994194,0.02229248,0.186416544408883,0.930643069448201,0.476887641693522,0.884795427798978,0.000587275693311585,0.000221961663947799,0.690660685154985,35095.21484375,9155.2734375,4165613.12931128,-642848.911440261,39209.4718983178,3449.88645970296,15878.6773681641,27057.9303000864,22545.411951982
8508.64128,8594.9952,86.3539199999996,0,0.510289251804352,0.04667392,0.214192122220993,0.0182272,0.119307844895752,0.626109374037843,0.262807211975221,0.566275037438581,0.000540495671765685,0.000211075536582475,0,35095.21484375,9155.2734375,4696109.04434328,-706441.579255136,40231.3702522647,3402.43389724585,18072.1282958984,27150.32917375,25985.1168271773
