note.starts,note.ends,note.durs,INI,pk.amps,pk.times,qpk.amps,qpk.times,note.rmss,rel.pk.amps,rel.qpk.amps,rel.note.rmss,rel.pk.tm,rel.qpk.tm,rel.INI,max.Hz,min.Hz,FMa,FMb,FMc,FM.resid,note.DF,arcL,chordL
1327.06304,1336.2176,9.15455999999995,48.8550400000001,0.0595488473773003,0.00023552,0.0595488473773003,0.00023552,0.0196103982643245,0.0822544643040919,0.0822544643040919,0.109573271631076,2.57270693512306e-05,2.57270693512306e-05,5.33668903803137,28228.759765625,9536.7431640625,256408650.925334,-4874891.6015029,30826.3869512649,4817.14707332416,11062.6220703125,23138.9122616,23138.9122615986
1385.07264,1395.95776,10.8851199999999,48.10752,0.0819674804806709,0.0017408,0.0819674804806709,0.0017408,0.023860393490417,0.113221187214176,0.113221187214176,0.133320157087584,0.000159924741298214,0.000159924741298214,4.41956726246476,28610.2294921875,9918.212890625,227331381.23277,-3033727.85094238,25660.1969401042,10058.3993563832,28610.2294921875,14155.5509892155,6086.94262892287
1444.06528,1456.25088,12.1856,46.1721599999998,0.089672215282917,0.00167936,0.089672215282917,0.00167936,0.0257095364890445,0.123863691001838,0.123863691001838,0.143652259747727,0.00013781512605042,0.00013781512605042,3.78907563025208,28610.2294921875,9536.7431640625,230455385.414616,-2877310.51106345,23082.3863636364,8594.40227374383,11062.6220703125,17120.3985596126,841.700415582004
1502.42304,1513.728,11.3049600000002,46.78656,0.0924019515514374,0.00167936,0.0924019515514374,0.00167936,0.0267452465229971,0.127634259272219,0.127634259272219,0.149439298611072,0.000148550724637679,0.000148550724637679,4.13858695652168,28610.2294921875,10681.15234375,475809867.696496,-4727293.6041866,23295.0846354167,6755.63849144863,11062.6220703125,30851.0851658714,7367.64499120316
1560.51456,1574.38976,13.8751999999999,48.96768,0.0931240245699883,0.00098304,0.0931240245699883,0.00098304,0.0296215021336261,0.128631654384722,0.128631654384722,0.165510401964297,7.08487084870851e-05,7.08487084870851e-05,3.52915129151293,28228.759765625,9536.7431640625,177014580.150025,-2251374.63295376,21450.3361628606,8103.032236341,11062.6220703125,17157.9346105246,2840.78166256874
1623.35744,1635.47136,12.11392,44.21632,0.0968353822827339,0.00161792,0.0968353822827339,0.00161792,0.0306844149714786,0.133758130445099,0.133758130445099,0.171449436732094,0.000133558748943364,0.000133558748943364,3.65004226542688,28228.759765625,9536.7431640625,261575273.226079,-3459607.6037622,23925.087668679,8593.735276931,11062.6220703125,19354.4872861386,3524.0080130184
1679.68768,1695.86688,16.1792,47.8208,0.104837633669376,0.00400384,0.104837633669376,0.00400384,0.0334363971273842,0.144811592099268,0.144811592099268,0.186826161071318,0.000247468354430379,0.000247468354430379,2.95569620253164,28610.2294921875,9155.2734375,72646961.151796,-1515230.89335932,22636.6650927198,7782.73654457495,15449.5239257812,10303.2503111026,5498.68199526366
1743.68768,1757.27616,13.5884799999999,45.3836800000001,0.115517348051071,0.00104448,0.115517348051071,0.00104448,0.0341770863569415,0.159563417265944,0.159563417265944,0.190964768612611,7.68651092690285e-05,7.68651092690285e-05,3.33986435568956,28991.69921875,11062.6220703125,282343431.204206,-3089551.38188837,21338.2961033108,6600.92250997749,15449.5239257812,27055.262552672,10151.5007235786
1802.65984,1817.91744,15.2575999999999,41.4310400000002,0.120091013610363,0.00505856,0.117427185177803,0.00354304,0.0381326005421436,0.165880993962299,0.162201463788861,0.213066238680366,0.000331543624161076,0.000232214765100672,2.71543624161077,28610.2294921875,9536.7431640625,124941682.041982,-2058856.13807937,21908.3094334864,7411.66472448551,15449.5239257812,14635.9848868415,2327.48478399274
1859.34848,1880.53504,21.1865599999999,45.7625600000001,0.135584369301796,0.00882688,0.0755302459001541,0.0047616,0.0377255661748857,0.187281872884388,0.104329473850434,0.210791930597197,0.000416626389560177,0.000224746254229098,2.1599806669889,28228.759765625,9536.7431640625,91344200.8650572,-2419950.46407338,30234.9204741518,5524.30818045607,15449.5239257812,21786.7325990215,10268.7246084455
1926.2976,1941.7088,15.4112,42.6905599999998,0.118661619722843,0.00324608,0.118661619722843,0.00324608,0.0373605887687774,0.163906580792678,0.163906580792678,0.208752616151887,0.00021063122923588,0.00021063122923588,2.77009966777407,28610.2294921875,9536.7431640625,123222555.480374,-1790859.57740511,21022.7547111092,7375.58502296058,15449.5239257812,14680.4511327947,1666.68844826718
1984.39936,2007.21408,22.8147200000001,44.4211200000002,0.142479106783867,0.00975872,0.0849433764815331,0.00559104,0.0384443214336948,0.196805532251157,0.11733177444057,0.214807981885305,0.000427737881508077,0.000245062836624775,1.94703770197487,28610.2294921875,9536.7431640625,86460479.8718016,-2185734.46006882,29818.2169596354,5274.0872813924,15449.5239257812,22764.605469827,4863.2500693736
2051.6352,2068.7872,17.152,45.74208,0.133953526616096,0.00454656,0.0995696410536766,0.00354304,0.0374127154818146,0.185029199702882,0.137534945620843,0.209043874616395,0.000265074626865671,0.000206567164179104,2.66686567164178,28228.759765625,9536.7431640625,133135261.057385,-2237197.05520505,23254.6670096261,5847.37080673421,15449.5239257812,19591.670081456,794.805541108464
2114.52928,2133.15584,18.6265599999997,42.0249600000002,0.167155057191849,0.00592896,0.117879197001457,0.00293888,0.0455373636067245,0.230890273961482,0.162825824999049,0.254440416996527,0.000318306761957124,0.00015777899945025,2.25618471687745,28228.759765625,9155.2734375,75533919.419391,-1818453.23084513,24179.5708151425,6344.48865101854,15449.5239257812,14224.1943719331,7665.13023558471
2175.1808,2196.89984,21.7190399999999,39.6595200000002,0.173369482159615,0.00749568,0.122199930250645,0.004352,0.0430466529842233,0.239474221748798,0.168794027818509,0.240523549632837,0.000345120226308346,0.000200377180575201,1.82602545968884,28228.759765625,9536.7431640625,62843893.602363,-1491984.29095794,25104.9596827835,6735.80288690767,15449.5239257812,14950.7346602623,2759.95248242332
2236.55936,2259.68128,23.1219199999996,42.5369600000004,0.175328969955444,0.01020928,0.140721917152405,0.00057344,0.0500766432448417,0.242180850441964,0.194378336794277,0.279803681632598,0.000441541186891062,2.48007085916745e-05,1.83968113374673,28610.2294921875,9536.7431640625,63875060.4982996,-1972918.3314001,30002.2593715735,5763.06322961663,15449.5239257812,19000.3375854842,11468.5715723278
2302.21824,2325.12512,22.90688,41.2057599999998,0.183795288205147,0.00999424,0.125319853425026,0.00571392,0.0499976161884068,0.253875324859662,0.173103558912414,0.279362117264337,0.000436298614215467,0.000249441215914171,1.79883772910147,28228.759765625,9536.7431640625,86933098.0324392,-2282165.30182336,29921.949955455,5298.91872735933,15449.5239257812,23294.3766372512,6661.30368803101
2366.33088,2391.6032,25.27232,39.9564799999998,0.19386413693428,0.01114112,0.122483558952808,0.0041472,0.0540220599813379,0.267783364978832,0.169185802436915,0.301848732117491,0.000440842787682333,0.000164100486223663,1.58103727714748,28610.2294921875,9536.7431640625,75444068.6020626,-2144270.62916094,31044.4522213626,5586.58242247957,15449.5239257812,24466.9171104421,6005.30939743459
2431.55968,2455.67488,24.1152000000002,41.6870399999998,0.192922234535217,0.01094656,0.111218258738518,0.0059392,0.0503269013839856,0.266482320866747,0.153625111085826,0.281202001171483,0.000453927813163478,0.000246284501061569,1.72866242038214,28610.2294921875,9155.2734375,58776513.0683906,-1840629.5581837,29798.8088507401,5347.73339895279,15449.5239257812,18614.2522308322,10206.087762028
2497.36192,2521.97888,24.6169600000003,41.4617599999997,0.211896345019341,0.0105984,0.143532231450081,0.00037888,0.0563033932402936,0.292691145424334,0.198260207011123,0.314595701633114,0.000430532445923456,1.53910149750414e-05,1.68427620632276,28610.2294921875,9536.7431640625,25582759.6563337,-1148376.30767088,28323.983787594,5380.82667784716,15449.5239257812,13008.0346374533,12766.516365307
2563.44064,2587.79136,24.3507200000004,42.6393599999997,0.23152206838131,0.0105472,0.157314151525497,0.00057344,0.0592644583232558,0.319800038926351,0.217297090222356,0.331140678653951,0.000433137089991583,2.35492010092511e-05,1.75105130361644,28610.2294921875,9536.7431640625,31278729.1767458,-1241913.6073844,28421.5023643092,5529.36775162305,15449.5239257812,12960.3925146532,11694.5314437588
2630.43072,2656.78848,26.3577600000003,40.1817599999999,0.266869783401489,0.01079296,0.204030618071556,0.00064512,0.0640474578257355,0.368625624834617,0.281826264155467,0.357865730161443,0.000409479409479404,2.44755244755242e-05,1.5244755244755,28610.2294921875,9918.212890625,64497131.2234317,-1918292.63485981,29945.4812341191,3775.79786476796,15354.1564941406,22773.5008131592,5753.70737091069
2696.97024,2723.29728,26.3270399999997,43.2640000000001,0.244821280241013,0.01096704,0.191097065806389,0.00398336,0.0685183417668631,0.338170160185885,0.263961226292016,0.382846833243036,0.000416569428238045,0.000151302994943604,1.64332944379621,28610.2294921875,9536.7431640625,49207602.5714273,-1700425.1778356,29989.422410979,5015.39230143638,15449.5239257812,18719.3407180781,10660.7309026101
2766.56128,2791.74144,25.1801599999999,43.2640000000001,0.242700442671776,0.01028096,0.201959207653999,0.00585728,0.0689541749321663,0.335240660022292,0.27896503741886,0.385282054861889,0.000408296055307037,0.000232614884099228,1.71817812118749,28228.759765625,9536.7431640625,60178185.8187114,-1952502.97710045,30236.1822747565,5750.23513981955,15449.5239257812,20665.9000577969,11008.9328883203
2835.00544,2860.96384,25.9584,45.8751999999999,0.26348739862442,0.01071104,0.229680299758911,0.00067584,0.0714794086963205,0.363953557109353,0.31725601501859,0.399391820581181,0.000412623274161736,2.60355029585799e-05,1.767258382643,28228.759765625,9918.212890625,71055285.3992268,-2054449.27225693,30227.7602158584,3721.9489691433,15354.1564941406,24250.1257982695,5450.42688707988
2906.83904,2932.02944,25.1904,45.9980800000003,0.264554858207703,0.01056768,0.182276576757431,0.00596992,0.0634483956719366,0.365428032603947,0.251777537881975,0.354518465143296,0.000419512195121952,0.0002369918699187,1.82601626016262,31661.9873046875,9536.7431640625,87775664.0567166,-2549625.51726869,31434.5917144379,4659.17853197342,15449.5239257812,28502.092403829,8527.49021555718
2978.02752,3004.43648,26.4089599999998,40.0384000000004,0.266548186540604,0.01135616,0.231210231781006,0.00132096,0.0763939169794368,0.368181405027197,0.3193693009081,0.426851678549427,0.000430011632415669,5.00193873594421e-05,1.51609150833659,30517.578125,9536.7431640625,73458365.5391081,-2357310.80072593,32197.0357523336,2830.26729077086,15449.5239257812,26801.7446309778,11021.8260292429
3044.47488,3074.64192,30.1670399999998,43.17184,0.301493704319,0.01400832,0.289511799812317,0.00387072,0.0783548660193981,0.41645143830725,0.39990090576217,0.437808498442334,0.000464358452138496,0.000128309572301426,1.43109300746776,31280.517578125,9155.2734375,51917863.2722628,-2033716.65056248,34500.8556659405,4204.21170254867,21457.6721191406,25728.8457184464,14103.3443773258
3117.81376,3144.82688,27.0131200000001,43.6326399999998,0.288211584091187,0.00754688,0.274434864521027,0.00472064,0.0792819375885098,0.398104925615926,0.379075225831289,0.442988518934244,0.000279378316906747,0.00017475360121304,1.61523881728581,30517.578125,9536.7431640625,63094876.2218991,-2204699.27096461,32738.9769336048,3349.22126967188,15449.5239257812,25004.0459441808,13514.9288860377
3188.45952,3218.23744,29.77792,42.6291200000001,0.3335040807724,0.01504256,0.245283976197243,0.00625664,0.0821000701668095,0.460667178549276,0.338809279324065,0.458734859336528,0.00050515818431912,0.000210110041265475,1.43156808803301,31661.9873046875,9155.2734375,24806055.9482877,-1513933.27437118,33123.1822138247,2138.52399039604,16689.3005371094,23085.6458875103,23085.645887492
3260.86656,3289.91744,29.0508800000002,43.3459199999998,0.296097815036774,0.01389568,0.26291897892952,0.00608256,0.0800067053427082,0.408998128933492,0.363168402407572,0.447038165092869,0.000478322171307716,0.000209376101515684,1.49206908706378,31661.9873046875,9536.7431640625,42233611.0496877,-1705877.22679052,32476.342242697,4405.23987579057,16689.3005371094,20537.4273872518,13914.0253086239
3333.26336,3362.8672,29.6038400000002,42.5267199999998,0.346403390169144,0.01347584,0.304629862308502,0.00520192,0.087195962241724,0.478484916944769,0.420783394453522,0.487208200826132,0.000455205811138011,0.000175717744725007,1.43652715323416,30136.1083984375,9155.2734375,39807544.9258597,-1726509.55831985,31852.7221679688,3399.75701732099,15735.6262207031,21216.1057585086,16224.484204198
3405.39392,3435.54048,30.1465600000001,41.4105599999998,0.385145425796509,0.01374208,0.28097802400589,0.00535552,0.0903844448428522,0.531999057468565,0.38811325262757,0.505023875216589,0.000455842391304346,0.000177649456521738,1.37364130434781,30136.1083984375,9536.7431640625,46668861.1339468,-1817775.7853193,32266.6168212891,4149.10941725273,15449.5239257812,23015.3202590573,12386.3220215209
3476.95104,3509.97504,33.0239999999999,41.5027200000004,0.38024777173996,0.01559552,0.302006274461746,0.00700416,0.0936280418680583,0.525233957411872,0.417159448358943,0.523147501933096,0.000472248062015506,0.000212093023255815,1.25674418604653,30136.1083984375,9536.7431640625,34940169.0594792,-1636749.31939105,33119.630173158,3478.40670826983,16689.3005371094,22389.4249809793,15946.8000645038
3551.47776,3585.78176,34.3039999999996,44.2265600000001,0.395926892757416,0.01609728,0.291687220335007,0.00735232,0.0978567042745848,0.546891432860196,0.402905801030692,0.546775190073901,0.000469253731343289,0.000214328358208958,1.2892537313433,29754.638671875,9536.7431640625,18210630.5390706,-1143504.46044751,31160.8776474625,4309.15533365866,16689.3005371094,18105.0295017428,17797.1549999233
3630.00832,3663.70816,33.6998400000002,47.6979200000001,0.401274889707565,0.01490944,0.357789278030396,0.00679936,0.108912398830457,0.554278588844044,0.494212175286477,0.608548979994559,0.000442418717714977,0.000201762382254633,1.41537526587663,30899.0478515625,9536.7431640625,36248307.2997274,-1570263.59095023,32271.6867821848,4815.95193993507,15449.5239257812,22260.6241373207,11751.182556487
3711.40608,3744.54272,33.1366399999997,47.1654400000002,0.410364836454391,0.0155136,0.347258508205414,0.00661504,0.107933493220978,0.566834477549589,0.479666086339107,0.603079336349242,0.000468170580964157,0.00019962917181706,1.42336217552536,31661.9873046875,9536.7431640625,30324406.6677226,-1537737.66174749,32786.368159293,3517.60258717829,15926.3610839844,21330.8699220596,17658.1415019432
3791.70816,3825.02912,33.32096,46.2745599999998,0.426472097635269,0.01240064,0.355614304542542,0.00567296,0.114202895062909,0.589083340427567,0.491207897504482,0.638109673914591,0.000372157344806392,0.000170251997541487,1.38875230485556,32806.396484375,9155.2734375,34580939.3872867,-1708956.31364814,34228.4075651996,3727.45195545255,16593.9331054688,23678.1607847314,18549.3191213206
3871.30368,3904.75776,33.45408,46.7251200000001,0.429044365882874,0.01163264,0.295387774705887,0.00386048,0.109624404242942,0.592636399068863,0.408017354500003,0.612527316457359,0.000347719620446893,0.000115396388123661,1.39669421487604,31661.9873046875,9536.7431640625,43900577.1092621,-1795143.09655197,32546.2611458095,4179.7494283553,15449.5239257812,25780.2772530021,10922.4118034428
3951.48288,3988.45952,36.9766399999999,47.1142400000003,0.499998718500137,0.01568768,0.317238658666611,0.0067072,0.122868047513631,0.69064521908175,0.438199848938096,0.686526288937393,0.000424259207975632,0.000181390196621435,1.27416228191638,32424.9267578125,9536.7431640625,37595507.1583697,-1789365.28373168,35543.4735969654,4177.12202950971,16593.9331054688,27821.1764700916,14761.4352072995
4035.57376,4072.45824,36.8844799999997,47.2371199999998,0.464022129774094,0.01579008,0.389960497617722,0.0059904,0.119011091036194,0.640950973710388,0.538650087180864,0.664975510922841,0.000428095502498615,0.000162409772348696,1.28067740144365,32806.396484375,9536.7431640625,46945867.9251158,-2053098.80282046,35873.2603283162,2919.4987689467,16593.9331054688,33035.1345403441,11859.2778677466
4119.69536,4158.208,38.5126399999999,44.8102400000007,0.477503687143326,0.01784832,0.373051375150681,0.0086528,0.119371123526882,0.659572967724226,0.515293618136781,0.666987195610038,0.000463440574315343,0.000224674288752992,1.16352034033504,32806.396484375,9155.2734375,17949825.8162571,-1241121.06816396,33473.507050545,2936.35060800656,16593.9331054688,21732.7428024822,21175.246504195
4203.01824,4241.68448,38.6662399999996,46.6432000000004,0.520274639129639,0.01501184,0.405105173587799,0.00734208,0.13194774353546,0.718652226154193,0.559569336903448,0.737259169785479,0.000388241525423733,0.000189883474576273,1.20630296610172,33569.3359375,9155.2734375,18712850.5392038,-1328461.46449846,34619.76205149,2577.14552451108,16593.9331054688,23765.5916461183,23389.4364928489
4288.32768,4328.62208,40.2943999999998,45.8239999999996,0.505861461162567,0.01701888,0.445870786905289,0.007936,0.139523061640656,0.698743390218388,0.615878633105478,0.779586325881153,0.000422363405336724,0.000196950444726812,1.13722998729352,33569.3359375,9536.7431640625,33399873.579329,-1746608.00944606,36958.0959644485,3522.04605101737,15926.3610839844,29519.2375176566,16149.1954139401
4374.44608,4414.62784,40.1817600000004,44.9126399999996,0.58709716796875,0.01870848,0.438070088624954,0.00681984,0.142921877283989,0.810953782862427,0.605103575543384,0.798577237982537,0.000465596330275225,0.0001697247706422,1.11773700305808,33187.8662109375,9536.7431640625,27465080.9168507,-1553964.35809757,35172.8232375338,3311.78550102726,16593.9331054688,25864.7612618186,18096.6218145451
4459.54048,4497.78688,38.2464,47.9129600000006,0.577246904373169,0.018432,0.372018873691559,0.00799744,0.141961812287708,0.797347673072005,0.513867430088587,0.793212866428067,0.000481927710843374,0.000209103078982597,1.25274431057565,32806.396484375,9155.2734375,18417343.8545944,-1270352.08046362,33329.5329924552,2444.45725473239,16593.9331054688,22166.0891934691,21645.740564824
4545.69984,4584.48896,38.7891199999995,45.7011200000006,0.559309065341949,0.01651712,0.414062559604645,0.00776192,0.15268200552679,0.772570244032322,0.571942120270897,0.853112039809999,0.000425818373812044,0.000200105596620911,1.1781942977825,31661.9873046875,9536.7431640625,28683995.8710063,-1526958.50250438,33761.6089851625,2894.77523456429,15926.3610839844,24571.3553190276,16071.5560027172
4630.19008,4673.66912,43.4790399999993,45.5987200000009,0.557843863964081,0.0195584,0.494446516036987,0.01069056,0.15499654262906,0.7705463701919,0.682975995252434,0.866044536090229,0.000449835138954318,0.000245878473857753,1.04875176636838,32424.9267578125,9155.2734375,16575952.0531076,-1184367.76284794,34496.7241046809,3949.28169805489,16593.9331054688,22152.5611903412,20159.5473610445
4719.26784,4765.12256,45.8547199999994,48.7424000000001,0.640590190887451,0.01975296,0.512247383594513,0.00674816,0.172546577716855,0.88484337330749,0.707564226420289,0.964105510471782,0.000430772666368921,0.000147163912460922,1.06297454220636,32806.396484375,9536.7431640625,24596232.0199615,-1447157.76877122,36094.3022228423,3715.1222484983,16593.9331054688,27931.4321061837,14641.6155278252
4813.86496,4857.66144,43.79648,50.8518400000003,0.614881634712219,0.01854464,0.489473104476929,0.00519168,0.166767237604781,0.84933229946878,0.676106251812323,0.931813397103503,0.000423427636193594,0.000118541033434651,1.16109422492402,31661.9873046875,9155.2734375,17932985.5438641,-1157242.72605863,33297.8192497702,4731.00823974154,16593.9331054688,21053.9886151261,16285.3305700219
4908.51328,4955.12576,46.6124799999998,49.0700800000004,0.664795756340027,0.02205696,0.516029059886932,0.00912384,0.172743252483695,0.918278375111374,0.71278783311134,0.965204432449774,0.000473198594024607,0.000195738137082602,1.05272407732866,33187.8662109375,9155.2734375,21164357.7015438,-1421672.67617032,36730.0721806562,3530.26911979006,15926.3610839844,27465.5908367429,20283.3962515079
5004.19584,5051.4944,47.2985599999993,47.5648000000001,0.723958849906921,0.02246656,0.525240778923035,0.00677888,0.177428132828582,1,0.725511925146801,0.991381242306985,0.000474994587573075,0.000143321065165622,1.00562892400954,32424.9267578125,9536.7431640625,17473145.6806272,-1203222.64526574,34879.9572247673,3865.82960611443,16593.9331054688,23607.1223843303,17820.584606278
5099.0592,5148.08832,49.0291200000001,49.9302400000006,0.674570143222809,0.02152448,0.513739168643951,0.00826368,0.16438798898605,0.931779676855304,0.709624820126175,0.918519324659681,0.000439014202172096,0.000168546365914786,1.01837928153719,32806.396484375,9155.2734375,16776649.491272,-1175028.54171937,35530.7389850076,5173.10489049453,16641.6168212891,23867.2338956195,17281.989189488
5198.01856,5246.52544,48.5068799999999,50.4627199999995,0.690389156341553,0.02141184,0.495617270469666,0.01061888,0.178970637386379,0.953630384420766,0.684593151300501,1,0.000441418619379355,0.000218914925058054,1.04032087819294,33569.3359375,9155.2734375,17114774.0948252,-1205088.27542322,35519.1558961444,4589.42420513747,16593.9331054688,24241.0346410189,18185.4224751159
5296.98816,5349.0688,52.0806400000001,53.1455999999998,0.706407725811005,0.02302976,0.540871679782867,0.00969728,0.175652879670165,0.975756737971815,0.747102794381762,0.981461999774568,0.000442194258749507,0.000186197404640188,1.02044828942194,33187.8662109375,9155.2734375,14714695.4081249,-1065012.20160093,35239.4954668105,4743.24502882718,16593.9331054688,22986.9526599303,15554.4793209185
5402.2144,5455.0528,52.8384000000005,55.0604799999992,0.669398367404938,0.023296,0.508804857730865,0.01007616,0.176279043968771,0.924635934060343,0.702809086174279,0.984960698263608,0.000440891472868213,0.000190697674418603,1.04205426356587,33569.3359375,9155.2734375,14755178.380419,-1186830.12592702,36748.1678968194,4047.39502724186,15878.6773681641,26215.960536116,21515.2738338443
5510.11328,5566.2592,56.1459200000008,0,0.694190204143524,0.02781184,0.350606977939606,0.01403904,0.149818711360705,0.958880748861314,0.484291307419866,0.837113358641406,0.000495349261353266,0.000250045595476925,0,33187.8662109375,9155.2734375,11381031.1604951,-1001335.90567451,36962.2389811542,4862.21470217267,15878.6773681641,23706.4232148175,20343.7689541239
