note.starts,note.ends,note.durs,INI,pk.amps,pk.times,qpk.amps,qpk.times,note.rmss,rel.pk.amps,rel.qpk.amps,rel.note.rmss,rel.pk.tm,rel.qpk.tm,rel.INI,max.Hz,min.Hz,FMa,FMb,FMc,FM.resid,note.DF,arcL,chordL
997.35552,1009.63328,12.2777600000001,63.7952,0.0395503491163254,0.00193536,0.0395503491163254,0.00193536,0.0135702473507241,0.0287123270777712,0.0287123270777712,0.0431234491131286,0.000157631359466221,0.000157631359466221,5.19599666388655,24032.5927734375,20217.8955078125,-23550185.3708362,-53797.989632149,23900.8123224432,581.497699410653,23651.123046875,4210.55359768506,4210.55359767681
1073.42848,1086.24896,12.8204799999999,54.94784,0.0597001202404499,0.00420864,0.0547173134982586,0.00110592,0.0205165374501436,0.043340436108022,0.039723072920498,0.0651973273472908,0.00032827476038339,8.62619808306719e-05,4.28594249201283,34332.275390625,23269.6533203125,-22709107.3218779,-688129.203450503,33628.2903497869,1510.05953411165,30326.8432617188,12554.7224712257,12554.7224712255
1141.1968,1152.08192,10.8851200000001,43.83744,0.082519643008709,0.000256,0.082519643008709,0.000256,0.0229291199286897,0.0599067020480223,0.0599067020480223,0.0728640172060615,2.35183443085604e-05,2.35183443085604e-05,4.02728127939788,30517.578125,9536.7431640625,-159804829.302106,128321.434286507,30006.6398851799,3820.98817174504,30517.578125,17589.3359774906,17537.8148119484
1195.91936,1213.7472,17.8278399999999,38.4000000000001,0.0852045267820358,0.0052224,0.0576475262641907,0.00444416,0.0211433797108164,0.061855844414347,0.0418503165282712,0.0671893028530755,0.00029293509477312,0.000249282021826538,2.15393452039059,34332.275390625,9536.7431640625,42548382.3997828,-1944159.86118326,36701.4748709542,5303.41541893862,34141.5405273438,21136.9386102816,21136.9386102803
1252.1472,1270.59968,18.4524799999999,44.2367999999999,0.0737821683287621,0.00536576,0.0562850199639797,0.00458752,0.0209037303174119,0.0535635663627591,0.0408611792030324,0.0664277464750393,0.000290788013318536,0.000248612652608214,2.39733629300777,34332.275390625,10681.15234375,174158611.829935,-3864173.13775682,39062.5,5323.11828388759,10681.15234375,30864.8768087732,12003.6120035389
1314.83648,1324.60544,9.76896000000011,53.97504,0.0447129793465137,0.00024576,0.0447129793465137,0.00024576,0.0137808584810972,0.0324602365415987,0.0324602365415987,0.0437927278763353,2.51572327044022e-05,2.51572327044022e-05,5.52515723270435,25939.94140625,9155.2734375,252443568.69453,-2582964.95303512,26528.0405680339,6790.01036915287,22888.18359375,12072.7170770033,1141.54037358404
1378.58048,1394.8416,16.2611199999999,46.01856,0.0837108120322227,0.0050176,0.0634468495845795,0.00156672,0.0224484230649954,0.0607714538232201,0.0460604454329492,0.0713364616498058,0.000308564231738037,9.63476070528974e-05,2.82997481108314,32806.396484375,9536.7431640625,16969442.833931,-1471037.26469375,34231.6679902129,5230.03556038759,28228.759765625,19433.5851323423,19433.5851323421
1440.86016,1457.09056,16.2304000000001,45.5475199999998,0.0895106270909309,0.00432128,0.075660839676857,0.00106496,0.0241617388947872,0.0649819397146702,0.0549274235074708,0.0767810262248799,0.000266246056782332,6.56151419558354e-05,2.80630914826495,30899.0478515625,9536.7431640625,75530657.3196537,-1957167.18001502,33640.5995127919,4879.53734689665,30708.3129882812,13488.4013203751,11868.876012911
1502.63808,1518.46912,15.83104,44.4108800000001,0.0603015534579754,0.00247808,0.0603015534579754,0.00247808,0.0182355022789964,0.0437770579746518,0.0437770579746518,0.0579486677181812,0.00015653298835705,0.00015653298835705,2.80530401034929,28991.69921875,9536.7431640625,132095466.76609,-2677348.87872959,32567.4539083963,5922.86558954123,28228.759765625,17853.4239087036,9279.20991018436
1562.88,1582.57152,19.6915199999999,38.97344,0.104399770498276,0.00589824,0.0797511264681816,0.00039936,0.0248990795217632,0.0757909961445429,0.0578968448860022,0.0791241427639271,0.000299531981279253,2.02808112324495e-05,1.97919916796673,35858.154296875,10681.15234375,168127261.257136,-3757909.82272382,40568.0899526559,5189.88680908567,20980.8349609375,33191.0010270455,8806.60885651765
1621.54496,1643.68384,22.13888,37.7548800000002,0.104055218398571,0.00835584,0.103926189243793,0.00233472,0.0281440216415637,0.0755408620040588,0.0754471908386377,0.0894359000047262,0.000377428307123035,0.000105457909343201,1.70536540240519,39291.3818359375,10681.15234375,117896748.435427,-3317055.76433608,42740.7499929454,6221.50415376025,37384.033203125,31011.9479800663,15651.1653068761
1681.43872,1705.0112,23.5724799999998,36.23936,0.114666119217873,0.00210944,0.114666119217873,0.00210944,0.0282751782168379,0.0832440469751321,0.0832440469751321,0.0898526885682293,8.9487402258906e-05,8.9487402258906e-05,1.53735881841878,38528.4423828125,8773.8037109375,93363569.3695998,-2940849.71029622,40954.4559947231,7828.8000018008,37384.033203125,28872.2199376067,17444.550722202
1741.25056,1764.42368,23.1731200000002,38.79936,0.118303887546062,0.0022528,0.118303887546062,0.0022528,0.0298366445416779,0.0858849539811598,0.0858849539811598,0.0948147067143104,9.7216084843128e-05,9.7216084843128e-05,1.67432611577551,37765.5029296875,10681.15234375,127349111.648179,-3289348.55732232,41145.1908580044,6739.09683948283,37384.033203125,34642.0846468585,7838.82486027997
1803.22304,1824.65536,21.4323199999999,39.1270400000001,0.0992980822920799,0.00779264,0.0762521550059319,0.00528384,0.0273238404906902,0.0720873287004383,0.0553567001008217,0.0868295333550162,0.000363592928810322,0.00024653607262303,1.82560917343527,39291.3818359375,10681.15234375,182000957.132823,-4233420.95240104,41513.6693554889,6782.24342519377,37574.7680664062,42104.6911613338,7130.92290705414
1863.7824,1884.34432,20.5619199999999,38.8300800000002,0.106677658855915,0.01478656,0.103884175419807,0.00366592,0.0311565298095717,0.0774446724592278,0.0754166901051921,0.0990090300537554,0.0007191235059761,0.000178286852589643,1.88844621513946,30517.578125,9536.7431640625,77863330.473536,-1622018.83670475,26344.3180159026,7673.58780371564,20980.8349609375,16462.8684872514,431.785198726155
1923.1744,1949.00992,25.8355199999999,42.5062399999999,0.119296625256538,0.00761856,0.111730508506298,0.00360448,0.0361911697081885,0.0866056507760676,0.0811128846262024,0.115008077960524,0.000294887039239003,0.000139516448672216,1.645263575109,36621.09375,9155.2734375,106051720.910024,-3255322.12168467,42314.1578575233,6221.7687287107,35953.5217285156,36645.890526349,13316.1634846474
1991.51616,2011.55584,20.0396800000001,39.8540800000001,0.109122045338154,0.01147904,0.104221530258656,0.00402432,0.0297669375972446,0.0792192212495835,0.0756615992574675,0.0945931924122191,0.00057281553398058,0.000200817577925395,1.9887583035258,35858.154296875,9155.2734375,165444999.748063,-3891353.33106799,40830.3503896676,5987.45174166924,10681.15234375,34222.7540625986,11540.6208251793
2051.40992,2077.92128,26.51136,45.1993600000001,0.123806558549404,0.01155072,0.0627535656094551,0.00662528,0.0289465605722053,0.0898797225022826,0.045557142764419,0.0919862033147818,0.000435689455388181,0.000249903437620703,1.70490536886829,43869.0185546875,9155.2734375,96386059.6700486,-3252786.59673641,43855.2330874373,7412.234213622,22315.9790039062,36396.0331475784,18490.6415085927
2123.12064,2142.47424,19.3535999999999,45.8649599999999,0.100295677781105,0.00227328,0.100295677781105,0.00227328,0.0286416158655672,0.0728115520919425,0.0728115520919425,0.0910171518893247,0.000117460317460318,0.000117460317460318,2.36984126984127,32424.9267578125,9155.2734375,173405066.790597,-3661170.62803259,35990.5467313879,5344.23779061296,10681.15234375,32743.969359623,5905.91220508629
2188.3392,2209.34144,21.0022400000003,49.3568,0.130644649267197,0.00638976,0.123041987419128,0.00094208,0.0379634185766144,0.0948439643272855,0.0893246675695908,0.120639919585672,0.000304241833252068,4.48561677230614e-05,2.35007313505604,34713.7451171875,9155.2734375,103517698.942087,-2988398.73154681,40346.4271065128,5457.81130130307,34713.7451171875,26033.2440483929,17102.0226776668
2258.69824,2277.4784,18.7801599999998,40.7142400000002,0.160800784826279,0.00166912,0.160800784826279,0.00166912,0.0434601683080006,0.116736383659093,0.116736383659093,0.138107457295394,8.88767720828799e-05,8.88767720828799e-05,2.16793893129775,30517.578125,9536.7431640625,158477698.392276,-3291625.35223322,35377.9512293198,6455.7993994107,29945.3735351562,28260.9483193977,5923.05250173911
2318.19264,2344.67328,26.4806399999998,41.7382400000001,0.135506182909012,0.01113088,0.132965326309204,0.00627712,0.0379171334046925,0.0983732870043834,0.0965287039000264,0.120492834849154,0.000420340293890182,0.000237045630317094,1.57617942768757,41961.669921875,9155.2734375,111771271.604511,-3830345.70738746,48049.246100367,6238.70254696336,36907.1960449219,42578.7469610875,23053.2746420432
2386.41152,2409.48224,23.0707199999997,37.9801600000001,0.185764625668526,0.00193536,0.185764625668526,0.00193536,0.0459366690305992,0.134859358029606,0.134859358029606,0.145977266159557,8.38881491344884e-05,8.38881491344884e-05,1.64624944518422,37002.5634765625,9155.2734375,133435860.686695,-3458914.4116281,37822.3887661047,7083.17585972874,35858.154296875,36053.5328192341,8777.32536906388
2447.4624,2477.2096,29.7472000000002,36.58752,0.144112646579742,0.01240064,0.081665076315403,0.0065536,0.0358898687390598,0.104621312759356,0.0592863131271609,0.114050605581859,0.000416867469879515,0.000220309810671255,1.22994836488812,40817.2607421875,9536.7431640625,86072061.7058352,-2892634.80349761,38238.1936778193,5769.53911127154,23460.3881835938,38723.6004309039,9882.97084380282
2513.79712,2540.58496,26.78784,33.0649599999997,0.173633024096489,0.01079296,0.111391484737396,0.00627712,0.0412703518920469,0.126052191466069,0.0808667638824583,0.131148672069167,0.000402905198776759,0.000234327217125383,1.23432721712537,26702.880859375,9536.7431640625,71020091.5482079,-1979298.32518062,28941.0807061909,4373.3610176221,22220.6115722656,25523.14981144,2057.93498355638
2573.64992,2603.73504,30.0851200000002,37.62176,0.186593040823936,0.0131072,0.104620009660721,0.00681984,0.041517666716777,0.135460761744865,0.0759508829472828,0.131934587608031,0.000435670524166097,0.000226684819605172,1.2505105513955,40817.2607421875,9536.7431640625,84868432.0009903,-2935000.51491346,38841.9109842052,5257.54303000671,23365.0207519531,39266.2852005768,11484.198927506
2641.3568,2668.63616,27.27936,37.2224000000001,0.205426886677742,0.0115712,0.130362197756767,0.0024064,0.0485570696569264,0.14913354983319,0.0946389132889949,0.154304359258519,0.000424174174174174,8.82132132132132e-05,1.36448948948949,28991.69921875,9536.7431640625,29496846.3851791,-1303914.57093489,28966.0668655818,5045.24353518158,22220.6115722656,15200.4330349244,13619.4790755085
2705.85856,2733.312,27.4534399999998,37.8572800000002,0.184170216321945,0.0119296,0.115571431815624,0.00512,0.0466244474792335,0.133701866283573,0.0839012758490876,0.148162884311109,0.000434539350988441,0.00018649757553152,1.37896307348006,27847.2900390625,9155.2734375,7252132.92557317,-740437.289273291,26730.6671918011,4955.1081932724,22220.6115722656,14861.6807104672,14861.6807104659
2771.16928,2799.89248,28.7231999999999,38.2975999999999,0.218757569789886,0.01057792,0.168944790959358,0.0065024,0.0566918099565576,0.15881121241362,0.122648679581655,0.180154887277151,0.000368270944741534,0.00022638146167558,1.33333333333333,34713.7451171875,9155.2734375,59993418.1008626,-1994458.71450112,32328.4284870615,6000.71050032698,23365.0207519531,25361.1867564872,7791.33366703834
2838.19008,2866.49344,28.3033600000003,37.14048,0.23120391368866,0.01037312,0.17449688911438,0.00391168,0.0594895652915257,0.16784687214681,0.126679330682256,0.189045577085546,0.000366497829232991,0.000138205499276409,1.31222865412444,34713.7451171875,9536.7431640625,54743210.4039479,-1975498.49745456,32315.2353641073,6225.86646492758,22220.6115722656,23585.0107284136,12059.5439097198
2903.63392,2934.8864,31.2524799999997,37.4579200000003,0.21353904902935,0.01103872,0.204219967126846,0.0045568,0.0661681243999201,0.155022728157818,0.148257363663506,0.21026866141234,0.000353211009174316,0.000145806028833553,1.19855832241156,30899.0478515625,9155.2734375,44528753.5097074,-1714538.15407193,32485.5217566857,4900.8643943886,22125.244140625,22916.8061055089,10091.5562894312
2972.34432,3002.9312,30.5868799999998,38.9017600000002,0.222601488232613,0.02113536,0.208702936768532,0.00478208,0.0622239959640864,0.16160177801048,0.151511860615056,0.197735034168675,0.000690994308670911,0.000156344158018079,1.27184466019419,30899.0478515625,9155.2734375,22461003.3622858,-1324492.40559374,31513.5075495793,4292.05716795086,22220.6115722656,19553.1583819391,19498.5362240935
3041.83296,3072.7168,30.88384,36.7103999999999,0.237646475434303,0.01165312,0.226331979036331,0.00612352,0.0706739781034521,0.17252397220263,0.164309998658595,0.224587335779399,0.000377320954907162,0.000198275862068966,1.18866047745358,30899.0478515625,9536.7431640625,14062599.9409802,-1009305.62023698,30474.7361403245,4496.23223563701,22220.6115722656,17758.1627143109,17758.1627143028
3109.4272,3142.0928,32.6655999999998,36.0140799999999,0.286517024040222,0.00549888,0.286517024040222,0.00549888,0.0776445999077161,0.208002475108286,0.208002475108286,0.246738535156543,0.000168338557993731,0.000168338557993731,1.1025078369906,30899.0478515625,9155.2734375,25905203.9079204,-1409744.7722004,32523.913261218,4500.8301851865,25367.7368164062,19950.4824337611,18408.2331804801
3178.10688,3210.25024,32.14336,37.0790400000001,0.308029413223267,0.0058368,0.308029413223267,0.0058368,0.0817509394923349,0.223619802597133,0.223619802597133,0.259787635997663,0.000181586492513539,0.000181586492513539,1.1535520866518,31280.517578125,9155.2734375,21742383.2767543,-1287524.90715306,32216.9116419605,4360.58114970438,25272.3693847656,19200.6973021961,18921.2420365493
3247.32928,3281.59232,34.2630400000003,36.4646399999997,0.272382616996765,0.01113088,0.269523084163666,0.007168,0.0838139796778862,0.197741333875665,0.195665401707479,0.266343552493555,0.000324865511057977,0.0002092050209205,1.06425582785414,30899.0478515625,9155.2734375,18956668.9994731,-1179944.59813108,31656.9762081152,4362.20565831656,24127.9602050781,18548.2177643613,18174.1953569475
3318.05696,3352.65792,34.6009600000002,33.4335999999998,0.292382717132568,0.01104896,0.27589476108551,0.00852992,0.084586668186828,0.212260786409405,0.200291041579223,0.268798997315928,0.000319325244155074,0.000246522639834269,0.966262207753763,30517.578125,9155.2734375,6752676.4404593,-756940.990325665,29631.8668058549,5333.09860909973,24127.9602050781,18106.4022011696,18106.402201167
3386.09152,3424.07168,37.9801600000001,37.9596799999999,0.254576414823532,0.0141824,0.197786942124367,0.00835584,0.0746330274638345,0.18481458323417,0.143587186987508,0.237168378645925,0.000373416015098409,0.000220005392289026,0.999460771097327,43869.0185546875,9155.2734375,27010193.0828081,-1638301.00309625,39621.3382979787,4820.87345343184,22220.6115722656,26424.5657043042,23260.9318318467
3462.03136,3495.58784,33.5564800000002,39.3420799999999,0.302977681159973,0.0164864,0.282140016555786,0.00754688,0.0871649834246528,0.219952401763731,0.204824903397216,0.276992351724461,0.000491303021055841,0.00022490082392432,1.17241379310344,31661.9873046875,9155.2734375,13481279.5847341,-1100446.39036787,32210.9031444359,3861.67114024822,25272.3693847656,21746.6829514101,21746.682951404
3534.92992,3569.75616,34.8262399999999,40.3148799999999,0.298163771629333,0.00764928,0.298163771629333,0.00764928,0.0846347293470267,0.216457652714614,0.216457652714614,0.26895172577714,0.00021964128197589,0.00021964128197589,1.1576007056748,32043.45703125,9155.2734375,8226055.6554896,-905941.426863789,31773.066612039,4153.4376163234,22220.6115722656,21573.4221746106,21573.4221746083
3610.07104,3645.46048,35.3894400000004,40.4582399999999,0.35348504781723,0.00785408,0.35348504781723,0.00785408,0.098923086939679,0.256619183820061,0.256619183820061,0.314357181229214,0.000221932870370368,0.000221932870370368,1.14322916666665,33187.8662109375,9155.2734375,15128781.1847894,-1111024.11511463,33757.721849263,5581.73693914564,22220.6115722656,20371.0471468567,20371.0471468326
3685.91872,3723.22304,37.3043199999997,40.192,0.370366811752319,0.0068608,0.370366811752319,0.0068608,0.101650243008198,0.268874820965725,0.268874820965725,0.323023521120068,0.000183914356299754,0.000183914356299754,1.07740872906946,32043.45703125,9155.2734375,16665988.9389676,-1147556.37316647,32975.5331173092,5281.32791946148,25272.3693847656,19891.9589215368,19616.2151191661
3763.41504,3801.4976,38.0825600000003,37.1814399999998,0.34041103720665,0.0125952,0.339581668376923,0.00841728,0.101575508256343,0.247127857516843,0.246525761463602,0.322786029482272,0.000330734068297927,0.000221027157838127,0.976337725194933,31661.9873046875,9536.7431640625,27016808.9041053,-1441832.22643543,33952.3438484438,4266.47436068495,25272.3693847656,22747.140151116,15726.6874764821
3838.67904,3876.06528,37.3862399999998,38.9939200000003,0.399652391672134,0.00840704,0.399652391672134,0.00840704,0.104312651795656,0.29013524389769,0.29013524389769,0.331484107496791,0.000224869898657903,0.000224869898657903,1.04300191728295,32424.9267578125,9536.7431640625,34112154.730171,-1599733.81579344,34760.505922379,4907.44467346487,29754.638671875,25382.3771351995,12128.4182313714
3915.0592,3954.82112,39.7619199999999,41.3900800000001,0.346173286437988,0.01811456,0.32052543759346,0.00763904,0.103921249377653,0.251311071782467,0.232691528812078,0.33024031128444,0.000455575585887201,0.000192119495235643,1.04094772083441,33187.8662109375,9155.2734375,14157055.6583307,-1099088.98449648,33855.0187275906,4754.57653630562,25272.3693847656,21344.694685675,21319.4377145772
3996.2112,4036.07552,39.8643199999997,41.29792,0.440853327512741,0.01006592,0.372804939746857,0.00835584,0.108383322289417,0.320045845755752,0.270644826288073,0.34441985931893,0.000252504495247883,0.000209606986899565,1.0359619830465,33187.8662109375,9155.2734375,16118947.3921081,-1178815.49790687,35071.303068368,4629.69965285324,25272.3693847656,21727.7104234154,21377.0271700476
4077.37344,4117.74976,40.3763199999999,43.3561600000003,0.438826650381088,0.00994304,0.438826650381088,0.00994304,0.115988924337514,0.318574541001553,0.318574541001553,0.368588895035021,0.000246259193507483,0.000246259193507483,1.07380167385241,32806.396484375,9155.2734375,21062970.6954684,-1347991.26129278,35425.3651459546,4841.78642520134,24986.2670898438,23045.4136538099,20089.0771705872
4161.10592,4202.01472,40.9088000000002,41.4207999999999,0.491708725690842,0.01002496,0.491708725690842,0.01002496,0.127507465743677,0.356965287904423,0.356965287904423,0.405192445534018,0.0002450563204005,0.0002450563204005,1.01251564455569,33569.3359375,9155.2734375,17402894.3365373,-1281141.8182816,35619.926962623,4320.77449664817,25272.3693847656,23870.9534326217,23285.7100935118
4243.43552,4285.96224,42.5267199999998,41.3081600000005,0.473895251750946,0.01037312,0.473895251750946,0.01037312,0.118338918680258,0.344033258185815,0.344033258185815,0.376056692698268,0.000243920057789551,0.000243920057789551,0.971346014928982,33187.8662109375,9155.2734375,20885935.5630015,-1316565.24619271,35770.7280799394,4836.82219858633,25272.3693847656,23278.9522742036,18216.5294274071
4327.2704,4369.21344,41.9430400000001,42.6803199999995,0.441707074642181,0.00613376,0.441707074642181,0.00613376,0.119647762965935,0.32066563969866,0.32066563969866,0.380215930071888,0.000146240234375,0.000146240234375,1.01757812499998,33187.8662109375,9536.7431640625,22172860.2166599,-1336205.70572014,35150.2933604194,4789.99279677852,24986.2670898438,23224.3387453164,17037.6211564687
4411.89376,4455.00416,43.1104000000005,40.6118399999996,0.595999419689178,0.010496,0.595999419689178,0.010496,0.127094551667336,0.432677097892264,0.432677097892264,0.403880289705242,0.000243467933491684,0.000243467933491684,0.942042755344398,32806.396484375,9155.2734375,15273808.651884,-1185451.33885652,34976.3151887175,4918.65772474739,24986.2670898438,23284.6453712175,22718.8073928592
4495.616,4540.33408,44.7180799999996,41.1545599999999,0.534750461578369,0.0092672,0.534750461578369,0.0092672,0.135111248090105,0.388212253516861,0.388212253516861,0.429355698613262,0.000207236088848181,0.000207236088848181,0.920311426608662,33187.8662109375,9155.2734375,30611955.3717216,-1733262.00871567,38155.9079831785,4551.36009125958,24986.2670898438,32775.8087981542,16293.2175561657
4581.48864,4625.8176,44.3289600000007,40.9292799999994,0.491131871938705,0.0103936,0.491131871938705,0.0103936,0.129463781213282,0.356546509967503,0.356546509967503,0.411409212879695,0.000234465234465231,0.000234465234465231,0.923307923307894,32806.396484375,9155.2734375,24638639.3165476,-1516700.87880197,36613.4002429097,4299.75649374411,24986.2670898438,27864.9499057665,18817.4494516018
4666.74688,4711.85408,45.1072000000004,42.3526400000001,0.560683906078339,0.00888832,0.560683906078339,0.00888832,0.149056343344861,0.407039130077326,0.407039130077326,0.473670337105398,0.00019704880817253,0.00019704880817253,0.938933030646986,33569.3359375,9155.2734375,17863787.1511239,-1276018.25608548,36018.5974199646,4854.33689694522,24986.2670898438,24362.4367777768,21210.8865937031
4754.20672,4799.08864,44.8819199999998,44.8409600000005,0.555633306503296,0.01079296,0.555633306503296,0.01079296,0.159340430145229,0.403372551395277,0.403372551395277,0.506351045300963,0.000240474560803104,0.000240474560803104,0.99908738307097,34332.275390625,9155.2734375,31191139.7106818,-1783693.10465861,39544.5167021095,5031.51352478155,33378.6010742188,33776.4774083637,17224.5528991831
4843.9296,4890.19392,46.2643199999993,45.5372800000005,0.64001989364624,0.01287168,0.566687166690826,0.0092672,0.162870204584211,0.464634596994388,0.411397311132362,0.517567940945253,0.000278220451527229,0.000200309871624616,0.984285081894668,34332.275390625,9155.2734375,23047973.5929631,-1568089.51285404,39532.4005228244,4503.38622012431,33378.6010742188,30128.1823663181,23215.0049255782
4935.7312,4982.59968,46.8684800000001,45.0047999999997,0.569949805736542,0.0116224,0.569949805736542,0.0116224,0.152176350671671,0.413765885911355,0.413765885911355,0.483585077324419,0.000247979025562595,0.000247979025562595,0.960235962420791,33950.8056640625,9155.2734375,16090361.864395,-1298650.13739759,38196.7138486657,4230.02135717707,33378.6010742188,26886.1213789681,25520.7935228948
5027.60448,5074.51392,46.9094400000004,43.7759999999998,0.659943997859955,0.00677888,0.659943997859955,0.00677888,0.179343231271557,0.47909887884518,0.47909887884518,0.569915824497508,0.000144509932329185,0.000144509932329185,0.93320235756384,34332.275390625,9155.2734375,25794876.5703628,-1570160.12437776,39840.0271882826,4977.91122430975,33378.6010742188,30894.798789071,16893.8207523993
5118.28992,5166.65344,48.3635199999999,39.7619199999999,0.613228917121887,0.01330176,0.535368084907532,0.01030144,0.168997183030656,0.445185178774648,0.388660628902514,0.537038215614816,0.000275037052720729,0.000213000211729833,0.822146940503917,34332.275390625,9155.2734375,16876148.9468941,-1359832.45892454,39178.7232527236,3731.7893578002,33426.2847900391,28493.2776123705,26292.4645254721
5206.41536,5253.46816,47.0528000000004,39.8335999999999,0.657405734062195,0.0130048,0.580709040164948,0.01071104,0.166309078051263,0.477256178034712,0.421576756483096,0.528495972036374,0.000276387377584329,0.000227638737758431,0.846572361262233,33569.3359375,9155.2734375,19635523.3847882,-1370340.34308404,37721.2784877034,4308.70698200509,33378.6010742188,26811.2619693597,21005.9691677593
5293.30176,5343.24224,49.9404799999993,41.6563200000001,0.70616340637207,0.01393664,0.670860648155212,0.0093696,0.184237367567645,0.512652736249519,0.487024028455091,0.585468380914674,0.000279064998974784,0.000187615337297522,0.834119335657179,33950.8056640625,9155.2734375,16589093.299612,-1294983.79045581,38021.58148159,4010.1013345649,33378.6010742188,27246.695858871,23298.0583528994
5384.89856,5432.43264,47.5340800000004,37.3862399999998,0.71228152513504,0.0108544,0.71228152513504,0.0108544,0.175490449425903,0.517094300760274,0.517094300760274,0.557672477889961,0.000228349849202928,0.000228349849202928,0.786514433433855,34713.7451171875,9155.2734375,18690857.0415846,-1337477.50101636,36430.045830263,4129.54767265435,24986.2670898438,26509.5240982999,21343.9811043027
5469.81888,5519.28832,49.4694399999998,40.3046400000003,0.724174439907074,0.01042432,0.724174439907074,0.01042432,0.187412321369124,0.52572818810823,0.52572818810823,0.595557729705161,0.000210722417718899,0.000210722417718899,0.814738149451468,33569.3359375,9155.2734375,10023268.5622185,-1038873.36669129,35778.2309837187,2745.1783152043,24986.2670898438,26863.2853234062,26863.2853233747
5559.59296,5611.70432,52.1113599999999,44.4416000000001,0.756961524486542,0.01122304,0.756961524486542,0.01122304,0.200452036968271,0.54953059484814,0.54953059484814,0.636995258259824,0.000215366476714483,0.000215366476714483,0.85281980742779,33950.8056640625,9155.2734375,10639591.6401571,-1015543.20298023,36387.5598442264,3756.37121276998,17023.0865478516,24437.9935023768,24028.5279168187
5656.14592,5706.53696,50.3910400000004,39.8745599999993,0.668834090232849,0.01153024,0.668834090232849,0.01153024,0.205191220117319,0.48555281024314,0.48555281024314,0.652055405513137,0.000228815281446858,0.000228815281446858,0.791302580776244,34332.275390625,9155.2734375,9669958.7219786,-951184.768570906,34346.9473031851,3576.55298729641,16164.7796630859,23404.9405132888,23376.6801942396
5746.41152,5804.4416,58.0300800000005,42.3833599999998,0.706699073314667,0.01828864,0.562225699424744,0.01345536,0.192572183357246,0.513041613839836,0.408158424238753,0.611954707602817,0.000315157931886357,0.00023186871360508,0.730368801835177,41961.669921875,9155.2734375,11239464.769723,-1151591.55105954,41466.7591209071,3888.53117925027,33378.6010742188,30017.6646020366,28978.1625408477
5846.82496,5900.8,53.9750400000003,37.8879999999999,0.788863599300385,0.01179648,0.788863599300385,0.01179648,0.215814378502424,0.572690511940667,0.572690511940667,0.685813613318856,0.00021855435401252,0.00021855435401252,0.701954088408267,33187.8662109375,9155.2734375,8211296.21365055,-945570.858195576,36207.3068206889,2648.8974576654,33330.9173583984,27115.2150463465,27115.2150463158
5938.688,5997.32224,58.6342400000003,43.1411199999993,0.801639199256897,0.03007488,0.587691366672516,0.01312768,0.208660346974238,0.581965201362175,0.426645709019,0.663079575641718,0.000512923506811035,0.000223891023402025,0.73576667830945,41961.669921875,9155.2734375,11736189.9079457,-1168543.30914165,41568.1550210911,3648.1687102961,33426.2847900391,30006.5493276341,28167.9318980365
6040.46336,6096.52736,56.0640000000003,41.4617600000001,0.901938557624817,0.03053568,0.800705969333649,0.01257472,0.232002310859013,0.654779425446017,0.581287705375572,0.737255525848836,0.000544657534246572,0.000224292237442921,0.739543378995432,33569.3359375,8773.8037109375,8777853.36631173,-917758.681594388,34989.5646657803,3069.79827688579,17023.0865478516,24114.717524987,23862.918961203
6137.98912,6193.57184,55.5827199999994,41.6870400000007,0.902428090572357,0.01378304,0.902428090572357,0.01378304,0.242633481131996,0.655134811186451,0.655134811186451,0.771039193782902,0.000247973470891675,0.000247973470891675,0.75000000000002,34713.7451171875,9155.2734375,10729487.0272771,-1022955.1222052,36741.7984062555,3694.49787988136,17070.7702636719,25054.0134794557,23710.5350052958
6235.25888,6293.1456,57.8867199999995,43.86816,1.02640187740326,0.02817024,0.887356758117676,0.014336,0.255849550380041,0.745135936235672,0.644193491157546,0.813037137885464,0.000486644259685127,0.000247656111799047,0.757827702105083,33950.8056640625,8773.8037109375,6959724.9841702,-845375.412752828,35417.9643459832,2731.62375931915,17070.7702636719,25614.8597835434,25614.8597834989
6337.01376,6397.57312,60.5593600000002,44.3904000000002,1.02165329456329,0.0283136,0.885042428970337,0.01404928,0.258533263823643,0.741688612338328,0.642513359959498,0.821565426068304,0.000467534663510313,0.000231991883665877,0.733006425431182,33569.3359375,9155.2734375,10567439.3218748,-1015311.95239284,36380.2112706889,3333.02165228554,17070.7702636719,26043.9871219861,22731.2337569428
6441.96352,6503.41376,61.4502400000001,46.4281599999995,1.03567695617676,0.02926592,0.712062537670135,0.01501184,0.266434171651417,0.751869355822779,0.516935322651135,0.846672882686651,0.00047625395767372,0.000244292617897017,0.755540743209455,34332.275390625,9155.2734375,7637425.0307978,-902560.868516344,36553.9679980723,2161.14308430861,17023.0865478516,26707.8934127507,26622.6569587219
6549.84192,6615.94112,66.0992000000006,47.3497599999992,1.01043498516083,0.03075072,0.782962083816528,0.01467392,0.271222863337024,0.733544467570456,0.568406194694095,0.861890357864927,0.000465220759101468,0.000221998450813321,0.716343919442274,34332.275390625,9155.2734375,8463729.67326454,-959472.445142667,37759.054453135,2551.04970066501,17070.7702636719,27942.8172932336,26441.443838966
6663.29088,6729.22624,65.9353600000004,46.22336,1.04434072971344,0.03068928,0.935445487499237,0.01647616,0.275542533260611,0.758158986763363,0.679104417549037,0.875617378553713,0.000465444944867213,0.000249883522286068,0.701040534244443,34332.275390625,9155.2734375,9546528.72658255,-969066.506014771,38467.442400071,4199.04717839694,17070.7702636719,26792.4804611886,22392.4854820149
6775.4496,6840.5248,65.0752000000002,45.8444799999997,1.10408103466034,0.0331264,0.900894403457642,0.01586176,0.30123576780087,0.801528595722217,0.654021401897872,0.957265182282906,0.000509047993705742,0.000243745082612116,0.704484657749797,33950.8056640625,8773.8037109375,8648082.71167176,-946793.441476399,38335.1528806384,2800.84235572605,17070.7702636719,26837.5337237854,24990.0305441935
6886.36928,6952.8064,66.4371200000005,48.1075199999996,1.21483993530273,0.03040256,0.86666214466095,0.01516544,0.2992424713939,0.881936123166927,0.629169843488345,0.950930897140433,0.000457614056720095,0.000228267570900122,0.724106041923539,33950.8056640625,8773.8037109375,8435255.32342739,-907458.211518598,37591.7848795309,3429.86743385012,17070.7702636719,25755.224466245,23056.6132652866
7000.91392,7069.45024,68.5363200000002,46.7660800000003,1.22117960453033,0.03182592,0.939452588558197,0.00928768,0.306054419059661,0.886538526445147,0.682013448665302,0.972577862809788,0.000464365755266695,0.00013551471686837,0.682354698939193,33950.8056640625,9155.2734375,8273820.17209853,-925807.718410272,38811.6184043412,3726.05491597125,17070.7702636719,27209.6707383399,24587.4412252903
7116.21632,7186.91328,70.6969599999993,49.6742400000003,1.22839736938477,0.03407872,0.908399343490601,0.017408,0.302937161655753,0.891778399920381,0.659469755647963,0.96267186127896,0.000482039397450758,0.000246234067207418,0.70263615295482,33569.3359375,9155.2734375,4718210.10434795,-712554.954477629,36741.3420353789,2415.71333356179,17070.7702636719,26793.5711974892,26793.5711974366
7236.58752,7306.9568,70.3692799999999,49.7151999999996,1.04367220401764,0.03510272,0.663326680660248,0.00797696,0.281752612089248,0.757673657837915,0.481554601667669,0.895351729110036,0.000498835855646101,0.000113358556461001,0.706490104772988,33950.8056640625,9155.2734375,6740075.93466606,-811942.069618942,38266.7255263996,3749.53039666588,17070.7702636719,25145.1954089241,23760.0310984968
7356.672,7432.20224,75.53024,52.1932800000004,1.21108984947205,0.03658752,0.759779751300812,0.00850944,0.287603214470427,0.879213677136836,0.551576540127477,0.913943737608135,0.000484408893709327,0.000112662689804772,0.69102494577007,34713.7451171875,9155.2734375,7306538.22130245,-865762.475769792,39062.2993438025,3575.67515306711,17070.7702636719,27583.9393062033,23708.7829934206
7484.39552,7558.26688,73.8713600000001,48.1894400000001,1.27762019634247,0.03690496,0.814931094646454,0.01052672,0.314683719178501,0.927512645985954,0.59161470525874,1,0.000499584141946215,0.000142500693096756,0.652342667036319,33950.8056640625,8773.8037109375,5525827.67395626,-752719.365679445,38566.7196059829,3525.18370545314,17070.7702636719,25817.026504774,25450.0841416777
7606.45632,7682.02752,75.5711999999994,51.9577600000002,1.24547469615936,0.03597312,0.829225063323975,0.01811456,0.294517596836874,0.904176009623498,0.60199168328999,0.935916219643421,0.000476016260162605,0.000239701897018972,0.687533875338762,33950.8056640625,9155.2734375,6461782.62960324,-817153.030823033,38292.6713507612,2848.74767704524,17070.7702636719,26818.4201597566,24849.954013626
7733.98528,7811.72736,77.74208,50.2374399999999,1.37746930122375,0.03864576,0.935354292392731,0.01875968,0.314604394668168,1,0.679038212729499,0.999747923055759,0.000497102212855638,0.000241306638566913,0.646206533192833,34332.275390625,9155.2734375,6236737.24915461,-794155.683879608,38437.8660172776,3349.65782966284,17118.4539794922,26516.4283141412,24045.5287664496
7861.9648,7943.20896,81.2441600000002,49.1008000000002,1.37488961219788,0.03879936,0.862514317035675,0.01905664,0.298760179825417,0.998127225758435,0.626158649248597,0.949398273941044,0.000477564910511721,0.000234560120998235,0.60436097806907,33950.8056640625,9155.2734375,5808097.60315592,-759742.531981387,38032.3229846867,3484.5474633219,17118.4539794922,26302.3736789654,23387.6361804447
7992.30976,8076.41088,84.1011200000003,59.2691199999999,1.3491804599762,0.04128768,0.637723028659821,0.02076672,0.291861746087541,0.979463178437134,0.462967144235637,0.92747647336018,0.000490929014976256,0.000246925605746986,0.704736393522461,33950.8056640625,9155.2734375,4364928.83157599,-682711.806199346,38534.430593529,3343.70654805076,16117.0959472656,26847.2594384347,26543.6929612338
8135.68,8206.44864,70.7686400000002,58.5216,0.99971616268158,0.04339712,0.600299417972565,0.01248256,0.235945396983305,0.725762934820706,0.435798763311279,0.749785840841254,0.00061322529301114,0.000176385472435248,0.826942555346547,34713.7451171875,9155.2734375,4529738.44970342,-729722.316896381,38990.79516418,3216.59680354741,33712.3870849609,28955.6179950775,28955.6179950476
8264.97024,8346.12224,81.152,55.6236799999988,1.10026884078979,0.04923392,0.645470142364502,0.0145408,0.270116243155601,0.798761061181042,0.468591308562057,0.858373747014158,0.000606687697160883,0.000179179810725552,0.685425867507871,35095.21484375,9155.2734375,4176423.97935682,-684008.792963467,39500.7030938261,3389.03229853329,17070.7702636719,28004.2270821258,28004.2270819614
8401.74592,8486.49216,84.7462400000004,68.4134400000003,1.17787659168243,0.05348352,0.666045546531677,0.01393664,0.30038676727049,0.855101881861178,0.483528413983496,0.954567233585094,0.000631101981633636,0.000164451425809569,0.807274045432575,34332.275390625,9155.2734375,3698598.30082618,-641482.347069365,39407.3476772469,3421.08069106963,16117.0959472656,27800.1606210613,27800.1606209348
8554.9056,8621.3632,66.4575999999997,67.8809600000004,0.796269714832306,0.043008,0.487240195274353,0.01199104,0.18284313000816,0.578067122167364,0.353721273382634,0.581037781317326,0.000647149460708785,0.000180431432973807,1.02141756548537,34332.275390625,8773.8037109375,4132456.08404185,-704326.855034518,38488.7093454689,3167.54200039248,16117.0959472656,28556.4148007643,28556.4148007501
8689.24416,8751.65696,62.4128000000001,0,0.725632905960083,0.02989056,0.392495006322861,0.01248256,0.16750615220529,0.526786989238471,0.284939204070947,0.532300026968585,0.000478917145200984,0.0002,0,37002.5634765625,9155.2734375,10347413.1518319,-1107439.44391279,41807.6223256637,2779.04656186616,18787.3840332031,30450.8946455198,28811.5220240454
