note.starts,note.ends,note.durs,INI,pk.amps,pk.times,qpk.amps,qpk.times,note.rmss,rel.pk.amps,rel.qpk.amps,rel.note.rmss,rel.pk.tm,rel.qpk.tm,rel.INI,max.Hz,min.Hz,FMa,FMb,FMc,FM.resid,note.DF,arcL,chordL
947.2512,955.38176,8.13055999999995,41.85088,0.0677606165409088,0.00290816,0.0527482777833939,0.00161792,0.0211742936638031,0.0288457927576928,0.0224550183711269,0.038410411002508,0.000357682619647358,0.000198992443324938,5.14735516372799,33187.8662109375,10681.15234375,766582564.622132,-7941188.02462306,29418.5820079985,4618.3132180569,12588.5009765625,27241.6078441181,13890.5941553085
997.23264,1015.808,18.57536,36.4646399999999,0.102653905749321,0.01140736,0.0652849301695824,0.0044544,0.0285919768742628,0.0436999165912981,0.0277918894780907,0.0518661732264549,0.000614112458654905,0.000239801543550165,1.9630650496141,28228.759765625,9918.212890625,47993642.3864301,-1919070.27107799,28558.6188821232,765.14563971269,13160.7055664062,19087.5028487753,19087.5028487705
1052.27264,1070.96064,18.6880000000001,41.3491200000001,0.0946210026741028,0.01123328,0.0837073400616646,0.00400384,0.0310332394916011,0.0402802980993311,0.0356343360934259,0.056294651549551,0.000601095890410956,0.000214246575342465,2.21260273972602,29373.1689453125,9918.212890625,56157046.9792622,-2126037.63682598,30169.7674919577,897.812412384504,23078.9184570312,20119.0287949147,20119.0287949039
1112.30976,1130.3936,18.08384,38.7481599999999,0.104930192232132,0.01083392,0.0735311135649681,0.0033792,0.0314441568487384,0.0446689350491018,0.0313023017117459,0.0570400603375045,0.000599093997734994,0.000186862967157418,2.14269535673838,28228.759765625,9918.212890625,66338875.7846077,-2197938.86631973,29415.4030936105,1710.32306609697,18882.7514648438,18358.3599446296,18052.6860800386
1169.14176,1193.1648,24.02304,40.8985600000001,0.114389352500439,0.01473536,0.0918889343738556,0.0033792,0.037066908543644,0.0486957132971517,0.0391172526606696,0.0672397962529258,0.000613384484228473,0.000140664961636828,1.70247229326513,33569.3359375,10299.6826171875,47875605.8827742,-2107313.83921095,34200.3384927161,1214.37438022404,20885.4675292969,23383.4697688517,22994.7636590317
1234.06336,1252.84352,18.7801599999998,40.5504000000001,0.0975226312875748,0.01286144,0.0622544288635254,0.00467968,0.03018913839222,0.0415155256093032,0.0265018006759373,0.0547634424962675,0.000684841875681578,0.000249182115594332,2.15921483097058,28228.759765625,9155.2734375,39937887.0849321,-1799310.9247755,28574.3264590992,716.817996530412,18882.7514648438,19705.477549929,19705.4775499267
1293.39392,1315.59424,22.2003199999999,34.0377600000002,0.102146916091442,0.01220608,0.0476447641849518,0.00508928,0.0255430967848397,0.0434840903584798,0.0202824452289116,0.046335469856061,0.000549815498154983,0.000229243542435425,1.53321033210333,33950.8056640625,9155.2734375,21024347.2671533,-1453839.95176284,30488.8399515851,5270.93164599723,12779.2358398438,21913.7741347091,21913.7741347082
1349.632,1373.0816,23.4495999999999,36.31104,0.189733505249023,0.00787456,0.151300802826881,0.002304,0.0507088806020596,0.0807698284194295,0.0644089712463268,0.0919864896712865,0.00033580786026201,9.82532751091707e-05,1.54847161572053,34713.7451171875,9536.7431640625,57086545.1000498,-2344562.83306574,35108.5997464364,1300.88878403285,20980.8349609375,24557.8800407296,23588.0976778421
1409.39264,1432.70912,23.31648,35.60448,0.151370286941528,0.00943104,0.123812019824982,0.0026112,0.0466614804628224,0.0644385507347284,0.0527069564461032,0.0846444595045155,0.000404479578392623,0.000111989459815547,1.5270092226614,33569.3359375,9155.2734375,43638410.1655423,-2152733.59968251,34690.3215374863,793.52393168812,18882.7514648438,26469.7886732193,26469.7886732129
1468.3136,1491.73248,23.4188799999999,34.49856,0.197752386331558,0.00964608,0.167472153902054,0.00254976,0.0581864694358682,0.0841834777287703,0.0712931388578286,0.105550921381485,0.000411893310013119,0.000108876257105378,1.47310887625711,33950.8056640625,9155.2734375,47419355.4506435,-2204243.47505227,34937.9422371848,910.266826481953,18882.7514648438,25617.0210586526,25614.0552758841
1526.23104,1550.46912,24.2380800000001,33.9251200000001,0.272099673748016,0.00902144,0.25015389919281,0.00323584,0.0761874725443654,0.11583322583307,0.10649087776951,0.138204947004865,0.000372201098436839,0.000133502323616392,1.39966201943388,36621.09375,9155.2734375,42948919.6021879,-2168254.67718486,36220.1203080944,1170.58795863465,18882.7514648438,27322.5048193809,27322.5048193729
1584.39424,1607.84384,23.4495999999999,33.6384,0.31524521112442,0.00905216,0.261358052492142,0.0032768,0.0854001542899214,0.134200343682826,0.111260502082223,0.154916857111554,0.000386026200873364,0.000139737991266376,1.43449781659389,33187.8662109375,9155.2734375,37050399.4415024,-1970196.41743194,34181.695235403,999.021945952169,20790.1000976562,25826.9056909111,25826.9056909073
1641.48224,1666.85696,25.37472,32.7884799999999,0.294519364833832,0.0096256,0.255636215209961,0.00421888,0.0819787381488061,0.125377320851191,0.108824707650876,0.14871036908048,0.000379338175948345,0.000166263115415658,1.29217110573042,35858.154296875,9155.2734375,42724235.3290473,-2135361.76695574,36368.9273982853,1320.02687697378,18882.7514648438,26687.7243515798,26675.0794545864
1699.64544,1724.34432,24.6988799999999,32.7372800000001,0.293824285268784,0.01024,0.266473025083542,0.00431104,0.0863716069011159,0.12508142447204,0.113437953334364,0.156679083264544,0.000414593698175789,0.000174543946932007,1.325456053068,36239.6240234375,9918.212890625,46058788.0185049,-2226307.87283274,36633.1401624177,1072.61490744677,18882.7514648438,26915.8252541238,26889.8532948002
1757.0816,1784.17664,27.0950399999999,30.2796800000001,0.348952531814575,0.01040384,0.33800607919693,0.00507904,0.0928906874683051,0.148549598997796,0.143889678239108,0.168504770010934,0.000383975812547242,0.000187452758881331,1.1175359032502,37002.5634765625,9536.7431640625,62966198.7041115,-2546414.34245788,38828.4916934288,2662.79405995591,18882.7514648438,28720.635746119,22769.1182552603
1814.45632,1842.6368,28.18048,29.9622400000001,0.416328907012939,0.00587776,0.416328907012939,0.00587776,0.10334631412633,0.177231819658572,0.177231819658572,0.187471396411797,0.000208575581395349,0.000208575581395349,1.06322674418605,37765.5029296875,8773.8037109375,37409688.873239,-2115799.99520971,39438.7678666548,2153.19180836492,18882.7514648438,29915.7495892137,29915.7495891891
1872.59904,1899.96032,27.3612799999999,33.9660800000001,0.386167019605637,0.01156096,0.35801163315773,0.00472064,0.109076228464907,0.164391860435258,0.152406071581068,0.197865526589094,0.000422529940119763,0.000172529940119761,1.24139221556887,37765.5029296875,8773.8037109375,50408592.7374458,-2294330.48872445,39199.406921628,3119.14817935884,18882.7514648438,27174.9069306061,25037.9480314304
1933.9264,1961.48224,27.55584,31.0886399999999,0.446957170963287,0.00443392,0.446957170963287,0.00443392,0.113539085835655,0.190270316052805,0.190270316052805,0.205961200927881,0.000160906726124118,0.000160906726124118,1.12820512820513,38909.912109375,9536.7431640625,48113843.670232,-2402216.36171044,40370.2023472239,1125.05608259866,19931.7932128906,30307.5646592011,29661.0781723495
1992.57088,2023.04512,30.47424,32.2252799999999,0.403039932250977,0.01248256,0.383440971374512,0.00447488,0.112412592452176,0.171574683824893,0.163231377748755,0.203917729039844,0.000409610215053763,0.000146841397849462,1.05745967741935,37765.5029296875,9155.2734375,45451970.2845173,-2218533.93791756,39335.691011869,2896.80093932394,19931.7932128906,28746.0608341802,25397.8315622078
2055.2704,2085.55008,30.2796800000001,30.3001600000002,0.468536466360092,0.00550912,0.468536466360092,0.00550912,0.121219834363326,0.199456653407004,0.199456653407004,0.219894166647494,0.000181941156577612,0.000181941156577612,1.00067636117687,38528.4423828125,9155.2734375,44213138.2685932,-2240660.45906595,39830.1344651442,2300.39098737204,19931.7932128906,29467.5557448044,27309.2670252221
2115.85024,2146.08896,30.2387199999998,29.98272,0.55879944562912,0.00555008,0.55879944562912,0.00555008,0.136099775434702,0.237881734620874,0.237881734620874,0.246886550021381,0.000183542160514732,0.000183542160514732,0.991534033186594,38909.912109375,9155.2734375,39949800.8404948,-2197422.3785671,40021.1627666767,986.967916889423,19931.7932128906,30516.2279171692,29917.9336545713
2176.07168,2206.2592,30.1875199999999,33.5564800000002,0.519942283630371,0.00550912,0.519942283630371,0.00550912,0.133112166099105,0.221340184390272,0.221340184390272,0.241466992499547,0.000182496607869743,0.000182496607869743,1.11160108548169,38528.4423828125,9155.2734375,50739791.4097083,-2380600.86099649,40253.1257042518,2211.6250401974,19931.7932128906,30220.3738681503,25625.9560921598
2239.81568,2272.27648,32.4607999999998,27.9654399999999,0.534048676490784,0.00620544,0.534048676490784,0.00620544,0.135066039414649,0.22734529629424,0.22734529629424,0.245011341052016,0.000191167192429023,0.000191167192429023,0.861514195583599,39291.3818359375,8773.8037109375,40695800.5013102,-2225829.8054188,41615.4127854568,1694.5410180422,28896.3317871094,31499.2444873823,29370.9072331302
2300.24192,2331.81184,31.5699199999999,29.22496,0.507717907428741,0.0154112,0.471563428640366,0.00520192,0.132958448917946,0.216136249708075,0.200745235640747,0.241188147773946,0.000488160882257543,0.000164774570223808,0.925721699643208,37765.5029296875,9155.2734375,46975099.8081831,-2307839.66256757,39677.0249065171,1861.73862099679,21743.7744140625,30650.8133014177,26040.117647615
2361.0368,2393.2416,32.2048,30.7814400000002,0.589062094688416,0.0136192,0.579779863357544,0.00509952,0.145787683080588,0.25076458822561,0.246813128882887,0.264460525349254,0.000422893481717011,0.000158346581875994,0.955802861685222,39291.3818359375,9536.7431640625,39326071.6117689,-2076177.06562099,40104.2710002671,2479.42739051358,21648.4069824219,28728.8978408602,26075.8656916549
2424.02304,2455.62368,31.6006400000001,30.6380799999997,0.613410294055939,0.00616448,0.613410294055939,0.00616448,0.148227874188958,0.261129652016825,0.261129652016825,0.26888705994282,0.000195074530136098,0.000195074530136098,0.969539857420597,38528.4423828125,9536.7431640625,47750729.4203329,-2299105.26885636,40697.5379356972,2576.71604191406,19836.42578125,30379.4391175431,24969.298112223
2486.26176,2518.58944,32.3276800000003,29.4092799999999,0.587531507015228,0.00933888,0.556726694107056,0.0061952,0.144362945166367,0.250113014832804,0.236999361291116,0.261876034469654,0.000288881849857457,0.000191637630662019,0.90972442191953,38528.4423828125,8773.8037109375,46587285.0021081,-2276386.7603995,40884.5559144632,3202.33846958122,21648.4069824219,30712.4551446262,24902.9144534889
2547.99872,2581.73952,33.7408,28.2931199999998,0.574782192707062,0.00613376,0.574782192707062,0.00613376,0.142050156076463,0.244685613237158,0.244685613237158,0.25768060859544,0.000181790591805766,0.000181790591805766,0.838543247344455,38528.4423828125,9155.2734375,46354183.5495205,-2291454.02216122,40926.4849801349,2637.99314377113,21743.7744140625,32093.4577532842,24543.9616961509
2610.03264,2642.19648,32.1638400000002,32.5119999999997,0.573554396629333,0.01357824,0.557557821273804,0.0059392,0.138110827645792,0.244162938665779,0.237353173331666,0.250534621744667,0.000422158548233045,0.000184654568608722,1.01082457815981,38146.97265625,9536.7431640625,50036361.3625192,-2377273.5501678,40852.2124983307,2900.57562398128,21743.7744140625,31774.2216146658,24698.9996387616
2674.70848,2708.65408,33.9456,29.4092800000003,0.621394991874695,0.01442816,0.595693945884705,0.00661504,0.145111327930447,0.264528749461188,0.253587776900296,0.263233609367401,0.000425037707390648,0.000194871794871795,0.866365007541487,39672.8515625,9155.2734375,49607584.3542828,-2471194.161905,42727.6369125124,2465.40608299804,21648.4069824219,34827.9220234262,26723.1625981756
2738.06336,2770.75968,32.69632,32.6143999999999,0.631938815116882,0.01375232,0.611321985721588,0.0050176,0.157257724098902,0.269017270310674,0.260240656129509,0.285267311007573,0.000420607579079236,0.000153460695270905,0.997494519260881,38909.912109375,9536.7431640625,40142958.1181821,-2156947.49543035,40428.226829594,1734.29932316914,21648.4069824219,30338.7333910973,27609.4425900018
2803.37408,2837.83168,34.4575999999997,29.3990400000002,0.807500779628754,0.00678912,0.807500779628754,0.00678912,0.175932496317968,0.3437542532805,0.3437542532805,0.319143561507432,0.000197028231797921,0.000197028231797921,0.85319465081725,40054.3212890625,9536.7431640625,39942039.075479,-2144382.8738999,41647.0148162758,2769.65154637713,21648.4069824219,31097.1174948181,26466.0579294461
2867.23072,2902.4768,35.2460799999999,30.54592,0.856400430202484,0.00692224,0.856400430202484,0.00692224,0.182390927336442,0.364570905465503,0.364570905465503,0.330859229278443,0.000196397443346892,0.000196397443346892,0.866647298082514,39672.8515625,9536.7431640625,44959568.4200651,-2341137.31560536,42595.9912296456,2388.00929937421,21648.4069824219,34290.6585514889,26663.26371734
2933.02272,2968.22784,35.2051200000001,31.78496,0.882503390312195,0.00688128,0.882503390312195,0.00688128,0.183292221880528,0.375682973450192,0.375682973450192,0.332494187894881,0.000195462478184991,0.000195462478184991,0.902850494473528,39291.3818359375,9155.2734375,44183613.6304235,-2312916.97897033,42350.6562932959,2452.81517975416,21648.4069824219,33872.782176525,26665.3281086586
3000.0128,3034.05056,34.0377600000002,30.4537599999999,0.664305567741394,0.00591872,0.664305567741394,0.00591872,0.16474678788722,0.282795843855419,0.282795843855419,0.29885255841656,0.000173886883273164,0.000173886883273164,0.89470517448856,37384.033203125,9536.7431640625,43744684.9873673,-2167936.86820146,39738.0600627671,2918.06476604092,21648.4069824219,30609.7707590401,23110.4742449313
3064.50432,3098.79808,34.29376,30.2284799999998,0.71682745218277,0.00615424,0.71682745218277,0.00615424,0.176017859155008,0.305154486252433,0.305154486252433,0.319298410670625,0.000179456554195282,0.000179456554195282,0.881457151388467,37765.5029296875,9536.7431640625,43367458.7733667,-2182227.28886457,40445.8132087695,2975.84330849827,21648.4069824219,31070.3026779328,23833.9596967663
3129.02656,3163.8528,34.8262400000003,31.4879999999998,0.797330141067505,0.01481728,0.668783783912659,0.00625664,0.171922949060578,0.339424597691047,0.284702226975803,0.31187019690148,0.000425463099088499,0.00017965304322258,0.904145839458969,37765.5029296875,9536.7431640625,35669613.3060066,-1989544.76112516,39917.3513160877,2364.97227378907,21648.4069824219,29459.5747821724,26025.8667262754
3195.3408,3231.95904,36.6182400000002,27.3305599999999,0.804956614971161,0.00580608,0.804956614971161,0.00580608,0.188981305323492,0.342671198695097,0.342671198695097,0.342814250360312,0.000158557046979865,0.000158557046979865,0.74636465324384,37765.5029296875,9918.212890625,42032442.5810678,-2095546.86450987,39698.220238897,2880.90883845322,21648.4069824219,31863.1213773447,20374.1248756187
3259.2896,3294.4128,35.1232,33.2185599999998,0.903952300548553,0.01496064,0.755048513412476,0.00628736,0.189877568751218,0.384813805652447,0.321425247462901,0.344440082474104,0.000425947521865889,0.000179008746355685,0.945772594752181,38528.4423828125,9918.212890625,37638481.724061,-2014353.65975794,40199.0167025862,3043.87539843132,21648.4069824219,29584.3167694707,24318.2407981634
3327.63136,3363.49184,35.8604800000003,30.9247999999998,0.823647975921631,0.00666624,0.823647975921631,0.00666624,0.191456939853152,0.350628138166139,0.350628138166139,0.347305079725675,0.000185893774985721,0.000185893774985721,0.862364363221004,38528.4423828125,9536.7431640625,35719629.6689535,-1968276.57732986,40580.0166388451,3068.93056346852,21648.4069824219,29580.8904315111,24648.8268692767
3394.41664,3431.14752,36.7308800000001,33.11616,0.759766042232513,0.01543168,0.741439163684845,0.00678912,0.191704142323391,0.323433506325025,0.315631727541588,0.347753507835414,0.000420128240869807,0.000184834123222748,0.901589071647616,38528.4423828125,9536.7431640625,30818945.906663,-1923888.73066172,40543.1456772716,1418.23408514951,21648.4069824219,30963.3748751861,29086.5126826877
3464.26368,3499.96032,35.6966400000001,32.2969599999997,0.817946195602417,0.01487872,0.782318294048309,0.00613376,0.200762291358864,0.348200882013022,0.333034032638197,0.364185093837703,0.000416810097532988,0.000171830177854274,0.904761904761893,37765.5029296875,9918.212890625,33833498.5989512,-1883447.0786585,39322.3879959783,3181.38289030894,21648.4069824219,28303.5848456398,24120.3931062544
3532.25728,3570.61632,38.3590400000003,32.21504,0.866666555404663,0.01539072,0.778956353664398,0.00666624,0.197551988221588,0.368941209856517,0.331602849739802,0.358361567211349,0.000401227976508273,0.000173785371062465,0.839829151094496,38146.97265625,9536.7431640625,34701085.3408334,-1942533.55671867,40008.9448498141,2840.91410565859,21648.4069824219,30916.5989962518,23453.9919603925
3602.83136,3639.6032,36.7718399999999,32.2559999999999,0.878770887851715,0.01594368,0.825966060161591,0.00685056,0.216189252165492,0.37409404173825,0.351614949989795,0.392169777270856,0.000433583959899751,0.000186299081035924,0.877192982456139,38146.97265625,9536.7431640625,31734379.5498643,-1871607.48669579,40270.3884578785,2823.47304421105,21648.4069824219,29278.9385430514,25912.2316305216
3671.8592,3709.42976,37.5705600000001,33.6896000000002,0.881122410297394,0.01665024,0.82733553647995,0.0078848,0.204570034736126,0.375095088254587,0.352197938045137,0.371092383895871,0.000443172526573997,0.000209866448623603,0.896702098664488,38909.912109375,9918.212890625,25853649.5078856,-1693919.80694029,40302.2978276644,2857.38826146104,21266.9372558594,28344.5743715542,27147.8748902884
3743.11936,3780.62848,37.5091199999997,31.1091200000001,0.945768535137177,0.0161792,0.831529378890991,0.00723968,0.216948010323533,0.402615037377106,0.353983262843271,0.393546173251974,0.000431340431340435,0.000193011193011194,0.829374829374838,38146.97265625,9918.212890625,38322757.4402278,-2034119.16092701,40557.403055261,2865.91719845238,21266.9372558594,31603.7004876701,22380.4260976604
3811.7376,3849.78944,38.0518400000001,33.9046400000002,0.985598862171173,0.014848,0.829873383045197,0.0075264,0.219785862447703,0.419570865374925,0.353278303009463,0.398694069478616,0.000390204520990311,0.000197793326157158,0.891011840688916,38146.97265625,9918.212890625,27146920.0562841,-1742154.22743739,40384.7232941658,3062.56058154613,21648.4069824219,28916.4067062666,26984.9938807672
3883.69408,3922.35008,38.6559999999999,33.5871999999999,0.980638265609741,0.01416192,0.78490537405014,0.00730112,0.211512966532513,0.417459132222686,0.334135356347896,0.383686941622133,0.00036635761589404,0.000188874172185431,0.86887417218543,37765.5029296875,9918.212890625,27571435.2561894,-1683766.48859632,38901.7597321541,3304.51320853655,21648.4069824219,27525.1115296433,23888.0584159781
3955.93728,3995.5456,39.6083199999998,34.2528000000002,1.01380395889282,0.01466368,0.783981919288635,0.00738304,0.22318200407822,0.431577815964758,0.333742240316324,0.404854709258252,0.000370217166494314,0.000186401240951397,0.864788004136514,38528.4423828125,9918.212890625,31663922.1668235,-1827035.33685457,40174.9988455227,3187.48849676431,21266.9372558594,30019.9096490103,22690.8371449715
4029.7984,4070.1952,40.3968,29.3785600000001,1.09503817558289,0.01440768,0.851559937000275,0.00684032,0.227386019014581,0.466159339851283,0.362510300487512,0.41248084045914,0.000356653992395437,0.000169328263624842,0.727249683143222,37384.033203125,9918.212890625,23085206.7386538,-1536530.82814618,37900.3038154669,2871.3848441938,21266.9372558594,26736.9171342956,24398.1462025896
4099.57376,4139.54048,39.9667199999994,32.9113600000001,1.09709763526917,0.01512448,0.910559356212616,0.00745472,0.241719811108134,0.467036054827266,0.387626438833094,0.438482503337702,0.000378426851140154,0.000186523187291829,0.823469126313106,38146.97265625,9918.212890625,25806314.0861462,-1649983.60135005,39406.4659946475,2704.96149409911,21171.5698242188,28024.6608062769,24723.0082105706
4172.45184,4213.13536,40.6835200000005,32.83968,1.14278817176819,0.01472512,0.941274583339691,0.00712704,0.245736700772898,0.486486582495398,0.400701955577812,0.445769187154649,0.00036194311603322,0.000175182481751823,0.80719859048577,37384.033203125,9918.212890625,24541683.9247559,-1572700.99957998,38314.184403037,3136.66382761661,21266.9372558594,27028.7098536824,23362.8738824808
4245.97504,4287.11936,41.1443199999994,33.9251199999999,1.16375923156738,0.01531904,0.936021864414215,0.00734208,0.252200171211148,0.495413993073363,0.398465865511436,0.457493996490798,0.000372324539571932,0.000178446988551521,0.82453957192634,38146.97265625,9918.212890625,24038952.2636137,-1553980.81537858,38620.3036588781,3234.60764916984,21266.9372558594,26984.9713703428,23243.0217666574
4321.04448,4361.10336,40.0588800000005,36.7103999999999,1.27626705169678,0.01492992,0.944133639335632,0.00714752,0.259703571989482,0.543308735310736,0.401919059862744,0.47110525136373,0.000372699386503063,0.000178425357873208,0.916411042944772,38146.97265625,9536.7431640625,25308122.6945218,-1620184.10723428,38601.7158933399,2603.82007792275,21171.5698242188,27570.2873959541,24290.4652976862
4397.81376,4441.73312,43.9193599999999,33.2185600000003,1.3393634557724,0.01449984,0.978475630283356,0.00695296,0.257481040706257,0.570168966055866,0.416538495227039,0.467073554183649,0.000330146887386338,0.000158311960830031,0.756353462345543,37765.5029296875,9918.212890625,28921776.2717478,-1734468.23358308,39273.4303193934,3028.66775407411,21266.9372558594,31619.6868788229,20389.2260038315
4474.95168,4517.44768,42.4960000000001,36.4953599999999,1.20648264884949,0.01785856,1.00602734088898,0.00728064,0.263367176254808,0.513601413786632,0.428267298399452,0.477751071423471,0.000420240963855421,0.000171325301204819,0.858795180722887,37384.033203125,9918.212890625,20093534.7066298,-1427778.70389476,37869.831548564,3045.39844797327,21266.9372558594,26338.8100776432,24387.7682172023
4553.94304,4596.09088,42.1478399999996,34.8672000000006,1.24104022979736,0.01531904,0.985210239887238,0.007168,0.264329081415996,0.528312626126736,0.419405428304902,0.479495978392897,0.000363459669582122,0.000170068027210886,0.82725947521868,37765.5029296875,9918.212890625,19981702.5616002,-1425519.92777793,37750.3490520853,2961.07879567346,19073.486328125,26262.9322398217,24586.2818086149
4630.95808,4672.31744,41.3593599999995,36.9459200000001,1.27951312065125,0.01542144,1.08180201053619,0.00712704,0.281245603462724,0.544690591573529,0.460524685190002,0.510182742960566,0.000372864570438232,0.000172319881158705,0.893290418420415,37765.5029296875,9918.212890625,24706867.1848454,-1569170.96149306,38460.0404749579,3075.23887323762,19168.8537597656,27193.8030615453,22636.422222161
4709.26336,4752.11776,42.8544000000002,35.3587200000002,1.18848443031311,0.0156672,1.05999362468719,0.00684032,0.275185726774969,0.50593954604677,0.451240823697977,0.499190057306116,0.000365591397849461,0.000159617682198327,0.825089605734768,37765.5029296875,9918.212890625,19837038.9611491,-1389784.28760935,37295.1498825738,3017.01220642555,19168.8537597656,25556.5518354936,23127.6576703269
4787.47648,4831.25248,43.7759999999998,39.1577600000001,1.27293264865875,0.01866752,1.14246559143066,0.00714752,0.284475348298334,0.541889275100432,0.486349259577766,0.516041537050169,0.000426432748538013,0.00016327485380117,0.894502923976613,37384.033203125,9918.212890625,19973836.6920721,-1413959.24355325,37714.8540080094,3055.73464265698,19073.486328125,26426.6361835866,23620.8540716204
4870.41024,4914.4832,44.0729599999995,40.0076800000006,1.321129322052,0.01880064,1.11452126502991,0.00710656,0.299145452377819,0.562406668879937,0.47445331929182,0.542653273719611,0.000426579925650562,0.000161245353159853,0.907760223048351,37002.5634765625,9918.212890625,15360276.2176383,-1232014.44632295,36700.7001775319,2693.99448789633,19073.486328125,24946.2738577554,24462.3265434231
4954.49088,5000.4992,46.0083199999999,34.7238399999997,1.29061460494995,0.0161792,0.979767739772797,0.0073216,0.287149207171532,0.54941650954374,0.417088548111079,0.520891947642982,0.000351658134876475,0.000159136434453595,0.754729579345643,36621.09375,9918.212890625,17527846.5612403,-1305001.47776042,36948.7073309561,2968.42334213002,21171.5698242188,25642.0824469,22938.5845375445
5035.22304,5080.12544,44.9023999999999,35.4713600000005,1.45869576931,0.0185856,1.12009751796722,0.00695296,0.304731381068547,0.62096890503699,0.476827138256368,0.552786212284092,0.000413911060433296,0.00015484606613455,0.789965792474356,37765.5029296875,9918.212890625,27350031.9640417,-1622380.45879376,38464.913190255,2943.58299907807,21171.5698242188,30414.1634013971,17704.9437367451
5115.5968,5161.41056,45.81376,34.8876799999998,1.32996332645416,0.01670144,1.14380514621735,0.00809984,0.301429053021825,0.566167317368893,0.486919509993668,0.546795751418966,0.000364550737594993,0.00017679928475637,0.761510952168078,37384.033203125,9536.7431640625,19161985.2934636,-1344551.33807008,37545.5564206785,3215.60171935761,21171.5698242188,25792.1475125761,21379.8497781496
5196.29824,5242.73664,46.4384,38.1132799999996,1.4410845041275,0.01938432,1.1829628944397,0.00715776,0.313212588475367,0.613471763901205,0.5035890202157,0.568171219570089,0.00041742006615215,0.000154134509371555,0.820727673649384,37002.5634765625,9918.212890625,18348223.6562701,-1340801.06437486,37451.0481550887,2891.74771675789,19073.486328125,26293.456118568,22696.2532273895
5280.84992,5326.91968,46.0697600000003,38.5228800000004,1.40865671634674,0.01926144,1.19822585582733,0.00772096,0.334992591182221,0.599667207601904,0.51008648501947,0.607680393707789,0.00041809290953545,0.000167592798399643,0.836185819070908,37384.033203125,9918.212890625,18409270.8598906,-1339631.21032141,37317.1991282247,2898.46800739426,21171.5698242188,26097.8357079513,22644.2323929623
5365.44256,5413.87776,48.4351999999999,37.7241599999998,1.46611404418945,0.02051072,1.31746125221252,0.007424,0.345404192100454,0.624126875414417,0.560845166228225,0.626567156912885,0.000423467230443976,0.000153276955602537,0.778858350951371,38146.97265625,9918.212890625,14433205.9172868,-1227103.1662208,37545.2781482734,2802.00891186958,21219.2535400391,26588.676475817,25575.1394111504
5451.60192,5499.57632,47.9744000000001,36.3519999999999,1.41883206367493,0.01680384,1.12711775302887,0.0068096,0.332703208035649,0.603998867720274,0.479815662505941,0.603527426482613,0.000350266808964781,0.000141942369263607,0.757737459978651,37384.033203125,9536.7431640625,18241952.5208706,-1299735.73848075,36908.396094669,3151.8486412333,21219.2535400391,25933.5830158499,20369.4030716107
5535.92832,5585.53088,49.6025600000003,39.7721599999995,1.55953681468964,0.01701888,1.21429789066315,0.00740352,0.343403604599733,0.663897084339108,0.516928373563806,0.622938068293956,0.000343104872006604,0.000149256812551609,0.801816680429383,37765.5029296875,9536.7431640625,14437110.6924348,-1176309.00623002,36527.2707302078,3030.52030513529,21219.2535400391,25095.082620773,22826.6693912687
5625.30304,5675.4176,50.11456,36.4134400000003,1.61746406555176,0.01731584,1.28530132770538,0.00735232,0.361304886826587,0.688556799062672,0.547154639713077,0.655411199096934,0.000345525132815693,0.000146710257458112,0.72660400490397,37765.5029296875,9918.212890625,16149684.4019317,-1230679.45498434,36827.4309398086,3166.78423920843,21219.2535400391,25776.1630131153,21115.5256499469
5711.83104,5759.6928,47.8617599999998,42.7827200000002,1.46436250209808,0.0087552,1.46436250209808,0.0087552,0.356872751886821,0.623381241405265,0.623381241405265,0.647371255599505,0.000182926829268294,0.000182926829268294,0.893881044073606,37765.5029296875,9536.7431640625,14598074.2013119,-1239367.57093419,37927.081801722,2725.79386390907,19073.486328125,26732.9780717403,25877.8029251628
5802.47552,5851.40224,48.9267200000004,43.3561599999994,1.5337450504303,0.0177664,1.2627500295639,0.0081408,0.343964641602582,0.652917492879355,0.537554519380445,0.623955795837043,0.000363122645458348,0.000166387609878609,0.886144830472981,37765.5029296875,9536.7431640625,16487117.6451156,-1261142.10214635,37698.3210142808,3116.52389289981,19073.486328125,25997.7467483618,22236.2897570623
5894.7584,5945.28256,50.5241599999999,41.3593600000004,1.52441775798798,0.0183808,1.25415706634521,0.00838656,0.353996699421233,0.64894685095612,0.533896482472957,0.642154063516405,0.000363802188893393,0.000165991082286178,0.818605593838679,37765.5029296875,9536.7431640625,11486557.4756387,-1068529.83093776,36813.4747303002,2801.78299254177,19073.486328125,25034.7197809414,24664.9431980188
5986.64192,6036.736,50.0940799999998,39.8643199999997,1.64250683784485,0.01818624,1.45702993869781,0.00848896,0.36552250562602,0.699217543555876,0.620259758528865,0.663062007861104,0.000363041700735896,0.000169460343417826,0.795789043336055,37765.5029296875,9536.7431640625,12978710.6844843,-1137194.23787688,37224.4314225932,3003.99887648661,19073.486328125,25422.7608168545,24397.7038312944
6076.60032,6127.90272,51.3024000000005,41.9737599999999,1.64857840538025,0.0177664,1.42237782478333,0.00805888,0.358127667442316,0.701802218663352,0.605508303367741,0.649647686777108,0.000346307385229538,0.000157085828343312,0.81816367265468,38146.97265625,9536.7431640625,13802025.6461021,-1163194.88035735,37190.3409525908,2985.33590692398,21219.2535400391,25666.7303205183,23348.6374672159
6169.87648,6223.84128,53.9647999999997,44.8000000000002,1.64549922943115,0.01862656,1.43589270114899,0.00859136,0.369318671136905,0.700491408995047,0.611261605841816,0.669948295537179,0.000345161290322582,0.000159203036053132,0.830170777988622,37765.5029296875,9536.7431640625,12835760.1901538,-1117253.78613735,37204.4739857141,3204.22296698622,21219.2535400391,25712.0907054823,22912.0809256386
6268.64128,6320.13824,51.4969600000004,43.3459199999998,1.7090677022934,0.00815104,1.7090677022934,0.00815104,0.395286837476078,0.727552600107443,0.727552600107443,0.71705484642885,0.000158281964605288,0.000158281964605288,0.841718035394699,38146.97265625,9536.7431640625,12135649.6241507,-1080579.31660306,36911.2167624231,2954.54566240197,19073.486328125,24644.7840543414,23463.5729307953
6363.48416,6417.14176,53.6576000000005,44.4825599999995,1.6303938627243,0.0197632,1.39579999446869,0.00847872,0.38782284873282,0.6940610324755,0.594194082447949,0.703515085438536,0.00036832061068702,0.000158015267175571,0.829007633587769,38528.4423828125,9918.212890625,14530618.9870954,-1188493.18381232,37790.9424876618,3086.70529113479,21171.5698242188,26668.7807519354,21936.0340218495
6461.62432,6518.0672,56.4428800000005,42.2297599999993,1.64777398109436,0.01900544,1.51250851154327,0.00873472,0.367835103610337,0.701459774077919,0.643877067468587,0.667257087067597,0.000336719883889692,0.000154753265602321,0.748185776487643,38528.4423828125,9536.7431640625,10006192.440895,-1004782.16935303,36817.8346254452,3044.32577470151,21219.2535400391,25613.0409598929,24835.0845138832
6560.29696,6613.47328,53.1763200000005,47.4316799999997,1.60467743873596,0.01895424,1.30267107486725,0.00833536,0.365814729018508,0.683113513478402,0.554548966277125,0.663592104438975,0.000356441363373769,0.000156749470440977,0.891969959560933,37765.5029296875,9536.7431640625,9986837.85747193,-980690.314152163,36261.1070037438,2998.87831210603,19073.486328125,24241.541514596,23909.5107458377
6660.90496,6718.03392,57.12896,47.0425599999999,1.71777772903442,0.0204288,1.60840058326721,0.00835584,0.395672251145352,0.731260471126207,0.684698461506295,0.717753991235183,0.000357590966122961,0.000146262771105933,0.823445061839037,38528.4423828125,9155.2734375,9174955.11445073,-958773.7497051,36489.7153751338,2779.84574901512,21171.5698242188,25266.1745057594,24829.280391293
6765.07648,6822.12352,57.0470400000004,45.3734400000003,1.65340280532837,0.02153472,1.59042012691498,0.00883712,0.405067983233388,0.703855972719732,0.677044155153989,0.734797956757766,0.000377490576198167,0.000154909352001435,0.79536887452881,38528.4423828125,9536.7431640625,10297040.4618695,-1013360.29531677,37155.5031837996,2929.49160601469,19073.486328125,25564.9199842525,24298.8795586057
6867.49696,6926.04928,58.5523199999998,43.3459199999998,1.65311622619629,0.020224,1.5814151763916,0.00950272,0.393422589094798,0.703733975567482,0.673210734653251,0.713673078532709,0.000345400489681708,0.00016229450856943,0.740293809024133,38528.4423828125,9155.2734375,9347088.91893297,-985014.294992856,37225.4462511202,2744.1627388496,19073.486328125,26271.8191068713,25629.553921696
6969.3952,7029.73952,60.3443200000002,43.6838399999997,1.59653282165527,0.02207744,1.44274437427521,0.00912384,0.375659030167891,0.679646338172249,0.614178373030956,0.681449779371795,0.000365857797386729,0.000151196334634312,0.723909723400638,37384.033203125,9155.2734375,9586517.69691574,-975486.424422136,36933.0773496441,3009.66200909934,21219.2535400391,25674.4659297095,23956.3651276487
7073.42336,7132.81536,59.3919999999998,47.0528000000004,1.52050387859344,0.02128896,1.4884752035141,0.00903168,0.393724326742106,0.64728070682024,0.6336460533769,0.714220434077693,0.00035844827586207,0.000152068965517242,0.792241379310354,37765.5029296875,9536.7431640625,8564835.48837619,-903707.671094622,36113.6437344617,2977.62055339162,19073.486328125,24215.5246590684,23461.3225294587
7179.86816,7242.04544,62.1772799999999,48.93696,1.71243250370026,0.02695168,1.70144367218018,0.00928768,0.436145137204645,0.728985000947457,0.724307039428526,0.791172269675925,0.000433465085638999,0.00014937417654809,0.787055335968381,38528.4423828125,9155.2734375,8298796.06585971,-890405.769760826,36358.8333129883,3089.99072184291,19073.486328125,24487.5706299619,23279.7458564906
7290.9824,7352.33024,61.3478400000004,49.8278399999999,1.80251622200012,0.02726912,1.74834942817688,0.009984,0.418208441965196,0.767333770506711,0.744274887799666,0.758634899262868,0.000444500083458519,0.00016274411617426,0.812218327491231,37384.033203125,9536.7431640625,8558261.7129175,-886263.716134029,36590.4502852088,3486.29688623163,19073.486328125,23728.331274476,22160.8548326022
7402.15808,7465.15456,62.9964799999998,54.14912,1.67836546897888,0.00871424,1.67836546897888,0.00871424,0.420955302976016,0.714482614847581,0.714482614847581,0.763617736568687,0.00013832899869961,0.00013832899869961,0.859557867360212,38528.4423828125,9536.7431640625,8785000.17659192,-899426.074365679,36176.7937155331,3134.42838879645,21171.5698242188,24245.6211132578,21796.9072188824
7519.30368,7581.3888,62.0851199999997,51.8348800000003,1.73569750785828,0.02719744,1.68648409843445,0.00982016,0.418444253707144,0.738888946966661,0.717938727184021,0.759062664461144,0.0004380669635494,0.000158172521853868,0.834900214415315,38146.97265625,9155.2734375,7585112.70411065,-858571.99572154,36338.3974347796,2928.30072632139,19073.486328125,24524.3715947002,24067.2572368269
7633.22368,7696.26112,63.0374400000001,53.30944,1.53399765491486,0.00920576,1.53399765491486,0.00920576,0.389125737769012,0.65302502697487,0.65302502697487,0.705878541059082,0.000146036387264457,0.000146036387264457,0.845679012345678,37765.5029296875,9155.2734375,6935668.24251797,-805260.415716181,35695.6198006546,3431.46624859249,21171.5698242188,23545.9184590157,23201.1595647237
7749.57056,7815.51616,65.9456,53.6678400000001,1.84846234321594,0.01097728,1.84846234321594,0.01097728,0.427224944968754,0.786893100959545,0.786893100959545,0.77499093888671,0.000166459627329193,0.000166459627329193,0.813819875776398,37384.033203125,9155.2734375,7685018.1059791,-839801.172945747,36459.6212916805,2875.92062853464,19073.486328125,23925.3554782939,21960.4151963453
7869.184,7935.2832,66.0991999999997,54.7635200000004,1.72237598896027,0.01000448,1.72237598896027,0.01000448,0.432569345634156,0.733217957047056,0.733217957047056,0.784685742849455,0.000151355538342371,0.000151355538342371,0.828505034856711,37765.5029296875,9155.2734375,8361013.09878407,-872487.986919625,36426.0761863821,2887.55887322115,19073.486328125,24382.3038885148,21140.6201591571
7990.04672,8058.12224,68.0755199999994,52.6540800000002,1.7248672246933,0.029184,1.71972680091858,0.0098816,0.437745542393459,0.734278479712493,0.732090193854693,0.794075423001787,0.000428700361010834,0.000145156438026475,0.773465703971129,38909.912109375,9155.2734375,8847492.89514121,-918542.697443464,37288.4043223088,2816.70525549837,19073.486328125,26152.8165418088,21528.544041769
8110.77632,8180.21376,69.4374399999997,51.0156799999995,1.88068521022797,0.01142784,1.88068521022797,0.01142784,0.447332464488976,0.800610422190328,0.800610422190328,0.811466209385719,0.000164577495944552,0.000164577495944552,0.734699896770384,38146.97265625,9536.7431640625,6175517.25841591,-758809.442450915,36242.6048236641,3223.45106771466,19073.486328125,23704.7420934766,22914.1700348042
8231.22944,8301.45536,70.2259200000008,57.61024,1.951988697052,0.01028096,1.951988697052,0.01028096,0.453883175340147,0.830964419966976,0.830964419966976,0.823349273829196,0.000146398366870806,0.000146398366870806,0.820355788859716,38528.4423828125,9155.2734375,7238944.675848,-811763.933406078,36461.4874769599,3415.89665709226,21171.5698242188,24208.2554198808,21306.7115267331
8359.0656,8433.8176,74.7520000000004,50.862079999999,2.13140273094177,0.01040384,2.13140273094177,0.01040384,0.471711948797391,0.907341234458938,0.907341234458938,0.855690872894387,0.00013917808219178,0.00013917808219178,0.680410958904092,38146.97265625,9155.2734375,5032918.67396417,-662379.66413693,34877.168442477,3468.99209377095,21171.5698242188,22196.7622850067,21390.9521426873
8484.67968,8559.67744,74.9977600000002,57.6819200000009,2.07064485549927,0.01060864,2.07064485549927,0.01060864,0.470920588550495,0.881476518745289,0.881476518745289,0.854255336351022,0.000141452758055707,0.000141452758055707,0.769115237575106,38909.912109375,9155.2734375,7588286.04354114,-835737.875999184,36852.8516581015,2906.61511421261,21171.5698242188,26025.1964026982,19996.9092783539
8617.35936,8692.24448,74.885119999999,53.3708800000004,2.04022359848022,0.0315904,1.99833011627197,0.01017856,0.453718088703759,0.868526145502005,0.850692029353611,0.823049804781709,0.000421851497333521,0.000135922330097089,0.712703404895407,37765.5029296875,9155.2734375,5788149.20006892,-708078.572565805,35153.6280923528,2977.15726413344,21171.5698242188,22744.62424546,20565.8746241798
8745.61536,8824.04352,78.4281599999995,59.7606400000004,2.10975098609924,0.03121152,1.95123612880707,0.01125376,0.48450533931882,0.898124055270597,0.830644050573402,0.878898229694379,0.000397963180571879,0.000143491317404362,0.761979370675033,39291.3818359375,9155.2734375,6661953.73714689,-780136.196326785,36875.655700264,3279.8095121805,19073.486328125,25471.1414078285,20207.1270052469
8883.80416,8967.24992,83.4457600000005,56.5862400000005,2.0151309967041,0.01060864,2.0151309967041,0.01060864,0.470527990938142,0.857844188525589,0.857844188525589,0.85354315978974,0.000127132163455638,0.000127132163455638,0.678120014725735,38528.4423828125,8773.8037109375,5669413.1532128,-711052.215654711,35830.3526898364,3278.37729400663,21171.5698242188,24732.6725363107,19857.0639962869
9023.83616,9107.12832,83.2921599999991,54.0262400000011,2.12868237495422,0.03228672,1.88728106021881,0.01148928,0.484259407259566,0.906183174968783,0.803418285099631,0.878452106124704,0.000387632161298259,0.000137939513154661,0.648635357757581,37765.5029296875,8773.8037109375,5904503.56143816,-740286.100932646,36212.6727204223,2692.788255855,19073.486328125,25710.2092479477,20697.0394163741
9161.15456,9244.928,83.773439999999,56.1356799999994,2.24019289016724,0.01185792,2.24019289016724,0.01185792,0.494555371127764,0.953653363056522,0.953653363056522,0.897129102397807,0.000141547488082143,0.000141547488082143,0.670089231145337,38909.912109375,9155.2734375,5795269.25793332,-741173.867725588,36755.875274018,2871.03422068835,19025.8026123047,25975.893973197,21419.5471878925
9301.06368,9388.46208,87.3984,61.4912000000004,2.15277695655823,0.01241088,2.15277695655823,0.01241088,0.513307732494979,0.916440273310159,0.916440273310159,0.931146100500256,0.000142003514938488,0.000142003514938488,0.703573520796724,38909.912109375,8773.8037109375,5097338.84455496,-695654.405944148,36596.2516935235,2724.0915794129,21171.5698242188,25606.2204817258,21863.1595710899
9449.95328,9539.90144,89.9481599999999,62.7404800000004,2.2084641456604,0.03356672,1.93218016624451,0.01245184,0.503936104531687,0.940146390492991,0.822531899667187,0.91414586013578,0.000373178506375228,0.000138433515482696,0.697518214936253,38909.912109375,9155.2734375,5435457.98233201,-717329.894656531,37011.9742422777,2781.73191914208,19073.486328125,26787.8468253539,20545.9992190096
9602.64192,9694.58688,91.9449600000007,58.0403200000001,1.99344456195831,0.03514368,1.9789537191391,0.01202176,0.526298343318553,0.848612241795108,0.842443468985979,0.95471121718512,0.000382225192114932,0.000130749526673348,0.6312506960686,38528.4423828125,8773.8037109375,3749979.45511933,-598901.188458327,36095.4903400138,3065.326068717,19073.486328125,24460.5408713687,23364.0857405451
9752.6272,9846.9888,94.3615999999984,61.2659200000016,2.34906411170959,0.01229824,2.34906411170959,0.01229824,0.515602932078914,1,1,0.935309618809367,0.000130330982094414,0.000130330982094414,0.649267498643545,38146.97265625,8773.8037109375,3689878.79801998,-573009.400050969,35285.1164336559,3172.58353111158,19073.486328125,23276.9668207819,21214.9913636839
9908.25472,10005.82144,97.5667199999989,65.0547200000001,2.0349714756012,0.0292352,1.89516222476959,0.01191936,0.527135269863052,0.866290309173465,0.806773308281628,0.956229411513751,0.000299643157010919,0.000122166246851387,0.666771620486994,38909.912109375,8773.8037109375,3449326.32423766,-555361.430390592,35086.3077994169,3204.388009441,19049.6444702148,23358.4504863075,21349.7423380707
10070.87616,10169.9072,99.0310399999998,64.9215999999997,2.19410562515259,0.0364544,2.06586742401123,0.01137664,0.551264438759079,0.934033947483778,0.8794427592305,1,0.000368110846861752,0.000114879536759384,0.655568193568398,38146.97265625,8773.8037109375,3399158.04112729,-531619.22759495,34231.3771594103,3116.17135890347,19073.486328125,22261.2248907776,19310.7628034757
10234.8288,10340.62848,105.79968,68.0755200000003,2.15618109703064,0.01240064,2.15618109703064,0.01240064,0.525916097200949,0.917889420847446,0.917889420847446,0.954017818353765,0.000117208672086721,0.000117208672086721,0.643437862950061,37765.5029296875,9155.2734375,3635133.54806839,-547453.630371153,34793.5049687019,3306.01690926948,19049.6444702148,23993.1623437443,17230.2887612213
10408.704,10514.83136,106.12736,66.7238400000006,2.18872761726379,0.03007488,2.08569407463074,0.01205248,0.542859466893909,0.931744521723968,0.887882993160547,0.984753284858914,0.000283384793516016,0.000113566190659976,0.628714781937479,38146.97265625,8773.8037109375,3266092.86153371,-521198.99437945,34561.3706280704,3351.33018878882,19264.2211914062,23058.7247335149,18527.4153859593
10581.5552,10691.9424,110.387199999999,69.7343999999994,2.09444046020508,0.01272832,2.09444046020508,0.01272832,0.541802350988023,0.891606342187397,0.891606342187397,0.982835664509112,0.00011530612244898,0.00011530612244898,0.631725417439702,38146.97265625,8773.8037109375,2803731.11973695,-488212.212565647,34530.7605728473,3050.78069656525,19097.3281860352,22778.0812072166,19727.979224579
10761.6768,10872.76032,111.08352,70.2771200000007,2.14292907714844,0.03406848,1.60890102386475,0.0134656,0.510023358536268,0.912248016759689,0.684911499794625,0.925188208556229,0.000306692477876106,0.000121220501474926,0.632651179941008,37765.5029296875,9155.2734375,3060053.91358354,-505319.759214735,34892.8967896113,2889.1228558591,18143.6538696289,23349.7892485736,18373.01415848
10943.03744,11056.88576,113.848319999999,75.8374400000012,1.97947466373444,0.04109312,1.89265275001526,0.0147968,0.534139766526643,0.842665235855917,0.805705021238365,0.968935648613604,0.000360946213347727,0.000129969418960246,0.666127001259234,38528.4423828125,9155.2734375,3220795.25819705,-535450.44794204,35829.4476619977,2926.30953382693,19049.6444702148,25294.7658406071,19213.9895572388
11132.7232,11253.31968,120.59648,82.4729599999991,1.99055624008179,0.04407296,1.82702481746674,0.01458176,0.526691626045275,0.847382678982357,0.777767115149986,0.955424636551709,0.000365458096289377,0.000120913645240723,0.683875350258971,38146.97265625,9155.2734375,2773539.91120433,-501026.341921872,35736.7669175704,2816.86046808687,19264.2211914062,25168.9863470919,20085.0050480768
11335.79264,11457.54624,121.7536,76.0934400000006,2.04249215126038,0.04364288,2.00530457496643,0.01436672,0.520532764647635,0.869491871711367,0.853661066537267,0.94425239150085,0.000358452481076535,0.000117998317914214,0.624978973927675,38146.97265625,8773.8037109375,2598368.06179751,-478222.507062633,35215.5273887277,2962.40097011166,19097.3281860352,24300.5214473977,19707.2618951309
11533.63968,11662.1824,128.542719999999,83.3740799999996,2.10765290260315,0.03346432,1.9666862487793,0.01416192,0.512582652028107,0.897230898082747,0.837221189058134,0.929830796236292,0.000260336174619614,0.000110172867043735,0.648609894049231,37384.033203125,8773.8037109375,2409188.49564595,-458947.66798231,34761.6594545197,2949.21322932618,19049.6444702148,24527.718471855,19186.8038696775
11745.55648,11877.89824,132.341760000001,79.0835200000001,2.06375098228455,0.03414016,1.99263393878937,0.03206144,0.466874477268755,0.878541786917257,0.848267158336166,0.8469156441865,0.000257969668833176,0.000242262457443514,0.59757041163726,38146.97265625,8773.8037109375,2443814.19012772,-469177.383963555,35345.0335008189,2893.00483610414,18167.4957275391,25747.713330641,19289.9646048227
11956.98176,12090.9824,134.00064,76.615679999999,2.25041770935059,0.03642368,1.66439318656921,0.03296256,0.479514969253612,0.958006083415401,0.708534593957041,0.869845641291541,0.000271817209231239,0.000245988078862907,0.571756075194856,38146.97265625,8773.8037109375,2347754.15903602,-466654.302395011,35774.3351459249,2922.73334323224,19049.6444702148,26002.2648520628,20375.2988127199
12167.59808,12302.70464,135.10656,79.1551999999992,2.08674335479736,0.03462144,1.75921833515167,0.01622016,0.472235415286922,0.888329673249607,0.748901797265701,0.856640447096397,0.000256252842201,0.000120054570259209,0.585872366227067,38146.97265625,8773.8037109375,2180175.86720142,-451842.195543147,35570.8438431156,2918.18945165329,19001.9607543945,25571.8337509947,21250.3884914848
12381.85984,12517.18144,135.321600000001,78.8889600000002,1.90652668476105,0.03803136,1.28090715408325,0.0187904,0.456209965837745,0.811611175385725,0.545284033627774,0.827570098417184,0.00028104426787741,0.000138857359061671,0.582973893303061,37765.5029296875,8773.8037109375,1974967.1460585,-419204.206706025,35067.9768928719,3118.95350634026,18334.3887329102,23927.9776507931,20561.9131304345
12596.0704,12723.456,127.3856,77.4963200000002,1.4092857837677,0.05380096,1.00562739372253,0.02670592,0.33844378041051,0.599935002515557,0.428097040310518,0.61394089045969,0.00042234726688103,0.000209646302250805,0.608360128617367,39672.8515625,9155.2734375,2517173.35933552,-505044.381136587,37709.7097383876,2442.03204162528,17976.7608642578,27176.9481452965,23488.9801334448
12800.95232,12939.2128,138.260479999999,83.5276800000011,1.23869037628174,0.07036928,1.02205061912537,0.02335744,0.336155960106365,0.527312290076344,0.435088431188684,0.609790758248558,0.000508961635313291,0.000168937935120724,0.604132721078371,39672.8515625,8773.8037109375,2459012.28132098,-486752.354434921,36900.7477797405,2679.83406209587,17976.7608642578,27883.215722965,20292.232945476
13022.74048,13157.48864,134.748159999999,89.0367999999999,1.28699159622192,0.04145152,1.03825461864471,0.02461696,0.330488535275274,0.547874189472539,0.441986497290232,0.599509984752904,0.000307622159738584,0.000182688654153052,0.660764495782357,37765.5029296875,8773.8037109375,1995331.99253973,-428877.641532206,35588.728329752,2753.28012143527,17428.3981323242,24530.4912303733,21561.0971377088
13246.52544,13374.6688,128.14336,79.5750399999997,1.15502262115479,0.04224,0.869918763637543,0.02475008,0.306187279167594,0.491694805347048,0.370325679619036,0.555427228095532,0.000329630813488892,0.000193143679079431,0.620984497362951,36621.09375,8773.8037109375,1905485.05892848,-409780.474846713,35114.5832200956,3188.52519874331,18000.602722168,22841.0979231646,21221.208935916
13454.24384,13587.56864,133.3248,75.6326399999998,0.931840538978577,0.06029312,0.779362976551056,0.0159232,0.252230198504761,0.396685869207888,0.331775949692515,0.457548466345012,0.000452227342549922,0.000119431643625192,0.567281105990781,37765.5029296875,9155.2734375,1944976.31070669,-425968.193624687,35828.1904137711,3113.3380805493,18215.1794433594,24426.350341511,22219.1933470075
13663.20128,13792.7168,129.515520000001,127.498239999999,0.939761936664581,0.05832704,0.826217770576477,0.0153088,0.2645385296468,0.400058019693913,0.351722103478553,0.47987591988028,0.000450347881087916,0.000118200506008854,0.984424414927247,38528.4423828125,8773.8037109375,2427387.41516138,-468110.420609453,36370.8276345213,3512.42914331013,18024.4445800781,25226.5699480025,19909.9128386323
13920.21504,13966.16192,45.9468800000013,0,0.486044853925705,0.01980416,0.17629362642765,0.01112064,0.111049117530198,0.206909999392044,0.0750484525087517,0.201444369929202,0.00043102295520391,0.000242032538444388,0,43869.0185546875,9536.7431640625,13577251.9820199,-1081778.23732749,32551.9928948017,4109.99870890329,20790.1000976562,22054.5814790532,21041.1839253209
