note.starts,note.ends,note.durs,INI,pk.amps,pk.times,qpk.amps,qpk.times,note.rmss,rel.pk.amps,rel.qpk.amps,rel.note.rmss,rel.pk.tm,rel.qpk.tm,rel.INI,max.Hz,min.Hz,FMa,FMb,FMc,FM.resid,note.DF,arcL,chordL
1438.72,1457.42848,18.70848,38.2668799999999,0.122677057981491,0.00840704,0.0774655342102051,0.00135168,0.027352108392104,0.052803668760123,0.033343352669729,0.061751947947012,0.000449370552818828,7.22495894909688e-05,2.04542966611932,30136.1083984375,10681.15234375,93744591.2034009,-2529930.88835669,31438.71531767,3486.62519225996,17166.1376953125,19618.3810575358,14519.8773024977
1495.69536,1516.96384,21.26848,34.4576000000002,0.266284227371216,0.00937984,0.247921645641327,0.00142336,0.0679384023631969,0.114616248298654,0.106712474771643,0.15338227774596,0.000441020702936929,6.69234472797305e-05,1.62012518054888,32424.9267578125,9918.212890625,64562505.0955907,-2277021.82301457,32762.69871384,3086.4880239457,28228.759765625,20929.4977957281,19224.0574548641
1551.42144,1574.48192,23.0604799999999,30.2592,0.292831391096115,0.00352256,0.292831391096115,0.00352256,0.0712526021132463,0.126042896955829,0.126042896955829,0.160864636601708,0.000152753108348136,0.000152753108348136,1.31216696269983,34332.275390625,9918.212890625,61712474.3693213,-2357834.51013805,35506.8006013569,3435.54078858181,28228.759765625,23487.6394259364,21554.9818485315
1604.74112,1630.89408,26.1529600000001,26.3270399999999,0.385556071996689,0.00623616,0.385556071996689,0.00623616,0.0911322868523443,0.16595421710585,0.16595421710585,0.205746341500412,0.000238449490994517,0.000238449490994517,1.00665622552857,36239.6240234375,9918.212890625,78795733.0076865,-2766269.68333202,38669.6357231636,3040.6429362552,25558.4716796875,30105.8558313243,18451.6463425525
1657.22112,1684.72576,27.5046400000001,21.00224,0.475458949804306,0.00551936,0.475458949804306,0.00551936,0.111589603217562,0.204650953549036,0.204650953549036,0.251932146163469,0.00020067014147431,0.00020067014147431,0.763588979895754,36239.6240234375,9918.212890625,53757507.6234588,-2342433.24158044,37045.4276637934,2306.69164495093,25558.4716796875,27274.724334419,23759.9478201551
1705.728,1733.38624,27.65824,26.1529599999999,0.420889317989349,0.00612352,0.420889317989349,0.00612352,0.0874789201764619,0.181162643590106,0.181162643590106,0.197498256725143,0.000221399481673454,0.000221399481673454,0.945575712698997,35858.154296875,9536.7431640625,48693717.3561599,-2246118.10674099,37465.076672701,2036.10680309872,24414.0625,26929.8867089722,24874.0394674169
1759.5392,1786.7264,27.1872000000001,26.03008,0.306425720453262,0.0094208,0.287114590406418,0.00157696,0.0902225070486578,0.131894280060395,0.12358222456155,0.203692361811713,0.000346516007532956,5.80037664783426e-05,0.957438794726928,35476.6845703125,11444.091796875,68284869.4393362,-2415212.27851414,36641.1257570978,2451.75946014239,21266.9372558594,27522.0942994044,15190.5183849403
1812.75648,1839.73888,26.9824000000001,25.98912,0.406147569417953,0.00478208,0.406147569417953,0.00478208,0.108902360015892,0.174817378865659,0.174817378865659,0.245865246313132,0.000177229601518026,0.000177229601518026,0.963187855787471,37002.5634765625,11444.091796875,77325289.9198049,-2729307.72927648,39416.5280308177,2162.52414316406,32711.0290527344,30820.8531034061,17346.6025261707
1865.728,1893.65248,27.9244799999999,26.43968,0.438965350389481,0.01083392,0.309695184230804,0.00437248,0.106039988449091,0.188943078196696,0.133301549562722,0.239402964961206,0.000387972130546389,0.000156582324899157,0.946828016134948,35095.21484375,8773.8037109375,54241698.0269292,-2186998.38338238,37106.977621086,2931.80539733345,20122.5280761719,25314.9630952839,18774.3866585907
1920.09216,1949.67552,29.5833600000001,24.4121600000001,0.480106174945831,0.01282048,0.401933521032333,0.00489472,0.112503400053414,0.206651250434733,0.173003533483688,0.253995194972459,0.000433367947386638,0.000165455174800969,0.825199030806508,37002.5634765625,11062.6220703125,52658799.586964,-2201768.04324855,37947.9449728261,2847.64894272047,17166.1376953125,26980.1112661412,19050.0217847195
1974.08768,2001.05984,26.9721599999998,26.9619200000002,0.473966121673584,0.01234944,0.407189160585403,0.00459776,0.116823610288387,0.204008398181085,0.175265709106817,0.263748790334314,0.000457858769931666,0.000170463173880032,0.999620349278678,36239.6240234375,11444.091796875,62345907.0799041,-2335876.25210996,37758.6101960624,2626.53269811005,17166.1376953125,26111.2916660613,17647.1417715805
2028.02176,2057.92256,29.9007999999999,25.8764799999999,0.628734111785889,0.01333248,0.502943933010101,0.00518144,0.129373174502258,0.270624910013258,0.216481266184144,0.292081525236622,0.000445890410958906,0.000173287671232877,0.865410958904109,37384.033203125,9918.212890625,60601501.8579978,-2429364.59881633,39425.7255222487,2689.40365447431,17166.1376953125,30234.9407604442,18458.6971056092
2083.79904,2113.86368,30.0646400000001,26.30656,0.691406965255737,0.0134656,0.458179533481598,0.00502784,0.135613259745863,0.297601075315273,0.197213404989547,0.306169558730201,0.000447888283378746,0.000167234332425068,0.874999999999998,37384.033203125,11444.091796875,50188851.1301469,-2125943.60861988,38433.9042331862,2455.28567357952,17166.1376953125,26475.3944159482,18550.9010905644
2140.17024,2171.20768,31.0374400000001,26.2656000000002,0.624816417694092,0.01384448,0.400736391544342,0.00726016,0.124027821391752,0.268938623885024,0.172488255158735,0.280013498804931,0.000446057406796436,0.000233916199274166,0.846255361266913,37002.5634765625,9918.212890625,52598039.4335944,-2230742.68066039,38897.2942645733,2836.88705501905,17166.1376953125,28736.5136085732,18567.65770431
2197.47328,2228.1216,30.6483199999998,26.4601600000001,0.626018464565277,0.0134656,0.440119862556458,0.00722944,0.129706801390798,0.269456018790515,0.189440012823656,0.292834743597689,0.000439358503174076,0.000235883728700302,0.863347811560316,37002.5634765625,11444.091796875,36672128.1226139,-1791123.52562208,37422.7670522837,3463.39518564322,17166.1376953125,23292.54761526,20448.0812304897
2254.58176,2282.97728,28.39552,27.1974399999999,0.659767627716064,0.01297408,0.442131072282791,0.00656384,0.139138112949454,0.283982611303146,0.190305694263559,0.314127502901403,0.000456905878110349,0.000231157591056617,0.957807428777493,37002.5634765625,11444.091796875,67155641.7351609,-2518298.90399658,39177.1670857908,2135.66201081359,17166.1376953125,29857.0715848866,17360.4398419027
2310.17472,2340.93568,30.7609600000001,27.5763200000001,0.728999853134155,0.0144384,0.448400855064392,0.00288768,0.156112640824762,0.313782115453747,0.193004385760118,0.352450331502204,0.000469374167776297,9.38748335552594e-05,0.896471371504662,38146.97265625,11444.091796875,53301844.5434586,-2269801.89708713,39697.3536564754,2193.59211320319,17166.1376953125,28943.4942553956,19385.1260051225
2368.512,2400.86016,32.34816,26.5420799999997,0.710505068302155,0.00939008,0.462493747472763,0.00802816,0.161435183398701,0.305821437979675,0.199070364475682,0.364466859342028,0.000290281734726179,0.000248179803735359,0.820512820512811,38909.912109375,10681.15234375,54537488.5266443,-2345810.91427717,41191.5575337206,2739.08016583977,24032.5927734375,31635.5131039456,18814.4503424789
2427.40224,2459.98592,32.5836800000002,27.5353599999999,0.780705809593201,0.00914432,0.625828146934509,0.00606208,0.174255966796003,0.33603781870187,0.269374100709827,0.393411916799417,0.0002806411062225,0.000186046511627906,0.845065996228778,38909.912109375,10681.15234375,46702804.3060453,-2188231.67974069,40420.401809562,2774.31672224289,24127.9602050781,29547.6900378223,21716.4508480889
2487.52128,2519.97184,32.4505600000002,27.1155199999998,0.757233023643494,0.00954368,0.715876281261444,0.00656384,0.170297201246325,0.325934469024601,0.308133359659319,0.384474343115747,0.00029409908488482,0.000202272010097821,0.835594824865877,38528.4423828125,11444.091796875,47107121.8698256,-2184831.3659928,40459.6573267228,2465.83651771878,28514.8620605469,29372.9405749908,21293.3721593146
2547.08736,2579.67104,32.5836800000002,29.1327999999999,0.691522896289825,0.01590272,0.627767324447632,0.00678912,0.157794754657192,0.297650975304918,0.270208777451793,0.35624798411209,0.000488057825267125,0.000208359522313009,0.89409176618478,38146.97265625,9536.7431640625,43484766.5535086,-2081627.95025503,39934.07681457,2938.29954264596,28514.8620605469,28164.5712080796,21659.4875005841
2608.80384,2642.09408,33.2902399999998,25.20064,0.978770017623901,0.00781312,0.978770017623901,0.00781312,0.183247308323312,0.421290244918898,0.421290244918898,0.413711370355561,0.000234697016302677,0.000234697016302677,0.756997846816369,38909.912109375,11062.6220703125,36817652.4405608,-1924633.82059693,40686.8437416533,2651.81216073703,28514.8620605469,27036.166521067,23268.7237410066
2667.29472,2699.91936,32.62464,24.1356800000003,0.788282632827759,0.01560576,0.758673429489136,0.00605184,0.174046521174323,0.339299097305339,0.326554460361244,0.392939058365897,0.00047834274952919,0.000185499058380414,0.739799121155063,38528.4423828125,9536.7431640625,38253392.3609234,-1870049.26752553,38505.0977397169,3601.77343884538,28514.8620605469,25415.444334756,20294.0304991257
2724.05504,2757.50912,33.45408,25.9071999999996,0.790903031826019,0.00677888,0.790903031826019,0.00677888,0.193936053550739,0.340426991004456,0.340426991004456,0.437842995948764,0.000202632384450566,0.000202632384450566,0.774410774410764,38909.912109375,10299.6826171875,44652926.0453635,-2223468.68243191,41592.776120364,3031.19632475415,28514.8620605469,30948.6023223228,24409.6397463421
2783.41632,2816.72704,33.3107200000004,27.5660799999996,0.892224311828613,0.00644096,0.892224311828613,0.00644096,0.184265963617566,0.384038530078174,0.384038530078174,0.416011154628312,0.000193359975407314,0.000193359975407314,0.827543805717777,38146.97265625,9536.7431640625,34499604.3671676,-1843203.50619936,39010.5195097871,3361.16793052229,28514.8620605469,26120.7064069832,23117.534585164
2844.29312,2879.1808,34.8876800000003,26.37824,0.853798747062683,0.00672768,0.853798747062683,0.00672768,0.185602425735825,0.36749908230199,0.36749908230199,0.419028440827124,0.000192838274141472,0.000192838274141472,0.75609040211329,38146.97265625,9918.212890625,34178471.2704905,-1895552.53700055,39638.8178649468,3066.62919581579,28514.8620605469,28032.9727137093,24531.0966520978
2905.55904,2939.99616,34.43712,27.136,0.988292932510376,0.00635904,0.988292932510376,0.00635904,0.203334667023152,0.425389176304848,0.425389176304848,0.459061933867645,0.000184656556645852,0.000184656556645852,0.787986916443649,38528.4423828125,9918.212890625,39119340.0214011,-2051671.16439898,40038.6616122742,3099.6251520723,28514.8620605469,29540.0274270936,24261.4248176972
2967.13216,3001.7024,34.57024,27.9142400000001,0.972357869148254,0.006912,0.972357869148254,0.006912,0.199640296832386,0.418530275208833,0.418530275208833,0.45072127681676,0.000199940758293839,0.000199940758293839,0.807464454976305,38528.4423828125,9536.7431640625,41480860.26072,-2134280.90016047,41023.1332930307,2743.67501179997,28514.8620605469,30697.9433736214,24208.7648901994
3029.61664,3064.75008,35.1334399999996,26.9926400000004,0.909444212913513,0.00671744,0.909444212913513,0.00671744,0.199373493825236,0.391450461599277,0.391450461599277,0.450118924516402,0.000191197901486449,0.000191197901486449,0.768289128533975,38909.912109375,10299.6826171875,42959848.7874827,-2149857.83977421,40803.8978179948,2926.85384682805,28514.8620605469,31289.2149876389,22504.0423489413
3091.74272,3128.8832,37.14048,26.2246399999999,0.99125874042511,0.00703488,0.99125874042511,0.00703488,0.201149703085916,0.426665743752034,0.426665743752034,0.454129013253844,0.000189412737799834,0.000189412737799834,0.706093189964155,38528.4423828125,9918.212890625,36968229.2872253,-2036450.57111438,40982.4087038984,2807.33612646797,28514.8620605469,31450.2627299835,24640.2122920172
3155.10784,3188.1216,33.0137599999998,30.0236800000002,1.00072538852692,0.00610304,1.00072538852692,0.00610304,0.220031744166635,0.430740456325528,0.430740456325528,0.496758371153235,0.000184863523573202,0.000184863523573202,0.909429280397035,38528.4423828125,10299.6826171875,42023093.7281806,-2093713.21658366,39869.4086133051,3142.25162681718,28514.8620605469,28837.4486235165,23320.024921804
3218.14528,3252.14208,33.9967999999999,29.92128,0.91359955072403,0.00592896,0.91359955072403,0.00592896,0.204770289229229,0.393239036292404,0.393239036292404,0.462303090507943,0.000174397590361446,0.000174397590361446,0.880120481927714,38146.97265625,10299.6826171875,37020989.9908584,-2016966.52227669,39528.4613119086,2628.2744732599,28514.8620605469,29161.75740194,25782.1984234535
3282.06336,3316.76672,34.70336,31.4367999999999,1.03643941879272,0.00618496,1.03643941879272,0.00618496,0.222962554035763,0.446112783109964,0.446112783109964,0.503375163390474,0.000178223664797876,0.000178223664797876,0.905871938624962,37765.5029296875,9536.7431640625,32073109.6002822,-1758063.25297434,38225.6886315724,3148.31897943538,27561.1877441406,25799.1438778899,22384.3121340811
3348.20352,3384.82176,36.6182399999998,30.2796800000001,0.99329662322998,0.00723968,0.99329662322998,0.00723968,0.209956357774238,0.427542906037883,0.427542906037883,0.474011505459001,0.000197706935123044,0.000197706935123044,0.826901565995533,38146.97265625,10299.6826171875,35058198.3271807,-1986525.44243352,40598.3384606874,2622.10015383767,28610.2294921875,30548.2240399663,25733.6850176821
3415.10144,3451.4944,36.3929600000001,27.6172799999999,0.971995055675507,0.00627712,0.971995055675507,0.00627712,0.206737686515078,0.418374110048437,0.418374110048437,0.466744818108801,0.000172481710748452,0.000172481710748452,0.75886325267304,38909.912109375,9536.7431640625,33800777.6138458,-2003037.34152848,40144.521027363,2124.34439477246,28514.8620605469,31220.990746537,28129.1011704505
3479.11168,3517.22496,38.11328,28.3545599999998,1.25737738609314,0.00741376,1.25737738609314,0.00741376,0.223676663989472,0.541210721011493,0.541210721011493,0.504987385748535,0.000194519075765717,0.000194519075765717,0.743954862976887,38146.97265625,9918.212890625,35429928.3204111,-2020869.76762336,41166.1209598664,3213.41267220841,28514.8620605469,32078.4144564623,25555.6779794901
3545.57952,3581.65504,36.0755200000003,28.9587200000001,1.14357841014862,0.00545792,1.14357841014862,0.00545792,0.231178155085239,0.492228429376147,0.492228429376147,0.521923253398303,0.000151291512915128,0.000151291512915128,0.802724950326421,38146.97265625,9918.212890625,32931334.2953317,-1887362.14490031,38739.8480194543,2832.72011359494,27561.1877441406,28854.9974124579,25229.3115882148
3610.61376,3646.48448,35.8707199999999,28.7641599999997,1.06117212772369,0.00576512,1.06117212772369,0.00576512,0.230565620699892,0.456758439204264,0.456758439204264,0.520540354832041,0.00016071938338567,0.00016071938338567,0.801884099343415,38146.97265625,9918.212890625,36315619.0405156,-1999961.65568593,39075.2782962592,2372.88979271533,20599.365234375,30058.160458921,25012.4469233883
3675.24864,3713.44384,38.1952000000001,29.7984000000001,1.23442959785461,0.00702464,1.23442959785461,0.00702464,0.251553030626606,0.531333345169081,0.531333345169081,0.567922934147614,0.000183914209115281,0.000183914209115281,0.780160857908848,39672.8515625,9918.212890625,25324261.2888983,-1674945.27159053,40076.6249625913,3266.44675252575,28514.8620605469,28360.414394623,27029.9809238986
3743.24224,3781.888,38.6457599999999,28.4672,1.02660119533539,0.00866304,1.02660119533539,0.00866304,0.238699664258571,0.441878134014388,0.441878134014388,0.538904315197862,0.000224165341812401,0.000224165341812401,0.736618971913093,38909.912109375,9536.7431640625,25532659.6597609,-1733175.18932651,40890.4783187374,2901.12232573159,26893.6157226562,29977.6150808979,28846.9788413526
3810.3552,3848.71424,38.3590399999998,28.3648000000003,1.07777798175812,0.00751616,1.07777798175812,0.00751616,0.248170658126137,0.463906067541137,0.463906067541137,0.560286663934285,0.000195942338494395,0.000195942338494395,0.739455419113732,39291.3818359375,9536.7431640625,28538447.8024673,-1800032.9498571,40663.1346671812,3462.03461685014,26512.1459960938,29712.0453106568,27055.608648066
3877.07904,3918.14144,41.0623999999998,27.1974399999999,1.10061526298523,0.00872448,1.10061526298523,0.00872448,0.245284667552627,0.473735878046375,0.473735878046375,0.55377105873427,0.000212468827930176,0.000212468827930176,0.662344139650874,39291.3818359375,9918.212890625,27799863.8810152,-1752243.44339832,40926.589047845,3411.35183835076,26988.9831542969,30145.1268274723,25077.395396742
3945.33888,3983.67744,38.3385600000001,31.3548799999999,1.1364107131958,0.01467392,1.07701861858368,0.00869376,0.262798382548015,0.489143250273411,0.463579216195079,0.593311192213202,0.000382745726495725,0.00022676282051282,0.817841880341874,39672.8515625,9536.7431640625,33363586.8019108,-1967448.19069907,41951.5179049584,3082.1415891606,26988.9831542969,31620.3067242597,26389.8231618617
4015.03232,4055.1936,40.1612800000003,27.5660800000001,1.17974889278412,0.00833536,1.17974889278412,0.00833536,0.268141238725297,0.507797226145522,0.507797226145522,0.605373581401568,0.000207547169811319,0.000207547169811319,0.686384497705249,38909.912109375,9918.212890625,31560073.8204004,-1786102.64902468,40249.1113657126,3387.4537760362,25749.2065429688,29713.0869643881,20828.0288705552
4082.75968,4123.10528,40.3455999999996,33.0547200000001,1.27817952632904,0.00910336,1.27817952632904,0.00910336,0.271688150942007,0.550164549384878,0.550164549384878,0.61338132747507,0.000225634517766499,0.000225634517766499,0.819289340101532,39291.3818359375,9536.7431640625,24996577.6552524,-1702286.39849239,40809.8494901685,3058.73278101414,25749.2065429688,29972.3597170621,27991.1509163903
4156.16,4195.38944,39.2294400000001,32.1331200000004,1.28861927986145,0.00815104,1.28861927986145,0.00815104,0.275464711973593,0.554658114005134,0.554658114005134,0.621907544061303,0.000207778647872618,0.000207778647872618,0.819107282693823,38909.912109375,9536.7431640625,28087469.3173731,-1782761.36653753,40835.565136325,2917.22738158261,26988.9831542969,29865.9630541208,26711.5482917093
4227.52256,4270.06976,42.5472,27.3407999999999,1.19328033924103,0.00777216,1.19328033924103,0.00777216,0.27414091866329,0.513621542674728,0.513621542674728,0.618918859810037,0.000182671480144404,0.000182671480144404,0.642599277978338,39291.3818359375,9918.212890625,34075288.7899458,-1968400.78703064,40764.8050120261,3310.63296247848,25653.8391113281,34788.8823916975,22064.6656162348
4297.41056,4338.42176,41.0111999999999,34.4063999999998,1.28004825115204,0.0111104,1.18734443187714,0.00892928,0.285667356958591,0.550968901300232,0.511066560582795,0.644941717259349,0.000270911360799002,0.000217727840199751,0.838951310861421,39291.3818359375,9536.7431640625,21367292.5786869,-1568006.83337728,40041.6353807092,3054.78543872053,25653.8391113281,29165.1235532376,28367.7966184421
4372.82816,4414.208,41.3798399999996,34.3756800000001,1.11470830440521,0.00854016,1.11470830440521,0.00854016,0.279682572398226,0.479801920900743,0.479801920900743,0.631430067650926,0.000206384558277656,0.000206384558277656,0.830734966592438,38909.912109375,9536.7431640625,25719512.3880032,-1703133.55353305,40067.0071974157,2881.76126094859,25653.8391113281,29954.2384460823,26436.1002828662
4448.58368,4490.35264,41.7689600000003,32.6860799999995,1.14604294300079,0.0103936,1.14604294300079,0.0103936,0.28595200575634,0.4932892338861,0.4932892338861,0.645584359409261,0.000248835498896786,0.000248835498896786,0.782544741358158,38146.97265625,9918.212890625,26728566.6507242,-1650730.53035914,39546.7574583655,3534.95199056146,25653.8391113281,28656.3710265178,22317.4100797539
4523.03872,4565.49376,42.4550400000007,31.6415999999999,1.18247365951538,0.01035264,1.18247365951538,0.01035264,0.290344882687047,0.50897004266308,0.50897004266308,0.655502011959987,0.000243849493487695,0.000243849493487695,0.745296671490579,38528.4423828125,9536.7431640625,21051460.8174183,-1513188.59176371,38732.1454682725,2695.98320374025,25653.8391113281,28085.6484943132,26298.6887986474
4597.13536,4638.89408,41.7587199999998,34.5087999999996,1.23043930530548,0.00887808,1.23043930530548,0.00887808,0.304025348957324,0.529615810615454,0.529615810615454,0.686387946927139,0.000212604217753802,0.000212604217753802,0.826385483079936,38909.912109375,9536.7431640625,22321285.7547113,-1566602.6626716,39873.0211716922,2929.41884668766,25653.8391113281,28479.7528255457,26495.6715191105
4673.40288,4715.30496,41.9020800000008,35.7273599999999,1.23024594783783,0.0111616,1.17359793186188,0.0091648,0.302365583492939,0.529532584103162,0.505149678931408,0.682640749486574,0.000266373411534697,0.000218719452590416,0.852639296187665,38909.912109375,9918.212890625,28951358.7810598,-1778867.7751028,40680.5206747616,3105.40451967428,26988.9831542969,30943.8615786464,23705.9183693035
4751.03232,4797.63456,46.6022400000002,28.7436799999996,1.29753303527832,0.0104448,1.29753303527832,0.0104448,0.291492375328726,0.55849484595963,0.55849484595963,0.658092668038953,0.000224126565589979,0.000224126565589979,0.616787519226533,38909.912109375,9536.7431640625,27557946.3531838,-1748615.92147656,40549.0200572695,3020.5811969969,25653.8391113281,33836.9636463166,21639.931502183
4826.37824,4869.82656,43.4483200000004,33.6793599999992,1.35551679134369,0.01063936,1.35551679134369,0.01063936,0.302186168887005,0.583452691371976,0.583452691371976,0.682235691081286,0.000244873909969359,0.000244873909969359,0.775159085552649,38528.4423828125,9536.7431640625,21921038.3936524,-1490712.53668958,38882.5574174982,3419.08040485384,25653.8391113281,27299.6454731875,23387.3723705356
4903.50592,4947.18976,43.6838400000006,34.1094400000002,1.28053569793701,0.01084416,1.28053569793701,0.01084416,0.307235964651404,0.551178712156438,0.551178712156438,0.693636447495232,0.000248241912798871,0.000248241912798871,0.780825128926388,39291.3818359375,9536.7431640625,24182760.8782466,-1601702.85115865,39806.2056853992,3429.4085149906,25653.8391113281,29221.8908021952,23821.103485338
4981.2992,5024.77824,43.4790399999993,33.5871999999999,1.35063350200653,0.01032192,1.35063350200653,0.01032192,0.313169557633607,0.581350785792711,0.581350785792711,0.707032523575478,0.000237399905793692,0.000237399905793692,0.772491756947727,39291.3818359375,9536.7431640625,23472438.6604288,-1615045.81239077,39680.5450695903,2931.88062284409,25653.8391113281,29714.749861755,25847.7115730083
5058.36544,5102.55104,44.1856000000007,34.0479999999998,1.5277054309845,0.01124352,1.13012778759003,0.00646144,0.324918010984729,0.657567542522231,0.486438901734324,0.733556617052886,0.000254461181923519,0.000146234067207414,0.770567786790249,39672.8515625,9536.7431640625,23037763.8704208,-1575033.60392194,39909.4269055278,3290.31923170626,25653.8391113281,29224.9201265145,24615.6291764696
5136.59904,5181.89056,45.2915199999998,35.0003200000001,1.40382957458496,0.01117184,1.40382957458496,0.01117184,0.314598141472856,0.604247877082548,0.604247877082548,0.710257789928424,0.000246665159394078,0.000246665159394078,0.772778657020128,38146.97265625,9918.212890625,20788744.4724167,-1455118.41222948,39025.4822170106,3300.40030531616,25653.8391113281,27665.7457265289,23260.1202734887
5216.89088,5264.46592,47.5750399999997,33.2800000000007,1.23907828330994,0.01142784,1.23907828330994,0.01142784,0.305936705070556,0.533334270615058,0.533334270615058,0.690703152231261,0.000240206629358589,0.000240206629358589,0.699526474386587,39672.8515625,9536.7431640625,29197305.3730381,-1781622.58679886,41054.5575356559,3521.73310388753,25701.5228271484,35681.3644225519,18676.0394233862
5297.74592,5343.6928,45.9468799999995,35.5737600000002,1.50432348251343,0.011264,1.50432348251343,0.011264,0.321652138469226,0.647503291859985,0.647503291859985,0.726183364991734,0.00024515266324939,0.00024515266324939,0.774236683753077,39672.8515625,9536.7431640625,17553061.7105617,-1384817.22901299,39270.1740002621,3105.12884142779,25749.2065429688,28054.8423600438,26571.4854485073
5379.26656,5424.67072,45.40416,36.7923199999996,1.43385767936707,0.01101824,1.43385767936707,0.01101824,0.326456500390877,0.61717282103293,0.61717282103293,0.737030013559054,0.000242670275146594,0.000242670275146594,0.810329273793404,39291.3818359375,9155.2734375,19160457.1025957,-1445572.16995845,39285.2940307774,2809.39149274938,25653.8391113281,28396.0500796784,26134.9845620706
5461.46304,5508.85376,47.3907200000003,38.46144,1.33072602748871,0.012032,1.04496073722839,0.01033216,0.310518891033743,0.572782046799571,0.449780599109794,0.701048201505922,0.000253889369057907,0.000218020743301641,0.811581676750211,38909.912109375,9536.7431640625,19319091.9765014,-1445780.34563096,39646.5965610767,3156.90627179069,25653.8391113281,28970.7274059829,25128.202643743
5547.3152,5595.68896,48.3737600000004,37.0175999999992,1.37080228328705,0.01170432,1.37080228328705,0.01170432,0.308456299801138,0.590031998592846,0.590031998592846,0.696391557688712,0.000241955969517356,0.000241955969517356,0.765241320914457,39672.8515625,9536.7431640625,15963877.7752884,-1284977.50828963,38676.497215958,3283.07427128022,25653.8391113281,26912.3471383563,24803.3898388312
5632.70656,5680.93696,48.2304000000004,38.4819200000002,1.38777482509613,0.00676864,1.38777482509613,0.00676864,0.339004854798357,0.597337459699024,0.597337459699024,0.765360017121596,0.000140339702760084,0.000140339702760084,0.797876857749467,39672.8515625,9536.7431640625,19399501.4202891,-1432807.75210754,39599.6380927122,3245.24511776122,25701.5228271484,28933.8149560997,23978.3239964981
5719.41888,5768.86784,49.4489599999997,37.6012799999999,1.63817167282104,0.0125952,1.23486065864563,0.0113152,0.348765516261673,0.705115331318999,0.531518885901788,0.787396338781725,0.000254711120314766,0.000228825843860014,0.760405881134812,40435.791015625,9155.2734375,18882335.6451367,-1439465.03021472,40480.5789592295,3240.59145559739,25653.8391113281,29858.7142726779,25008.9682827356
5806.46912,5859.34848,52.8793599999999,34.4780800000008,1.32027041912079,0.0236032,1.25213730335236,0.0108032,0.323223967168812,0.568281657810552,0.538955241479519,0.729732030514954,0.000446359411309064,0.00020429899302866,0.652013942680109,40054.3212890625,9536.7431640625,18786521.2026275,-1445697.80701009,41357.3954153868,3260.75001131005,25749.2065429688,31709.9338376637,23916.2023380609
5893.82656,5943.6032,49.7766399999991,39.0656000000008,1.54575967788696,0.00969728,1.54575967788696,0.00969728,0.336188671229452,0.665338600035651,0.665338600035651,0.759002012880634,0.000194815881505866,0.000194815881505866,0.784817938695772,41198.73046875,9155.2734375,18601914.9409922,-1478156.28893595,41902.5961686725,3193.2812072877,27561.1877441406,31241.6371441884,27487.4304340251
5982.6688,6032.37376,49.70496,40.2022399999996,1.53371453285217,0.00857088,1.53371453285217,0.00857088,0.332253720005469,0.660154029594773,0.660154029594773,0.750118204010252,0.000172435105067985,0.000172435105067985,0.808817470127722,39672.8515625,9536.7431640625,20341130.7161554,-1457220.36246029,40093.3176882354,2960.77367869855,26941.2994384766,30020.3510002458,22176.6270906072
6072.576,6122.25024,49.6742400000003,42.9772800000001,1.51818060874939,0.0095232,1.51818060874939,0.0095232,0.306177414724605,0.653467790159589,0.653467790159589,0.691246594433744,0.000191713048855905,0.000191713048855905,0.865182436611004,39291.3818359375,9536.7431640625,19043299.1540138,-1468130.18547226,41459.3499681728,2943.750366624,28657.9132080078,30653.9118866993,25938.3369457853
6165.22752,6218.82368,53.5961600000001,39.1884799999998,1.5283111333847,0.00928768,1.5283111333847,0.00928768,0.335876199413292,0.657828253933428,0.657828253933428,0.758296555624842,0.000173290026748185,0.000173290026748185,0.731180741306835,40054.3212890625,9155.2734375,18009386.5379052,-1407792.96719364,40452.0191662161,2690.87522676741,25749.2065429688,31304.1175164886,23719.4632310958
6258.01216,6310.63552,52.6233599999996,43.5200000000004,1.56994128227234,0.00845824,1.56994128227234,0.00845824,0.323917491408185,0.675747045176603,0.675747045176603,0.731297777188514,0.000160731659856004,0.000160731659856004,0.827009145748215,39672.8515625,9155.2734375,15218137.4994744,-1280059.32782641,39516.2576369862,3209.21964274115,25749.2065429688,28616.8092753002,25218.6822704
6354.15552,6406.10304,51.9475199999997,38.5228800000004,1.3119615316391,0.00990208,1.3119615316391,0.00990208,0.321536461284008,0.564705278089948,0.564705278089948,0.725922204447259,0.000190616991917998,0.000190616991917998,0.741573033707878,38146.97265625,9155.2734375,14990728.0903325,-1244981.53365033,38651.6890043996,2888.54453355074,27561.1877441406,27477.5765882005,24220.5512706667
6444.62592,6496.12288,51.4969599999995,42.6291200000005,1.40841257572174,0.01012736,1.40841257572174,0.01012736,0.324090878331812,0.606220530143647,0.606220530143647,0.731689227095373,0.000196659375621398,0.000196659375621398,0.827798767150545,38909.912109375,9155.2734375,16393992.108818,-1291268.3207873,39207.1461428333,3168.73430629056,26988.9831542969,27832.6354197867,23020.5606295987
6538.752,6590.37184,51.6198399999994,43.9500800000005,1.50674283504486,0.00820224,1.50674283504486,0.00820224,0.335875236805047,0.648544649484514,0.648544649484514,0.758294382376134,0.000158897044237256,0.000158897044237256,0.851418369371177,39672.8515625,9155.2734375,16292975.8932015,-1312205.18673106,39278.2563531856,2841.41494138644,25749.2065429688,28519.8355552488,24321.4298061216
6634.32192,6688.2048,53.8828800000001,39.6287999999995,1.57643055915833,0.0116736,1.57643055915833,0.0116736,0.35684604184468,0.678540213131707,0.678540213131707,0.805639473388868,0.000216647662485746,0.000216647662485746,0.73546180159634,38909.912109375,9536.7431640625,17352269.5738728,-1339711.00058212,40515.8063357995,2729.79774302138,28514.8620605469,29909.7902011222,21807.5191427291
6727.8336,6783.1808,55.3472000000002,43.7862400000004,1.4218168258667,0.01004544,1.4218168258667,0.01004544,0.342583400912008,0.611990097789613,0.611990097789613,0.773439181995041,0.000181498612395929,0.000181498612395929,0.791119333950051,39672.8515625,9155.2734375,14678553.2673589,-1242725.47795133,39854.3117918374,3204.16344063961,27561.1877441406,28789.8402301558,23816.3791652938
6826.96704,6883.6352,56.6681599999993,41.9635200000002,1.61988270282745,0.01007616,1.61988270282745,0.01007616,0.3618299743123,0.697243242361248,0.697243242361248,0.816891532422122,0.000177809902421397,0.000177809902421397,0.740513191181799,39672.8515625,9155.2734375,15351284.1413104,-1289915.73107592,40497.3840525028,2852.22802457641,17833.7097167969,30394.0804798737,23799.8738054193
6925.59872,6981.08928,55.4905600000002,42.5779199999997,1.4547199010849,0.0112128,1.4547199010849,0.0112128,0.344036747678577,0.626152510172158,0.626152510172158,0.776720354787705,0.000202066801992987,0.000202066801992987,0.767300239896652,39672.8515625,9155.2734375,13518314.0075364,-1169272.88200153,39080.6191399368,3198.30422398457,27561.1877441406,27310.5598620287,23257.9841189147
7023.6672,7081.7792,58.1120000000001,45.59872,1.4748409986496,0.02321408,1.27741396427155,0.01014784,0.352700597676367,0.634813198554958,0.549835029864567,0.796280441579358,0.000399471365638766,0.000174625550660793,0.784669603524227,39672.8515625,9155.2734375,12180658.6641494,-1126190.94135172,39365.3232081599,3070.91299357017,17642.9748535156,27751.225371299,24311.0683261553
7127.37792,7185.55136,58.1734400000005,45.6806399999996,1.36772310733795,0.01033216,1.36772310733795,0.01033216,0.339688931750424,0.588706634343446,0.588706634343446,0.766904434967936,0.000177609575778911,0.000177609575778911,0.785249075866911,39672.8515625,9155.2734375,12764308.8921296,-1169897.41205961,39894.9109364762,2882.83253813283,25796.8902587891,28752.1514614503,24860.6321836654
7231.232,7289.97888,58.7468799999997,45.2096000000001,1.39598715305328,0.01196032,1.39598715305328,0.01196032,0.340378230019913,0.600872277474524,0.600872277474524,0.768460640809448,0.00020359072686073,0.00020359072686073,0.769565975248394,40054.3212890625,9155.2734375,13558794.0796964,-1195355.52973229,40221.3775041917,3022.14727582399,27084.3505859375,29262.4646589682,23429.3531938137
7335.18848,7394.6112,59.4227200000005,46.8787199999997,1.40655076503754,0.02719744,1.38878881931305,0.01030144,0.359312623029701,0.605419154268807,0.59777391143365,0.811208191922775,0.000457694296053762,0.000173358607616749,0.788902291917962,39672.8515625,9155.2734375,12073087.9608588,-1124435.37838575,39297.4691188082,2796.88818834807,27513.5040283203,28176.3083300515,24186.2148719528
7441.48992,7502.63296,61.1430399999999,42.6700799999999,1.60830318927765,0.02434048,1.42265689373016,0.01185792,0.373720293539478,0.692259092855645,0.61235168671201,0.843735911782728,0.000398090772064981,0.000193937363925641,0.697873053089933,41198.73046875,9155.2734375,13042973.8999633,-1196507.13854824,40709.5116943677,2826.95596391281,27513.5040283203,30483.9551531344,24397.2997134766
7545.30304,7607.69536,62.3923199999999,48.8038400000005,1.69951343536377,0.02459648,1.56878328323364,0.0111104,0.384979909054354,0.731518557511111,0.675248609701625,0.869156372290216,0.000394222878713278,0.000178073198752667,0.782209092401125,40054.3212890625,9155.2734375,12546626.8590719,-1141473.07940295,39710.5119666275,2635.82486470003,25749.2065429688,29547.119877264,22377.6245929371
7656.4992,7718.77888,62.2796799999996,47.2371199999998,1.57166886329651,0.02469888,1.37331593036652,0.01242112,0.368258736314953,0.676490644816646,0.591113943252654,0.831405535176884,0.000396580072344626,0.000199440973364026,0.758467609339034,40054.3212890625,9155.2734375,11784107.0147127,-1111432.98571493,39839.5499404596,2931.4490110754,17642.9748535156,28901.1250494386,23511.9849616279
7766.016,7828.55168,62.53568,49.7254400000002,1.46754801273346,0.0293888,1.34471213817596,0.01227776,0.379448843560432,0.631674091545674,0.578802063648065,0.85666906916989,0.000469952513509088,0.000196332077943344,0.795153102996564,40054.3212890625,9155.2734375,12696280.2864695,-1162729.38661971,40412.3384125379,2610.6620331878,17642.9748535156,30180.9827116922,23060.5864060749
7878.27712,7942.18496,63.9078399999999,47.9232000000002,1.70735228061676,0.02497536,1.50306749343872,0.011008,0.392327288375859,0.734892617787835,0.646962678707385,0.885744306898559,0.000390802755968596,0.00017224803717353,0.749879826950814,40435.791015625,9155.2734375,12273960.6076092,-1142601.62032627,40397.3601159214,2625.81080495972,17642.9748535156,30291.5156674216,22891.7441692404
7990.10816,8055.4496,65.3414400000001,51.6095999999998,1.7358740568161,0.02569216,1.37374329566956,0.01147904,0.388442966406628,0.747169195394608,0.591297893343018,0.876974802017441,0.000393198558219714,0.000175677793449302,0.789844851904085,40435.791015625,9155.2734375,12385563.5836553,-1158030.83823646,40926.661426665,2243.62286799204,27513.5040283203,31349.8602991897,22787.1919812496
8107.0592,8175.88224,68.8230400000002,51.2716800000007,1.88856112957001,0.01140736,1.88856112957001,0.01140736,0.402429592628969,0.812890021654286,0.812890021654286,0.908551944154157,0.000165749144472548,0.000165749144472548,0.744978425829498,40435.791015625,9155.2734375,10170009.677733,-1043149.3485441,40076.3501297617,2678.26984732246,17642.9748535156,29877.1657954675,23621.3313109309
8227.15392,8298.69056,71.5366399999984,51.1692800000001,2.17200708389282,0.0119808,2.17200708389282,0.0119808,0.402102387829402,0.934893161684895,0.934893161684895,0.907813224730368,0.000167477812768398,0.000167477812768398,0.715287718293747,40435.791015625,9155.2734375,9071011.04771147,-994956.693973218,40307.5306202073,2567.53924319208,17642.9748535156,29811.0325561358,24755.0426822505
8349.85984,8422.8096,72.9497600000013,49.0291199999992,1.84760677814484,0.0268288,1.80033338069916,0.01145856,0.404299531531023,0.79526211271579,0.774914307992075,0.91277364319426,0.000367770915216164,0.000157074677147667,0.672094329028613,40435.791015625,9155.2734375,8428661.84815713,-944809.514785885,39403.3897346495,2725.95473974637,17642.9748535156,28885.2930313698,24069.0916580023
8471.83872,8543.0784,71.2396800000006,52.6233599999996,1.72850215435028,0.02654208,1.56568586826324,0.01149952,0.409126588014104,0.743996120474635,0.673915394862595,0.923671528520224,0.000372574385510993,0.000161420152364524,0.73868046571797,40817.2607421875,9155.2734375,9762025.84993419,-1018352.84961031,40040.2671412418,2643.87079874976,17642.9748535156,30112.2063344533,23003.9517751657
8595.70176,8674.33472,78.6329600000008,50.237439999999,1.81243181228638,0.0280576,1.58180689811707,0.012288,0.390969912508708,0.780121814469324,0.680854341186215,0.882679804422506,0.000356817293918475,0.000156270347701522,0.638885271519709,40817.2607421875,9155.2734375,6350538.11731345,-816844.618823124,38729.7776299486,3121.16009460379,17642.9748535156,27569.370647139,24964.6287526854
8724.57216,8799.7952,75.2230400000008,54.9375999999993,2.1119372844696,0.01236992,2.1119372844696,0.01236992,0.414907913160545,0.909037424325191,0.909037424325191,0.93672383455784,0.000164443234413284,0.000164443234413284,0.730329430982831,41198.73046875,9155.2734375,8799313.80415064,-971246.323778109,40128.564082134,2659.57440063596,17690.6585693359,30332.7487046649,23269.133334486
8854.7328,8933.8368,79.1039999999994,53.4425600000013,1.72559630870819,0.01327104,1.72559630870819,0.01327104,0.422072962338094,0.742745362482248,0.742745362482248,0.952900128447401,0.000167766990291263,0.000167766990291263,0.67559870550164,40054.3212890625,9155.2734375,6831645.23355966,-842352.46418959,39483.1109354933,2744.33666006665,21266.9372558594,28047.0102993852,23884.8199391859
8987.27936,9068.032,80.7526399999988,56.7091200000013,1.92197346687317,0.02651136,1.89901268482208,0.01164288,0.411847241186577,0.827271634813968,0.817388666067833,0.929813856953558,0.000328303322343398,0.000144179558711643,0.702257164595513,40817.2607421875,9155.2734375,7403775.85680053,-868597.900971102,39109.7845203499,3125.79770636328,20408.6303710938,29089.5527571331,21861.6336662901
9124.74112,9206.69184,81.9507199999989,56.2892800000009,1.88608229160309,0.01153024,1.88608229160309,0.01153024,0.441388310634983,0.811823059819133,0.811823059819133,0.996507749677514,0.000140697238535551,0.000140697238535551,0.686867424715751,40817.2607421875,9155.2734375,6692369.97410757,-837797.253671193,38906.1567984221,2630.27505151688,17786.0260009766,28727.9718995237,23712.663392817
9262.98112,9348.54656,85.5654400000003,55.5110399999994,2.07132458686829,0.01306624,2.07132458686829,0.01306624,0.43912558189156,0.891556572836898,0.891556572836898,0.991399262039963,0.000152704643370033,0.000152704643370033,0.648755385351834,39672.8515625,9155.2734375,5814583.23378182,-773639.711748609,38552.0692092003,2459.30164795389,17786.0260009766,27841.3363184879,23625.6737704242
9404.0576,9492.28544,88.2278399999996,54.7635200000004,1.9364697933197,0.01388544,1.9364697933197,0.01388544,0.42189079982335,0.833511262927946,0.833511262927946,0.952488866179531,0.000157381615598887,0.000157381615598887,0.620705663881159,40817.2607421875,9155.2734375,5630511.15906394,-785944.269029792,39865.2589273227,2693.42016714364,17642.9748535156,29340.2765061574,25513.4119188081
9547.04896,9639.936,92.8870399999996,53.2889599999999,2.32326769828796,0.01381376,2.32326769828796,0.01381376,0.43618722082687,1,1,0.984765421718948,0.000148715687355309,0.000148715687355309,0.573696395105281,40054.3212890625,8773.8037109375,4718535.11092436,-710243.459226207,38595.0628112954,2477.41799433924,17929.0771484375,28192.7558194549,25260.8812894025
9693.22496,9785.98912,92.7641600000006,58.2246400000004,2.24704742431641,0.01385472,2.24704742431641,0.01385472,0.439806034178891,0.967192642488971,0.967192642488971,0.992935496600944,0.000149354233359089,0.000149354233359089,0.627663097472127,40817.2607421875,9155.2734375,4876305.97314769,-719575.56545907,39162.9372572882,2700.77016469994,17786.0260009766,28303.0580256092,24789.2865102825
9844.21376,9934.81728,90.6035199999988,54.77376,2.10426568984985,0.01390592,2.10426568984985,0.01390592,0.442935151059109,0.905735353442268,0.905735353442268,1,0.00015348101265823,0.00015348101265823,0.604543399638345,39291.3818359375,9155.2734375,4897709.48749784,-709273.679018134,38677.5507373669,2301.27370774624,17929.0771484375,27300.1861362995,24057.4053764254
9989.59104,10097.18272,107.591680000001,46.1107199999988,1.75108683109283,0.03171328,1.65252196788788,0.0130048,0.396336668195813,0.753717202879042,0.711292103404888,0.894796150741538,0.000294755877034354,0.000120871799752544,0.428571428571412,40435.791015625,9155.2734375,4008183.46161407,-651783.718400588,38273.3439172921,2688.1950504676,20122.5280761719,29266.4508599159,23727.8953358103
10143.29344,10242.21184,98.9184000000005,53.5756799999999,2.1034517288208,0.02271232,2.1034517288208,0.02271232,0.421951902145074,0.905385001638362,0.905385001638362,0.952626814864746,0.000229606625258798,0.000229606625258798,0.541614906832295,40435.791015625,8773.8037109375,4112745.83887429,-684587.357104093,39847.7010467688,2072.59214620735,17952.9190063477,29500.8419174076,27475.6854853412
10295.78752,10399.47776,103.69024,56.5452800000003,1.79618895053864,0.0205312,1.79618895053864,0.0205312,0.392499512199639,0.773130428259413,0.773130428259413,0.886133130913468,0.00019800513529528,0.00019800513529528,0.545328856409247,39291.3818359375,8773.8037109375,3606331.06555651,-599159.806445603,37152.1102919057,2979.29327109241,17952.9190063477,26419.6429348056,23352.9574909284
10456.02304,10550.49728,94.4742399999996,53.38112,1.66290402412415,0.02868224,1.288445353508,0.01581056,0.363075565614629,0.715760833480168,0.554583251192905,0.819703662593662,0.000303598525905052,0.000167353132451768,0.565033600693694,39291.3818359375,9155.2734375,4785912.2077745,-715863.383628589,40536.6029707603,2756.64285616305,17619.1329956055,28623.9213744214,24914.5543266275
10603.8784,10704.42496,100.546560000001,56.002559999999,1.86609137058258,0.02786304,1.60946106910706,0.01726464,0.393772047794221,0.803218403095657,0.69275747701958,0.889006092319985,0.000277115795905895,0.000171707913229452,0.556981362664209,40054.3212890625,9155.2734375,4967854.95000593,-739543.200321145,41077.0956585567,2336.70749741284,17595.2911376953,30910.8626394475,24135.4450669901
10760.42752,10862.05952,101.632000000001,61.5219199999992,1.74505388736725,0.04585472,1.62112259864807,0.01408,0.421340513027148,0.751120453597833,0.697776928522998,0.951246501930754,0.000451183879093193,0.000138539042821157,0.605340050377818,41198.73046875,8773.8037109375,4424891.5970865,-669259.956569939,38790.8653251849,3006.98345752802,17356.8725585938,28299.1700348735,22313.2419557161
10923.58144,11027.02592,103.44448,66.3244799999993,1.70269823074341,0.0479232,1.60169625282288,0.02159616,0.412958867956104,0.732889383344907,0.689415280900767,0.932323539842506,0.000463274599089289,0.000208770540487032,0.641160166303695,40435.791015625,9536.7431640625,5058440.79623276,-731190.572800699,39925.5819629181,2374.39262950749,17356.8725585938,31337.8252150821,21508.4654116132
11093.3504,11203.18464,109.83424,71.4649600000012,1.72890472412109,0.02040832,1.72890472412109,0.02040832,0.424035927493917,0.744169397867985,0.744169397867985,0.957331849775296,0.000185810180868916,0.000185810180868916,0.650661942942393,40435.791015625,8773.8037109375,3579212.4635857,-608427.989544865,38117.9505408404,2528.66472768931,17595.2911376953,28065.1253571377,23648.1805302152
11274.6496,11383.48032,108.83072,65.6691199999987,1.54290664196014,0.04962304,1.51659691333771,0.01964032,0.401136005758323,0.664110572835462,0.652786122948854,0.905631455979866,0.000455965374482499,0.000180466691757621,0.603406097101983,39672.8515625,9155.2734375,2942578.75234716,-539139.294625792,37039.1821847289,2854.30203174703,19717.2164916992,25567.9260617627,23822.6452377221
11449.14944,11557.10976,107.96032,64.8806400000012,1.48011815547943,0.04888576,1.45632326602936,0.02016256,0.37943543189733,0.637084635821409,0.626842643705043,0.856638790102921,0.000452812292516361,0.000186758987005596,0.600967466565504,40054.3212890625,8773.8037109375,3125018.19813413,-565041.727160568,37998.4709757161,2833.80887923094,21457.6721191406,26504.6078891151,24578.6526504336
11621.9904,11736.23808,114.247679999999,70.5126400000008,1.58348739147186,0.0194048,1.58348739147186,0.0194048,0.388886108861744,0.681577672964139,0.681577672964139,0.877975270040936,0.000169848525589318,0.000169848525589318,0.617191001165203,39672.8515625,9155.2734375,2870538.9127194,-531585.261077579,37020.438781676,2870.90225811583,19717.2164916992,25956.6483622943,23264.5806788182
11806.75072,11925.31968,118.568960000001,70.5638399999989,1.51594913005829,0.01855488,1.51594913005829,0.01855488,0.375591797428505,0.65250729873936,0.65250729873936,0.847961144042015,0.000156490197771828,0.000156490197771828,0.595129113049474,39291.3818359375,8773.8037109375,3415950.36196643,-584537.542971686,37827.3771864627,2192.4345709137,19717.2164916992,28728.5061625539,21284.5346835662
11995.88352,12114.41152,118.528,64.2867200000001,1.55086171627045,0.03969024,1.44960963726044,0.02506752,0.369231869271121,0.66753466137944,0.623952908366379,0.833602545176747,0.000334859611231101,0.000211490280777537,0.542375809935205,39672.8515625,9155.2734375,3255406.71910571,-565195.790029975,37552.7587277291,2703.73788957874,19717.2164916992,27807.285563589,21256.6861684142
12178.69824,12301.4144,122.71616,69.7446400000008,1.45575308799744,0.05238784,1.4515585899353,0.02927616,0.370386485948861,0.626597222984761,0.624791792613899,0.836209284955651,0.000426902536715621,0.000238568090787717,0.568341121495334,39291.3818359375,8773.8037109375,2566820.4488821,-510759.593759788,37851.974384782,2542.75498747249,26512.1459960938,26792.7826042295,24024.049976062
12371.15904,12492.57472,121.41568,68.1881599999997,1.54263985157013,0.02246656,1.54263985157013,0.02246656,0.374187503440825,0.663995738720473,0.663995738720473,0.844790716081347,0.000185038373956313,0.000185038373956313,0.561609176014166,39672.8515625,9155.2734375,2554478.81327518,-505467.891248734,37773.5366272848,2855.43027481189,19741.0583496094,26295.5727016916,23714.1953689866
12560.76288,12685.40416,124.64128,65.5667200000007,1.34161674976349,0.05659648,1.32547557353973,0.02642944,0.355318252749975,0.577469721096772,0.570522103206827,0.802190234620955,0.00045407492605981,0.000212044035491292,0.526043378245159,38909.912109375,8773.8037109375,2434623.86856608,-485802.533849348,37087.3593290856,2476.47037381117,19741.0583496094,25740.211032759,22728.0754812629
12750.97088,12876.01152,125.040639999999,67.0105600000006,1.44892859458923,0.02586624,1.44892859458923,0.02586624,0.368520216250924,0.623659768375793,0.623659768375793,0.831995869755988,0.000206862664810418,0.000206862664810418,0.535910244861199,38528.4423828125,9155.2734375,2524364.25604038,-506805.130529799,38258.5322859411,2141.87765178036,26059.1506958008,26972.0872941023,23902.3946663202
12943.02208,13072.5888,129.566719999999,69.1609600000011,1.41794323921204,0.05349376,1.23463535308838,0.0251392,0.360210275077644,0.610322796747414,0.531421908029881,0.813234791179566,0.000412866513870232,0.000194025132379674,0.533786453805434,39672.8515625,9155.2734375,2529241.93482769,-507255.747904656,37867.2236120096,2095.68359918167,17356.8725585938,27602.9785337734,23263.726126232
13141.74976,13271.90016,130.150399999999,73.2057600000007,1.49036359786987,0.02295808,1.49036359786987,0.02295808,0.369376711708273,0.641494563441025,0.641494563441025,0.83392955114321,0.000176396538158932,0.000176396538158932,0.56247049567271,38909.912109375,9155.2734375,2493049.18899884,-507249.199952374,38214.5552282495,2045.47398128895,19717.2164916992,27815.2531617109,23788.6103910991
13345.10592,13470.45376,125.34784,71.7926399999997,1.36772263050079,0.02428928,1.36772263050079,0.02428928,0.357224443964247,0.588706429099273,0.588706429099273,0.806493779303995,0.000193775018380851,0.000193775018380851,0.572747324564982,39291.3818359375,8773.8037109375,2518380.80062429,-496395.650370824,37593.849578607,2563.58688396111,19717.2164916992,26268.9476687508,22653.1194499419
13542.2464,13672.17152,129.92512,61.9929599999996,1.34543716907501,0.0474112,1.23775291442871,0.02579456,0.335660122273615,0.579114137413642,0.532763794435235,0.757808725433085,0.000364911727616646,0.000198534047919294,0.47714375788146,39291.3818359375,8773.8037109375,2162524.20016112,-453427.36236006,36503.1314021151,2448.67392865316,18024.4445800781,25129.1670290778,22407.0351094118
13734.16448,13867.52,133.355520000001,73.4719999999998,1.41801786422729,0.02157568,1.41801786422729,0.02157568,0.332921529550741,0.610354917460543,0.610354917460543,0.751625895471802,0.000161790678031174,0.000161790678031174,0.55094832219918,40054.3212890625,8773.8037109375,2470468.28038389,-491265.38311097,37297.1957583411,2483.16984381307,17356.8725585938,27266.4371491508,21578.8969230448
13940.992,14067.21024,126.21824,70.4614399999991,1.18639230728149,0.02471936,1.18639230728149,0.02471936,0.326014173122719,0.510656739279661,0.510656739279661,0.736031385956119,0.000195846178809021,0.000195846178809021,0.558250851857854,40054.3212890625,8773.8037109375,2580470.52002333,-510887.380527146,38556.3359383592,2558.06911077708,17356.8725585938,27199.5955868276,23373.7163330019
14137.67168,14270.59712,132.925440000001,74.7008000000005,1.16000306606293,0.02331648,1.16000306606293,0.02331648,0.3032124720797,0.499298064927147,0.499298064927147,0.684552741760693,0.000175410214929511,0.000175410214929511,0.561975194515061,39672.8515625,8773.8037109375,1933606.37386076,-425313.821613165,36453.7493172793,3021.7430274145,17356.8725585938,24405.9658703828,22369.8021177596
14345.29792,14468.94592,123.647999999999,68.9459200000001,1.10957479476929,0.05526528,1.02121901512146,0.02632704,0.31079422016023,0.477592313441513,0.439561491718757,0.701669802943129,0.000446956521739133,0.000212919254658386,0.557598343685305,39672.8515625,8773.8037109375,2063147.31994542,-450850.144593767,37352.2923552854,2935.5432724508,17356.8725585938,25057.4952559457,24203.6143638016
14537.89184,14652.81536,114.92352,67.3382399999991,1.11626315116882,0.03943424,0.801686525344849,0.01463296,0.264092996483592,0.48047117083899,0.345068511018174,0.596233999157925,0.00034313463423327,0.000127327808963735,0.585939588345353,39291.3818359375,8773.8037109375,3048791.40895352,-551119.968172825,37925.0331277299,1961.38470652585,20909.309387207,26742.086079499,23069.9919290236
14720.1536,14831.52384,111.37024,68.1983999999993,1.11802756786346,0.05598208,0.912166595458984,0.01481728,0.278181598440376,0.481230625591424,0.392622251895969,0.628041368528128,0.000502666421478484,0.000133045237219566,0.612357484369246,39291.3818359375,9155.2734375,2812600.91960841,-523405.831628302,37854.7818532861,2620.6968808597,18143.6538696289,25294.9132855338,23406.2147159538
14899.72224,15007.73376,108.01152,62.8633600000012,1.08067631721497,0.05312512,1.03484380245209,0.02417664,0.274713816859007,0.465153592937794,0.445425984794896,0.62021227306556,0.000491846795601062,0.000223833902161547,0.582006067500959,35476.6845703125,9155.2734375,2570761.60263127,-463313.51801686,34435.2803274218,2302.04161013609,20933.1512451172,21698.7317354348,20051.4367660703
15070.59712,15175.18848,104.59136,75.0694399999993,1.00846767425537,0.05515264,0.898324131965637,0.01682432,0.270937055147232,0.434072954657149,0.386664064854696,0.611685603410318,0.000527315449383198,0.00016085764636773,0.717740356373596,37384.033203125,9155.2734375,2702892.86407496,-517956.508272823,37146.1530580323,1995.37529532036,17309.1888427734,25022.2401509008,24605.8775772729
15250.25792,15338.40384,88.1459200000008,77.5372799999986,0.853003859519958,0.03124224,0.842858910560608,0.01880064,0.234131064171633,0.367156940265017,0.362790267854935,0.528589938305412,0.000354437732342004,0.000213289962825277,0.879646840148675,32043.45703125,9155.2734375,3184895.29902908,-479692.551650702,32106.6984957833,3195.61348704837,23365.0207519531,18587.1671715588,17537.2500458114
15415.94112,15491.08224,75.1411200000002,0,0.782652199268341,0.0295936,0.749979794025421,0.0179712,0.183128408909663,0.336875599761958,0.32281247424827,0.413442935092827,0.000393840283455981,0.000239165985282092,0,32806.396484375,9536.7431640625,2771983.87706436,-496927.509231472,32867.8195759401,2225.13315708513,20933.1512451172,21688.5477357755,21688.5477357413
