note.starts,note.ends,note.durs,INI,pk.amps,pk.times,qpk.amps,qpk.times,note.rmss,rel.pk.amps,rel.qpk.amps,rel.note.rmss,rel.pk.tm,rel.qpk.tm,rel.INI,max.Hz,min.Hz,FMa,FMb,FMc,FM.resid,note.DF,arcL,chordL
999.13728,1017.48736,18.3500799999999,31.5392000000001,0.236518263816833,0.0090624,0.143148988485336,0.00289792,0.0624290771931283,0.103472278285424,0.0626249818250924,0.11430404100162,0.000493861607142859,0.000157924107142858,1.71875000000001,22506.7138671875,10681.15234375,45194760.8117448,-1437389.64851885,24083.0814137178,1436.98416316823,20599.365234375,11699.6375205103,11157.9895019682
1049.02656,1079.04,30.0134399999999,38.21568,0.318665415048599,0.01800192,0.226981863379478,0.00391168,0.0774619719580411,0.139410107167808,0.0993002830070403,0.141828404596902,0.000599795291709315,0.000130330945069942,1.27328556806551,30899.0478515625,9918.212890625,23282712.1030934,-1347206.61604324,34119.9791949728,2876.22115904888,30517.578125,19515.6038248176,19461.0846607758
1117.25568,1143.552,26.2963199999999,41.2467200000001,0.217896297574043,0.01499136,0.16706657409668,0.00653312,0.0686896420854143,0.0953255193747123,0.0730884743028189,0.125766774367474,0.000570093457943927,0.000248442367601247,1.56853582554518,30517.578125,10299.6826171875,22937592.4015397,-1376893.40533167,32080.290076559,2024.11263498484,22792.8161621094,20345.965977549,20345.9659775432
1184.79872,1209.82528,25.02656,35.50208,0.423495054244995,0.00325632,0.423495054244995,0.00325632,0.0968787174249963,0.185271096608734,0.185271096608734,0.177379346077375,0.000130114566284779,0.000130114566284779,1.41857610474632,32806.396484375,11444.091796875,44153435.6227662,-1810985.68439314,34105.6229232194,2939.71527869847,30612.9455566406,19471.3003945597,17668.1777155707
1245.32736,1270.51776,25.1904,34.18112,0.390293270349503,0.00586752,0.390293270349503,0.00586752,0.0987746036022967,0.170745942536627,0.170745942536627,0.180850604360982,0.000232926829268293,0.000232926829268293,1.35691056910569,33569.3359375,10299.6826171875,21260935.3428444,-1395806.84440076,34060.0447221236,3623.59657272435,27942.6574707031,21669.6732846386,21669.6732846361
1304.69888,1332.02944,27.3305600000001,31.0272,0.364574760198593,0.01292288,0.360749483108521,0.00304128,0.101120011655353,0.159494579548937,0.157821092989398,0.185144911281981,0.000472836268265266,0.000111277632071937,1.13525665043087,33950.8056640625,9536.7431640625,45743207.8617586,-2013282.0573116,36102.4155447134,2698.84398927349,31185.1501464844,23449.1891019012,20855.8019380009
1363.05664,1388.72832,25.6716799999999,30.1568,0.438279271125793,0.00226304,0.438279271125793,0.00226304,0.112208739240938,0.191738912576243,0.191738912576243,0.205447732172277,8.81531711208618e-05,8.81531711208618e-05,1.17471080973275,32424.9267578125,11062.6220703125,52096247.8745844,-1986470.7081359,34567.3499169288,2357.73247782186,29850.0061035156,21210.0770914482,16662.7816066423
1418.88512,1445.4272,26.5420800000002,33.1571199999998,0.429752379655838,0.00797696,0.276935249567032,0.0036864,0.099088753582162,0.188008558425783,0.12115394704755,0.181425794861846,0.000300540123456788,0.000138888888888888,1.24922839506171,33569.3359375,10681.15234375,36956842.9933323,-1693373.45178984,34698.8826603084,2382.71362744172,24032.5927734375,19885.214192254,18910.2225652582
1478.58432,1506.5088,27.9244800000001,42.3935999999999,0.450834155082703,0.0053248,0.450834155082703,0.0053248,0.103365622242438,0.197231437447966,0.197231437447966,0.189256494796596,0.00019068573524019,0.00019068573524019,1.51815181518151,33187.8662109375,9155.2734375,22662090.5365328,-1359671.4694602,34007.3476195807,3597.788354228,27751.9226074219,20296.7512271994,20296.7512271891
1548.9024,1570.4064,21.5040000000001,45.6908799999999,0.198648571968079,0.01453056,0.134206846356392,0.0046592,0.0525226322411678,0.0869050025481377,0.0587129633454096,0.0961659114491645,0.000675714285714282,0.000216666666666665,2.12476190476189,25177.001953125,9155.2734375,10769965.3575608,-690953.167860844,23792.8455459075,4399.74025592682,15068.0541992188,9877.98782881196,9877.9878288096
1616.09728,1642.3424,26.24512,40.54016,0.482987940311432,0.01031168,0.353887230157852,0.004608,0.112536741137428,0.211298111874822,0.15481898678619,0.20604828473385,0.000392898946547015,0.000175575497463909,1.54467420991026,31280.517578125,10299.6826171875,31083869.1045606,-1434340.7979765,33808.8584309712,3105.20637932263,30422.2106933594,16859.6756634171,16233.6807559697
1682.88256,1710.08,27.1974399999999,34.7852800000001,0.554392695426941,0.00914432,0.489185810089111,0.00356352,0.138446419117156,0.242536345121521,0.214009562974047,0.253487411296169,0.000336219879518073,0.000131024096385543,1.27899096385543,33569.3359375,10681.15234375,32595005.0826828,-1527626.31998549,33950.1594702852,2588.91091829456,22029.8767089844,18360.5646921042,17436.9757170485
1744.86528,1771.33568,26.4703999999999,33.8636800000002,0.614190101623535,0.00398336,0.614190101623535,0.00398336,0.154305930986553,0.268696582199501,0.268696582199501,0.282525263151278,0.000150483558994198,0.000150483558994198,1.27930367504837,34713.7451171875,9155.2734375,51850440.8213746,-2015765.25435286,36063.4285201466,3052.33115836699,19645.6909179688,22155.5440078635,17027.4380643106
1805.19936,1833.61536,28.4159999999999,30.2899199999999,0.578490614891052,0.01159168,0.535818338394165,0.00379904,0.152044223797585,0.25307873025767,0.234410414341999,0.278384207686664,0.000407927927927929,0.000133693693693694,1.06594594594595,34332.275390625,9155.2734375,40998636.8212791,-1769072.47242653,34831.3523846653,3326.0683514397,21648.4069824219,21002.5169915002,17164.8328051307
1863.90528,1890.7136,26.8083200000001,32.1638399999999,0.609075963497162,0.01148928,0.49945530295372,0.0041472,0.16337477701018,0.266459243252129,0.218502272358891,0.299129797357594,0.000428571428571427,0.000154698242933537,1.19977081741787,33950.8056640625,9536.7431640625,23973611.3909073,-1357939.45898471,33368.8004685956,4213.75351407557,21648.4069824219,19174.5761722563,19174.5761722445
1922.87744,1949.40928,26.5318400000001,34.42688,0.538743853569031,0.00789504,0.452205270528793,0.00500736,0.163190263993386,0.235690272038471,0.197831274588277,0.298791964661914,0.000297568506368197,0.00018873021999228,1.29756850636819,35095.21484375,9155.2734375,18592251.6085552,-1403210.45039414,34971.3610364245,3249.05680823999,24890.8996582031,24141.9528191023,24141.9528191005
1983.83616,2013.41952,29.5833599999999,49.3260800000003,0.695765435695648,0.0121344,0.523241519927979,0.00722944,0.164080454637072,0.304384251862393,0.228908293536283,0.300421852406697,0.000410176531671861,0.000244375216337834,1.6673589477328,34713.7451171875,8773.8037109375,19552713.7990168,-1400410.2586766,37171.7370074728,3233.29550917005,24890.8996582031,24316.7908377864,24316.790837782
2062.7456,2078.9248,16.1791999999996,50.8006400000004,0.16602198779583,0.00868352,0.153984248638153,0.0024064,0.0452323420472835,0.0726314875032777,0.0673652037248078,0.0828178104247402,0.000536708860759508,0.000148734177215194,3.13987341772162,30899.0478515625,9155.2734375,136421011.017877,-2878110.06684523,31632.6434795673,6471.70748960767,28991.69921875,19505.0628076376,10855.0660885424
2129.72544,2150.656,20.9305599999998,57.1801599999999,0.248020857572556,0.00699392,0.144158869981766,0.0047104,0.0587256563639234,0.108504446046548,0.0630667859274376,0.107523290983513,0.000334148727984348,0.000225048923679063,2.73189823874758,34713.7451171875,14114.3798828125,104530452.143454,-2472449.88255078,30581.6239001704,5576.73714211612,16593.9331054688,23284.1362114818,5956.18815475445
2207.83616,2217.37984,9.54368000000022,50.7084799999998,0.0757023841142654,0.00576512,0.0577180124819279,0.00078848,0.0230933969652564,0.0331183648549335,0.0252505415574868,0.042282678397077,0.00060407725321887,8.2618025751071e-05,5.3133047210299,28991.69921875,8773.8037109375,-310598108.079657,635780.105810788,27736.0280354818,3337.69921111606,24795.5322265625,22872.8708545885,22222.1615591252
2268.08832,2297.25184,29.1635200000001,36.1267200000002,0.54406076669693,0.01125376,0.292096644639969,0.00478208,0.121409589293451,0.238016321223473,0.127786771358307,0.222293958144811,0.000385884831460673,0.000163974719101123,1.23876404494382,31280.517578125,8773.8037109375,16274076.634257,-1220454.58650468,33549.4331691576,3176.31454145003,24890.8996582031,21751.4721974583,21751.4721974548
2333.37856,2361.0368,27.6582399999998,35.1539200000002,0.589721083641052,0.00838656,0.467334568500519,0.00689152,0.130567146369407,0.257991848462679,0.204450057022795,0.239060917173318,0.000303221029248429,0.000249166975194375,1.27101073676418,32806.396484375,9155.2734375,31438557.13436,-1556216.81799918,33506.7628400599,3891.77722684426,22602.0812988281,19524.167551842,18992.4061427148
2396.19072,2423.98208,27.7913600000002,35.8195199999996,0.610557377338409,0.00910336,0.456463545560837,0.00693248,0.136822438348518,0.267107333859441,0.199694189578524,0.250513996139158,0.000327560795873248,0.000249447310243182,1.28887251289607,33569.3359375,9155.2734375,39337377.0724047,-1877821.53964699,35439.7438260406,2646.6140834017,22602.0812988281,23015.5364880408,21804.6100374923
2459.8016,2487.808,28.0064000000002,34.8262399999999,0.654659867286682,0.009216,0.558712065219879,0.00464896,0.147115885197019,0.286401341177801,0.24442598791705,0.269360703851643,0.000329067641681899,0.000165996343692869,1.24351005484459,34713.7451171875,9155.2734375,46311533.565321,-2027551.79105801,37032.3422398021,3670.04294868418,22697.4487304688,23924.2781113315,20459.5842153442
2522.63424,2551.95136,29.3171200000002,33.66912,0.699391186237335,0.01716224,0.500449895858765,0.00488448,0.160843080757454,0.305970449321265,0.218937387990939,0.294494407483416,0.000585399930143203,0.000166608452672021,1.14844568634299,34713.7451171875,8773.8037109375,31720657.8464331,-1703831.24887304,36455.2373471467,3284.92326716514,22602.0812988281,23071.7483467779,22687.7251522355
2585.62048,2615.28576,29.6652800000002,34.1913599999998,0.789338827133179,0.011008,0.529951870441437,0.00504832,0.167185903976592,0.345320845268276,0.231843945288991,0.306107751103145,0.000371073524335517,0.000170176044183637,1.1525716258198,34713.7451171875,9155.2734375,22693435.0600964,-1520597.08196588,36140.1101817256,2452.53276047371,22602.0812988281,25138.0609293964,25138.0609293901
2649.47712,2680.27904,30.8019199999999,33.80224,0.85601007938385,0.0106496,0.573801577091217,0.00464896,0.171140635995461,0.374488260313491,0.25102736468325,0.313348637420218,0.000345744680851065,0.00015093085106383,1.09740691489362,35095.21484375,8773.8037109375,46839327.1197893,-2101172.67523449,37995.5585186298,3053.0557400341,22602.0812988281,26847.4659049778,20280.9534162998
2714.08128,2744.51456,30.4332800000002,39.8745599999997,0.755721747875214,0.01091584,0.636934757232666,0.00524288,0.176469410075051,0.330614007310016,0.278646939929662,0.323105315530286,0.000358681022880213,0.000172274562584117,1.31022880215342,35858.154296875,9155.2734375,33915980.0544885,-1757764.73108048,37280.3027813251,2934.91263160976,22506.7138671875,23467.7889312967,22082.0901360075
2784.38912,2812.5696,28.18048,43.6838400000001,0.569378733634949,0.01447936,0.278847396373749,0.00692224,0.117408651654137,0.249092454112139,0.121990475201082,0.21496847200068,0.000513808139534884,0.000245639534883721,1.55014534883721,28991.69921875,8773.8037109375,40073973.3761509,-1594239.96182711,30739.5995370013,3439.18409523838,22506.7138671875,18609.24848364,13102.1240618086
2856.25344,2886.93248,30.67904,39.49568,0.646668493747711,0.01183744,0.46437594294548,0.00515072,0.147346167779146,0.282905266019108,0.203155714159656,0.269782337982611,0.00038584779706275,0.000167890520694259,1.28738317757009,35095.21484375,8773.8037109375,24953857.4324764,-1541492.91927024,36508.2667424129,3250.35368442306,22506.7138671875,23804.8650928549,23804.8650928246
2926.42816,2956.09344,29.6652800000002,37.89824,0.668217122554779,0.01055744,0.605153143405914,0.0046592,0.161382284227691,0.292332384587511,0.264743083469815,0.295481657949727,0.000355885398688296,0.000157059026579219,1.27752847773558,35095.21484375,9155.2734375,30962120.3761924,-1747240.49119459,36748.803180197,2620.84400418508,22506.7138671875,24714.9396280533,24584.8195981161
2993.99168,3023.79008,29.7984000000001,32.7475199999999,0.747635424137115,0.01060864,0.557648658752441,0.00507904,0.166449237122037,0.327076393230528,0.243960767649687,0.304758956564872,0.000356013745704466,0.000170446735395188,1.09896907216494,34713.7451171875,8773.8037109375,44007711.0833914,-1981640.53959641,37292.8121815557,2884.50961344646,22506.7138671875,24642.7334364439,19973.306167306
3056.5376,3087.42144,30.88384,34.6931199999999,0.755785346031189,0.01091584,0.494989812374115,0.00510976,0.163658457905384,0.330641830303417,0.216548704475898,0.299649200721133,0.000353448275862069,0.000165450928381963,1.12334217506631,34332.275390625,8773.8037109375,29163185.8353574,-1652952.006546,36281.4389742338,3019.28645437727,22506.7138671875,23610.8458174051,23233.3211383064
3122.11456,3153.23392,31.1193600000001,34.2527999999998,0.863252878189087,0.01129472,0.534543395042419,0.00510976,0.182173128600549,0.377656848148725,0.233852650678589,0.333548495303444,0.000362948338269166,0.00016419874958868,1.10069101678182,35476.6845703125,8773.8037109375,27149661.8639712,-1600476.18089503,36606.4218374399,3245.12984435809,20122.5280761719,23660.476282387,23513.6664116932
3187.48672,3218.432,30.9452799999999,37.1302400000004,0.85558021068573,0.01123328,0.674800276756287,0.00557056,0.183633272647411,0.374300200867931,0.295212390353416,0.336221934868864,0.000363004632693581,0.000180013236267373,1.19986763732629,35476.6845703125,8773.8037109375,21331877.1788345,-1514046.47630044,36865.967970628,2692.4415898515,21743.7744140625,26424.9656795076,26424.9656795017
3255.56224,3286.15936,30.5971199999999,36.15744,0.822845220565796,0.0109056,0.588095963001251,0.00456704,0.185875112181276,0.359979260266137,0.257280888842161,0.340326613802452,0.000356425702811246,0.000149263721552879,1.18172690763052,35095.21484375,8773.8037109375,37418127.7834293,-1828038.22599191,36953.5592886118,3181.68880519127,20122.5280761719,23751.3465271071,20902.4616931618
3322.3168,3356.45696,34.1401599999999,33.9967999999999,0.831094622612,0.01170432,0.561005830764771,0.00561152,0.178177114736046,0.363588218028799,0.245429467068945,0.326232024307112,0.000342831433713258,0.000164367126574685,0.995800839832033,35095.21484375,9155.2734375,32343291.4487237,-1797298.4661188,37826.8888626976,2774.19667647673,21839.1418457031,26275.1113773999,23662.316878428
3390.45376,3424.83968,34.3859200000002,33.4438399999999,0.848574042320251,0.01173504,0.559418976306915,0.00549888,0.187206214794287,0.37123513438584,0.244735248181101,0.342763785942355,0.000341274568195353,0.000159916617033948,0.97260273972602,35858.154296875,9155.2734375,36487637.9336408,-1849159.92106471,38078.4876697626,3148.20741989372,21743.7744140625,26414.5571918543,20442.3923750873
3458.28352,3490.79552,32.5120000000002,33.3312000000001,0.885135650634766,0.01165312,0.560852944850922,0.0052224,0.197143547075771,0.387230148255094,0.245362582365969,0.360958468414363,0.000358425196850392,0.000160629921259842,1.0251968503937,35476.6845703125,9155.2734375,36186421.9583325,-1826296.18461482,37643.1717831865,3149.20936880108,21839.1418457031,24959.412861459,21126.402740761
3524.12672,3556.67968,32.55296,36.1062399999996,0.851832330226898,0.01258496,0.576591432094574,0.0081408,0.198851502066246,0.372660573874402,0.252247873614039,0.364085635530036,0.00038659955960994,0.000250078641082101,1.10915382195658,36239.6240234375,8773.8037109375,18837897.9206187,-1455853.41597082,37307.3480068109,2611.08907375438,21743.7744140625,27429.9079217179,27429.9079217127
3592.78592,3626.01472,33.2288000000003,36.4339199999999,0.878160238265991,0.01211392,0.611302673816681,0.00787456,0.209948966637305,0.384178536941321,0.267433387007982,0.384404453337004,0.000364560862865944,0.000236979969183357,1.09645608628658,35858.154296875,9155.2734375,30602301.319796,-1779176.85598517,38181.2071188902,2363.77505358996,20122.5280761719,26389.1919325206,25330.2845298171
3662.44864,3697.28512,34.8364799999999,35.9219199999998,0.886031329631805,0.0132096,0.736780047416687,0.00617472,0.227547576160167,0.387621990918492,0.322327370712,0.416626492728196,0.000379188712522047,0.000177248677248678,1.03115814226925,36239.6240234375,9155.2734375,21759455.09507,-1485476.61271661,37297.1741958727,3004.39691243372,21839.1418457031,25363.4013189313,25341.9294232243
3733.20704,3770.38848,37.1814400000003,34.97984,0.976677179336548,0.01601536,0.709248065948486,0.00538624,0.227569290346382,0.427277840047045,0.310282648235798,0.416666250151228,0.000430735334618559,0.000144863673919029,0.940787661801148,35858.154296875,9155.2734375,23607210.6318498,-1533769.34712631,37811.3302160821,2943.65516019091,20122.5280761719,25433.2039646818,24391.7408085064
3805.36832,3840.4608,35.0924799999998,37.9904000000001,0.974743723869324,0.01596416,0.638464093208313,0.0084992,0.22309493318075,0.426431989756549,0.279315995566679,0.40847396014934,0.000454916836883574,0.000242194339072076,1.08257951561133,35858.154296875,9155.2734375,28956202.0476737,-1691287.78512418,38345.9549493064,2851.23381012416,21743.7744140625,25700.3373273349,23692.436746387
3878.4512,3914.47552,36.02432,37.55008,1.11141777038574,0.01598464,0.725221157073975,0.00487424,0.229638590604826,0.486224306625972,0.317270574256153,0.420455019619245,0.000443718021603184,0.000135304150085276,1.04235361000568,35476.6845703125,8773.8037109375,16837284.049934,-1332617.47708758,36448.2109182574,2198.63801176302,21839.1418457031,26156.0255870337,26156.0255870227
3952.0256,3987.2,35.1743999999999,39.77216,1.05068075656891,0.01644544,0.725796103477478,0.00525312,0.237001927339602,0.459653008940699,0.317522102460794,0.433936864648556,0.000467540029112083,0.000149344978165939,1.13071324599709,36239.6240234375,9155.2734375,18783715.221059,-1403434.22458265,37497.2004673816,2993.55731921808,21648.4069824219,26125.0227345213,26125.0227345072
4026.97216,4064.89088,37.9187200000001,35.1334400000005,1.17730915546417,0.01649664,0.736025393009186,0.00540672,0.230467604557013,0.515050544496242,0.321997223645967,0.421972896369026,0.0004350526600054,0.000142587091547394,0.926546043748323,36239.6240234375,9155.2734375,16709114.2926088,-1330357.01994078,37086.3255722504,2835.47091331587,20122.5280761719,26420.5807904906,26420.5807904722
4100.02432,4137.55392,37.5295999999998,37.2633599999999,1.05305635929108,0.01605632,0.675849318504333,0.0049152,0.214243724724574,0.460692290313718,0.29567132632705,0.392267907781167,0.000427830832196455,0.000130968622100956,0.992905866302867,35858.154296875,9155.2734375,24195283.6360476,-1513774.81981957,37451.9254792651,3206.28356194685,20122.5280761719,24621.555313851,22733.011136128
4174.81728,4209.74592,34.9286400000001,42.1273599999995,1.19682383537292,0.0161792,0.750435173511505,0.00499712,0.24545445808172,0.523587848793948,0.328301230761978,0.449412961107993,0.000463207270595132,0.000143066549399003,1.20609791849896,36239.6240234375,9536.7431640625,18735101.1860452,-1376902.45172891,37007.7833688253,2651.3372643737,20217.8955078125,25236.3212723242,25236.3212723082
4251.87328,4287.87712,36.0038400000003,38.7481600000001,1.05649316310883,0.01698816,0.603974401950836,0.00822272,0.22530089855595,0.46219582714552,0.264227406321259,0.412512955566732,0.000471843003412965,0.00022838452787258,1.07622298065983,35476.6845703125,9155.2734375,17339784.8926236,-1348090.87269586,36576.4636711534,2177.02197614718,21648.4069824219,26059.2925057871,26059.2925057744
4326.62528,4364.9536,38.3283199999996,36.99712,1.18468487262726,0.01683456,0.708269238471985,0.00905216,0.234860512633228,0.518277281605408,0.309854429681309,0.430016057784125,0.000439219877103932,0.000236174191824742,0.965268501202254,35858.154296875,9155.2734375,18052371.0463641,-1336377.08897266,36873.9712622858,2746.69771212606,26416.7785644531,24763.4596623991,24701.0704390959
4401.95072,4438.85568,36.9049599999998,38.8915200000001,1.1391019821167,0.0167936,0.698331773281097,0.00514048,0.233505735833897,0.498335626970165,0.30550697613971,0.427535539574002,0.000455049944506106,0.000139289678135406,1.05382907880134,35858.154296875,9536.7431640625,17800969.8370695,-1373152.29695523,37280.5823473564,2206.72871269496,21553.0395507812,26431.6356058936,26431.6356058752
4477.7472,4515.72736,37.9801600000001,38.2668800000001,1.11896514892578,0.01680384,0.753635764122009,0.00518144,0.232749251772998,0.489526142349005,0.32970142877199,0.42615046087347,0.000442437314640064,0.000136424912375303,1.00754920463737,35858.154296875,9536.7431640625,15540809.2576023,-1285759.61475197,36867.6275777339,2560.22355050986,20217.8955078125,26415.8542584511,26415.8542584382
4553.99424,4592.31232,38.31808,39.6083200000003,1.15910112857819,0.01711104,0.801639258861542,0.00500736,0.251149900852824,0.507084876244786,0.350702052090485,0.459840988451992,0.000446552645644041,0.000130678781400321,1.03367183324426,36239.6240234375,9155.2734375,18795548.3054191,-1420955.90501771,37481.5540928994,1812.27126802805,20122.5280761719,26861.3438363975,26851.2635660996
4631.92064,4671.62112,39.7004799999995,42.1990400000004,1.15299391746521,0.01695744,0.673507034778595,0.0050176,0.228290520462736,0.50441308660101,0.294646621386375,0.417986780911859,0.000427134382254326,0.000126386381222596,1.06293525922107,35858.154296875,8773.8037109375,17345480.5647271,-1362706.14796533,37108.838033816,2027.23017485649,20122.5280761719,26767.4853328054,26761.3886349915
4713.82016,4750.25408,36.4339199999995,43.8374400000002,1.13923323154449,0.01721344,0.731844305992126,0.00566272,0.239380801346378,0.498393046118685,0.320168076956053,0.438292445801342,0.000472456436200119,0.000155424395727939,1.20320404721756,36239.6240234375,9155.2734375,18463984.4523152,-1404840.95260945,37770.200832724,2260.42108110918,21553.0395507812,26674.2062760886,26674.2062760706
4794.09152,4832.47104,38.3795200000004,42.2809600000001,1.18474066257477,0.01862656,0.690698087215424,0.00580608,0.253099796300954,0.518301688654915,0.302167382502482,0.463411134596591,0.000485325506937028,0.000151280683030948,1.10165421558163,35858.154296875,9155.2734375,17335657.0724979,-1309911.12555815,37586.7659045804,2740.04329662719,21648.4069824219,24750.9810024673,24738.553108613
4874.752,4912.09728,37.3452799999995,41.3696,1.15265345573425,0.01795072,0.748507857322693,0.00608256,0.259132408669751,0.504264141016839,0.327458066289964,0.474456500034506,0.000480669043049087,0.000162873594735401,1.10775980257747,37002.5634765625,9536.7431640625,14868445.7894694,-1318287.84844622,38126.9444347886,1833.26851613893,21743.7744140625,28495.2544493577,28495.2544493511
4953.46688,4993.30048,39.8335999999999,39.5468799999999,1.07100987434387,0.01862656,0.794011354446411,0.00978944,0.256567375095376,0.468546614439753,0.347364987816293,0.469760071446448,0.000467609254498715,0.000245758354755784,0.992802056555268,36239.6240234375,9155.2734375,18364317.0445,-1356061.47477151,37933.304862193,2690.08538131127,26416.7785644531,25189.7470137279,24877.8603899466
5032.84736,5070.05952,37.21216,42.0761600000005,1.27076292037964,0.01753088,0.747955024242401,0.00530432,0.262638739090458,0.555934803555586,0.32721621224704,0.480876388877871,0.000471106219042377,0.000142542652724271,1.13070996147497,36239.6240234375,9155.2734375,16007347.174266,-1270767.05940112,37010.7105496993,2586.05066237722,21648.4069824219,25121.8955456172,25121.8955456015
5112.13568,5151.32416,39.1884799999998,43.8579199999995,1.11347877979279,0.01782784,0.729078590869904,0.00560128,0.256444166576595,0.487125959358716,0.318958128767838,0.469534483752127,0.000454925529135095,0.000142931800365823,1.11915338385157,36239.6240234375,9155.2734375,16274920.391176,-1288497.7499037,37419.7190807712,2609.13733828038,21553.0395507812,25500.2714597687,25500.2714597281
5195.18208,5234.688,39.5059200000005,42.1580800000002,1.16011142730713,0.01845248,0.802500605583191,0.00622592,0.268568406749263,0.507526862878484,0.351078875031109,0.491733268487051,0.000467081389320886,0.000157594608605493,1.06713322965266,36239.6240234375,8773.8037109375,20640560.5296122,-1423035.01282274,38155.7822577065,2800.27039411505,21648.4069824219,25050.377220295,24004.2189067533
5276.84608,5317.13024,40.2841600000002,41.92256,1.14685130119324,0.01903616,0.746683835983276,0.00791552,0.266479278460048,0.501725807868123,0.326660091365808,0.487908195037873,0.000472547025927807,0.000196492119979664,1.04067107269954,36239.6240234375,9536.7431640625,11166503.9525513,-1131122.25425354,36679.4049215457,1685.41782239578,26416.7785644531,27445.1559841706,27445.1559841647
5359.0528,5398.96832,39.9155199999996,42.3014400000002,1.16981399059296,0.01808384,0.920138716697693,0.00427008,0.273658576741283,0.511771551268259,0.402543329292611,0.501053076269459,0.000453052847614166,0.000106977937403798,1.05977424320166,37002.5634765625,9155.2734375,19666631.4428872,-1384269.14622591,37670.1354980469,2768.93092673063,20122.5280761719,24797.0813496392,23919.9870867207
5441.26976,5481.39008,40.12032,42.3116799999998,1.16195964813232,0.01939456,0.923434019088745,0.00818176,0.287325728876167,0.508335424621122,0.403984961919788,0.526076843850843,0.000483409903011741,0.000203930576824911,1.05461970393057,36621.09375,9536.7431640625,19717152.2600661,-1407144.7451927,38437.9691742033,2555.77142370873,21648.4069824219,25493.9479224852,24717.5789832929
5523.70176,5564.24192,40.5401600000005,44.8512000000001,1.10845947265625,0.01963008,0.744195163249969,0.01005568,0.270476027917807,0.484930107180324,0.325571343996085,0.495226012863044,0.000484213185147759,0.00024804243495832,1.10633998484465,36621.09375,9536.7431640625,17609311.4988832,-1322383.40743669,38060.5546610097,2408.8139512974,21648.4069824219,24984.0172736391,24668.6509461369
5609.09312,5651.70176,42.6086399999995,42.7724799999996,1.19329702854156,0.0201216,0.956651031970978,0.00644096,0.294953121070586,0.52204493734168,0.418516778386285,0.540042159202681,0.000472242249459271,0.000151165585195868,1.00384522951214,37002.5634765625,9536.7431640625,17033369.4658815,-1329969.52922932,38485.0206950678,2427.8142467867,27561.1877441406,26177.9968721856,25744.1752983012
5694.47424,5736.6016,42.1273600000004,42.9363199999998,1.18905532360077,0.01939456,0.952866435050964,0.01040384,0.270701604774348,0.520189271453744,0.416861088633679,0.495639031081772,0.000460379192999509,0.000246961594555175,1.01920272241126,36621.09375,9536.7431640625,21744341.3245435,-1474159.59415708,38726.3170538102,2632.69513969833,21553.0395507812,26457.9485585086,23512.4549363184
5779.53792,5824.32768,44.7897600000006,41.2569599999997,1.09692454338074,0.02038784,0.925028502941132,0.00586752,0.288028545775008,0.479883793239331,0.404682518523803,0.527363661071819,0.000455189757658888,0.000131001371742111,0.921124828532218,36621.09375,9536.7431640625,15514193.6916216,-1241501.43645289,38113.8824894928,2807.6838264583,21553.0395507812,25191.5214874498,24483.1767795767
5865.58464,5908.69504,43.1103999999996,44.3596800000005,1.07847034931183,0.01992704,1.07120597362518,0.01053696,0.279547693645384,0.471810431489516,0.468632404175733,0.511835709784725,0.000462232779097392,0.000244418052256534,1.02897862232781,37002.5634765625,9536.7431640625,18991286.9897175,-1340206.41555199,38065.3748537767,2616.75161606656,26226.0437011719,24807.4840171229,22481.4026690268
5953.05472,5997.85472,44.8000000000002,41.85088,1.21017420291901,0.02021376,1.13117730617523,0.01089536,0.2912557053577,0.529428382728404,0.494868730752069,0.53327240420633,0.000451199999999998,0.000243199999999999,0.934171428571424,37002.5634765625,9155.2734375,14836441.0416773,-1237955.87245786,37923.3931022261,2467.28189132548,20217.8955078125,25964.561933224,25683.092457863
6039.7056,6084.66944,44.9638399999994,44.1651200000006,1.1308878660202,0.0210432,0.888060331344604,0.01124352,0.283628915788535,0.494742106144798,0.388509640888859,0.519308192226589,0.00046800273286268,0.000250056934639038,0.982236392621296,36621.09375,9536.7431640625,18976310.1030054,-1348423.7966157,38661.1958114644,2713.75445534881,21553.0395507812,25643.3131632515,22265.015575889
6128.83456,6176.72704,47.8924799999995,41.5539200000003,1.2275265455246,0.02219008,1.10455310344696,0.0113664,0.312961573679272,0.537019705250457,0.483221144348506,0.573014597654576,0.00046333119521061,0.000237331622835153,0.867650203121674,36621.09375,9536.7431640625,10286623.9527533,-1013227.11266196,36609.2810864025,2320.87126242908,21600.7232666016,24931.6364320402,24931.6364319989
6218.28096,6265.32352,47.0425599999999,43.3663999999999,1.2423415184021,0.02187264,1.12139368057251,0.0113664,0.305362433501361,0.543500976386284,0.490588579127967,0.559101010116098,0.000464954288202004,0.00024161950370048,0.921854592947323,37002.5634765625,9155.2734375,15899257.5748006,-1261715.77611621,38439.1795520593,2744.70028958294,25558.4716796875,25893.6801978298,24169.2441132033
6308.68992,6353.89952,45.2096000000001,45.2300800000003,1.21157586574554,0.01154048,1.18453645706177,0.00910336,0.325309318698506,0.530041583771356,0.518212352595502,0.595622606877422,0.000255266138165345,0.000201359003397508,1.00045300113251,37002.5634765625,9536.7431640625,17137132.3934047,-1303881.00894698,38577.1448240931,2520.43222124512,21553.0395507812,25681.7692681163,23921.2180287762
6399.1296,6448.34304,49.2134399999995,41.8713600000001,1.27137565612793,0.01248256,1.13203012943268,0.01011712,0.328488886358521,0.55620286388564,0.495241824837907,0.601444211945418,0.000253641281731172,0.000205576362879736,0.850811485642956,37002.5634765625,9155.2734375,12167423.9823557,-1099961.47564591,38115.6983163193,2793.35460222879,27561.1877441406,25055.6083208198,24663.8413280188
6490.2144,6535.99744,45.7830400000003,49.1827199999998,1.18287646770477,0.01311744,1.12001538276672,0.00688128,0.334779609640249,0.517486138569042,0.489985599840791,0.612962163583562,0.000286513084321179,0.000150301945873406,1.07425631849697,37384.033203125,9536.7431640625,11807566.7413627,-1110638.85773257,38505.2694470419,2509.63810240058,27465.8203125,26098.7390335069,26098.7390334702
6585.18016,6631.64928,46.4691199999997,49.3977600000007,1.19331562519073,0.0120832,1.16156721115112,0.00937984,0.335018881608176,0.522053073024849,0.508163740845531,0.613400256761648,0.000260026443367124,0.000201851035698547,1.06302335830765,36621.09375,9536.7431640625,9708053.67429359,-980652.135652778,36895.5294743371,3175.80136794316,21553.0395507812,24606.6734322414,24606.6734322203
6681.04704,6729.73824,48.6911999999993,47.0835200000001,1.23683321475983,0.01143808,1.23683321475983,0.01143808,0.338034470513924,0.541091197462001,0.541091197462001,0.618921626184751,0.000234910620399583,0.000234910620399583,0.966982124079933,37002.5634765625,9155.2734375,12501499.1894592,-1086960.44841759,37364.3419520575,2743.32642528809,25606.1553955078,23967.2156989097,23286.4422902624
6776.82176,6824.07936,47.2575999999999,49.2441600000002,1.20026230812073,0.01110016,1.20026230812073,0.01110016,0.344394562558831,0.525092115751162,0.525092115751162,0.630566588028831,0.000234886240520044,0.000234886240520044,1.04203683640304,36621.09375,9536.7431640625,10186546.011924,-1022373.66685408,36786.9719306937,2200.25988068223,25653.8391113281,25565.5086023266,25565.5086023005
6873.32352,6923.97056,50.6470399999998,46.51008,1.23162090778351,0.00617472,1.23162090778351,0.00617472,0.344804045041977,0.538810911494823,0.538810911494823,0.63131632684682,0.000121916700363931,0.000121916700363931,0.918317832591997,37002.5634765625,9155.2734375,11949522.0087644,-1085874.15236083,37728.0716600829,2620.01276030701,21600.7232666016,24993.3330707873,24344.3219396867
6970.48064,7020.12416,49.6435200000005,48.31232,1.27916395664215,0.00905216,1.27916395664215,0.00905216,0.348969015086389,0.559610098427164,0.559610098427164,0.638942146867422,0.00018234323432343,0.00018234323432343,0.973184818481838,37002.5634765625,9918.212890625,16032572.8936323,-1189355.14827011,37884.8087449788,2844.89129473197,25606.1553955078,24583.535813772,19531.8356276004
7068.43648,7117.6192,49.1827199999998,47.5136000000002,1.34930384159088,0.01263616,1.29315531253815,0.00997376,0.357807825405656,0.590294974838835,0.565731052671873,0.655125498961729,0.000256922756610453,0.000202789922964815,0.96606287736832,37384.033203125,9536.7431640625,10830110.8048291,-1027208.53403522,37554.6907123767,2565.78745061724,27465.8203125,24390.5494725279,24323.5220592265
7165.1328,7217.3568,52.2239999999993,42.5369600000004,1.40359497070312,0.01333248,1.26578164100647,0.01096704,0.349518147370138,0.61404631957339,0.553755587806238,0.639947576418827,0.000255294117647062,0.000210000000000003,0.814509803921587,37384.033203125,9155.2734375,8129847.67852443,-947259.496996518,38191.4996103958,2279.80288144474,21553.0395507812,27296.7709937297,27296.7709937099
7259.89376,7311.5136,51.6198400000003,46.7251200000001,1.23666179180145,0.00689152,1.23666179180145,0.00689152,0.349436736073866,0.541016203151764,0.541016203151764,0.63979851702911,0.000133505256893473,0.000133505256893473,0.905177544138064,37384.033203125,9155.2734375,12395629.3418611,-1063618.47015539,38251.0793333685,3132.4105156169,21600.7232666016,23758.0597064009,21874.3236084942
7358.23872,7409.53088,51.29216,47.6262399999996,1.39438021183014,0.00673792,1.39438021183014,0.00673792,0.368694072034389,0.610015036411354,0.610015036411354,0.675057588894036,0.000131363545617888,0.000131363545617888,0.928528648432814,37002.5634765625,9536.7431640625,10781719.1063151,-1038616.28901206,38234.7306308015,2539.14213036371,27513.5040283203,25118.1907608627,24907.4024994041
7457.15712,7508.89984,51.7427200000002,48.4249600000003,1.28302812576294,0.01243136,1.28302812576294,0.01243136,0.352632605969023,0.561300599516407,0.561300599516407,0.645649970549746,0.000240253314862457,0.000240253314862457,0.935879675440334,37384.033203125,9536.7431640625,14971934.3757993,-1193184.68841464,38813.0493695728,2999.35311574299,21553.0395507812,25891.1605320944,21654.1254963236
7557.3248,7609.69216,52.3673599999993,46.848,1.5545529127121,0.01065984,1.5545529127121,0.01065984,0.38266266728631,0.680087571241987,0.680087571241987,0.700633281443059,0.000203558858036765,0.000203558858036765,0.894603050449757,37384.033203125,9918.212890625,15055723.0197602,-1192662.66778484,38916.5246943564,2325.83038379994,21600.7232666016,26070.6471151889,21168.6778940413
7656.54016,7709.65504,53.1148800000001,49.8380800000004,1.48652267456055,0.00692224,1.48652267456055,0.00692224,0.388756711300677,0.650325625503656,0.650325625503656,0.711791124682178,0.000130325814536341,0.000130325814536341,0.938307306728366,37384.033203125,9918.212890625,13795697.3362181,-1139720.00901183,38915.4451359575,2355.76670082055,21600.7232666016,25462.7022970728,21615.8015580979
7759.49312,7814.00064,54.5075200000001,50.1043199999995,1.42191660404205,0.00991232,1.42191660404205,0.00991232,0.381731294476704,0.622061688504718,0.622061688504718,0.698927991526827,0.000181852338906631,0.000181852338906631,0.919218485816257,37002.5634765625,9918.212890625,13570791.9345843,-1134067.15416986,38211.6070617473,2306.80130655523,25606.1553955078,25889.7483258878,21495.4188694601
7864.10496,7920.78336,56.6784000000007,48.3635199999999,1.43510639667511,0.014336,1.3809210062027,0.01160192,0.381660284474457,0.627831973944119,0.604126887869634,0.698797976306785,0.000252935862691957,0.000204697380307134,0.85329719963865,37765.5029296875,9155.2734375,10567964.0570129,-1024917.4813098,38621.4978767164,2653.62672029813,27513.5040283203,25558.2909962159,24141.7216687761
7969.14688,8023.68512,54.5382399999999,50.7187199999998,1.32097458839417,0.00714752,1.32097458839417,0.00714752,0.370194123147079,0.577901461022672,0.577901461022672,0.677804095996152,0.00013105520090124,0.00013105520090124,0.929966203529853,37002.5634765625,9918.212890625,12052476.0141001,-1039573.66216331,38305.5055296266,2868.22459756747,21600.7232666016,23986.2690051704,20847.3967312025
8074.40384,8133.82656,59.4227200000005,48.16896,1.44627499580383,0.0124928,1.44627499580383,0.0124928,0.392443412098247,0.632718025357047,0.632718025357047,0.718541261286354,0.000210236084783731,0.000210236084783731,0.810615199034975,37765.5029296875,9155.2734375,9640108.25771992,-977629.834022004,38981.7244029508,2487.19036217075,21362.3046875,25518.4778404141,24053.6265791499
8181.99552,8240.68096,58.6854399999993,50.4320000000007,1.63172090053558,0.01247232,1.63172090053558,0.01247232,0.41959186589613,0.713847110069744,0.713847110069744,0.76824851495028,0.000212528354562906,0.000212528354562906,0.859361367998626,38146.97265625,9155.2734375,9999787.05334834,-975952.322323093,39080.591287063,3016.88035792084,21553.0395507812,24790.0446446323,22835.1161588863
8291.11296,8348.2624,57.1494399999992,48.599040000001,1.51570928096771,0.00694272,1.51570928096771,0.00694272,0.401305162695641,0.663094215174635,0.663094215174635,0.734766615707291,0.000121483605088695,0.000121483605088695,0.850385235620885,37002.5634765625,9155.2734375,10234594.395545,-989802.408364207,38335.8227876806,2533.52796053029,27561.1877441406,24722.7517040606,23139.8694077816
8396.86144,8453.9392,57.0777600000001,50.8211199999987,1.46249175071716,0.01138688,1.46249175071716,0.01138688,0.394934963159963,0.639812549687642,0.639812549687642,0.723103147630356,0.000199497667743092,0.000199497667743092,0.890383925367754,37765.5029296875,9155.2734375,10782759.086705,-1016185.27481985,38440.1112834141,2531.63619623688,27036.6668701172,25010.758920082,22872.7444823369
8504.76032,8566.7328,61.9724800000004,49.223680000001,1.42127537727356,0.00790528,1.42127537727356,0.00790528,0.375746544154223,0.621781163890834,0.621781163890834,0.68797025873624,0.000127561136814276,0.000127561136814276,0.794282881692014,37765.5029296875,9155.2734375,8551414.82408234,-907879.455391362,38696.0165841239,3041.50521768337,21600.7232666016,24772.4137419139,23421.0778636029
8615.95648,8677.18144,61.2249599999996,49.9814399999996,1.43419623374939,0.01593344,1.34413802623749,0.00775168,0.3807110751566,0.627433794835176,0.58803502807958,0.697060028772309,0.000260244187991305,0.000126609800970063,0.816357250376316,38146.97265625,9155.2734375,8919470.03207979,-922378.623395429,38543.4742445952,3005.93075209908,27561.1877441406,24654.4218359095,23037.9990199517
8727.16288,8786.97472,59.8118400000003,51.8348800000003,1.53615665435791,0.01753088,1.40754079818726,0.01494016,0.395042411175341,0.672039555274353,0.615772544656035,0.723299878751614,0.000293100496490325,0.000249785995548706,0.866632425954461,38146.97265625,9536.7431640625,10163350.6147269,-998835.518971693,39806.2865674551,2702.21138679679,21553.0395507812,25698.6276181417,23383.2485351599
8838.8096,8898.58048,59.77088,47.0323200000003,1.38313221931458,0.00924672,1.38313221931458,0.00924672,0.37721138019649,0.605094251889512,0.605094251889512,0.69065228907473,0.000154702758266233,0.000154702758266233,0.786876820284396,38146.97265625,9536.7431640625,7797283.68884102,-928058.663205702,39879.5986263759,2294.20128311338,25606.1553955078,27615.6833621944,27614.634022315
8945.6128,9007.47264,61.8598399999992,49.0188799999996,1.48408925533295,0.00912384,1.48408925533295,0.00912384,0.394717026517477,0.649261050500271,0.649261050500271,0.722704118203068,0.000147492137063402,0.000147492137063402,0.792418473762627,38146.97265625,8773.8037109375,7186980.09158719,-873158.114228162,39283.4994257713,2565.66478960615,31328.2012939453,26529.2764600061,26511.4371459713
9056.49152,9118.0032,61.5116799999996,47.974400000001,1.58310556411743,0.00833536,1.58310556411743,0.00833536,0.411391013400872,0.692578817559808,0.692578817559808,0.753233226850373,0.000135508573331115,0.000135508573331115,0.779923422673568,38146.97265625,9155.2734375,9477002.40865909,-958013.219560572,39105.2434923749,2475.31190094799,21553.0395507812,25350.9267977621,23070.9939036951
9165.9776,9226.9056,60.9279999999999,49.5923199999997,1.60608720779419,0.009472,1.60608720779419,0.009472,0.413251735686633,0.702632853098558,0.702632853098558,0.75664010207594,0.00015546218487395,0.00015546218487395,0.81394957983193,38146.97265625,9155.2734375,9741970.01995947,-989234.127630042,39827.3940092576,2460.17274940265,27465.8203125,26117.4603598344,24107.7094463338
9276.49792,9339.74016,63.2422399999996,52.4083200000005,1.52273070812225,0.00821248,1.52273070812225,0.00821248,0.41478178342576,0.666165957089069,0.666165957089069,0.759441531271611,0.000129857512953369,0.000129857512953369,0.828691709844572,38146.97265625,9155.2734375,8543678.16848077,-907882.8442066,38788.6661012061,2873.53094887582,21600.7232666016,24992.0909261919,23245.4125341472
9392.14848,9455.45216,63.3036800000009,49.612799999999,1.34786224365234,0.02809856,1.34103620052338,0.00857088,0.392057807442085,0.589664302937795,0.58667803784845,0.717835241392898,0.000443869297961818,0.000135393076674214,0.783726949207349,38146.97265625,9155.2734375,8774224.34074207,-927495.574417122,39160.5555796537,2469.18400889392,31280.517578125,25468.8745092784,23552.4433510729
9505.06496,9568.70656,63.6416000000008,50.0019199999988,1.61692583560944,0.009728,1.61692583560944,0.009728,0.440414309148323,0.707374548287053,0.707374548287053,0.806373208030232,0.000152855993563956,0.000152855993563956,0.785679806918716,37765.5029296875,9155.2734375,7954410.09227043,-862078.15333276,39067.5740511048,2792.21268931484,21600.7232666016,24068.2407741888,22646.6576707259
9618.70848,9684.09088,65.3824000000004,51.6812800000007,1.47480273246765,0.0086528,1.47480273246765,0.0086528,0.422182868526395,0.645198371945494,0.645198371945494,0.772992491382432,0.000132341425215348,0.000132341425215348,0.790446358653099,38528.4423828125,8773.8037109375,7753312.05441661,-857923.756985591,38700.1555429864,2931.59974938522,27561.1877441406,24516.9347200298,22948.8044051075
9735.77216,9800.57088,64.7987199999989,51.0361600000015,1.72859251499176,0.007424,1.72859251499176,0.007424,0.449154904948306,0.756226613822275,0.756226613822275,0.822376735002272,0.000114570164348927,0.000114570164348927,0.787610619469063,38528.4423828125,9155.2734375,7895819.21151597,-884098.391319433,38656.1052831589,2524.05920456344,26464.4622802734,25361.5523379792,24134.8932184423
9851.60704,9920.5632,68.9561599999997,51.8860800000002,1.59477734565735,0.0185344,1.56132853031158,0.0082944,0.42517222301142,0.697685001784635,0.683051776113509,0.778465827093732,0.00026878526878527,0.000120285120285121,0.752450252450259,38528.4423828125,9155.2734375,6661317.08429771,-817170.856438001,38450.8688744759,2469.64037281426,27561.1877441406,25448.1203836825,24674.7213183963
9972.44928,10043.4432,70.993919999999,52.4595200000003,1.72067987918854,0.00817152,1.72067987918854,0.00817152,0.451666025350708,0.752764984937513,0.752764984937513,0.826974451680803,0.000115101687581135,0.000115101687581135,0.738929756238296,38528.4423828125,9155.2734375,6726715.29125858,-798645.330970945,38074.0683940854,2659.56379671349,26464.4622802734,24615.1369241635,22795.3982804524
10095.90272,10163.59936,67.6966400000001,57.8559999999998,1.79444742202759,0.00795648,1.79444742202759,0.00795648,0.473241535604662,0.785036893237099,0.785036893237099,0.866477967023015,0.000117531387082136,0.000117531387082136,0.854636212373312,38528.4423828125,9155.2734375,8247711.06438903,-889518.792984598,38768.3450704697,2380.41886683398,31280.517578125,25547.9325816408,22419.5340112606
10221.45536,10294.35392,72.8985599999996,53.5040000000008,1.66274917125702,0.0084992,1.66274917125702,0.0084992,0.47300965921163,0.727421393133525,0.727421393133525,0.866053414716171,0.000116589408624807,0.000116589408624807,0.733951397668227,38528.4423828125,9155.2734375,6821810.98390378,-815862.624401641,38340.9466000459,2336.92049249423,31280.517578125,25564.2925237555,23222.7422045609
10347.85792,10417.24416,69.3862399999998,57.5180799999998,1.67699825763702,0.00841728,1.67699825763702,0.00841728,0.438522342923141,0.733655099602666,0.733655099602666,0.80290912695295,0.000121310507674144,0.000121310507674144,0.828955135773317,38528.4423828125,9155.2734375,7996452.79023421,-867314.161110649,38662.5783930103,2695.5187944011,27561.1877441406,25354.3657626607,21681.1439927583
10474.76224,10549.39136,74.6291199999996,55.1219199999996,1.65528357028961,0.00886784,1.65528357028961,0.00886784,0.458876127407909,0.724155333555709,0.724155333555709,0.840175732850196,0.000118825466520308,0.000118825466520308,0.738611416026343,38146.97265625,9155.2734375,6293122.01865981,-772366.831510332,38044.7553383354,2766.54790686212,27513.5040283203,24805.5459364563,22591.4789307495
10604.51328,10676.98176,72.4684800000014,56.5555199999999,1.72540032863617,0.00862208,1.72540032863617,0.00862208,0.466535920299842,0.754830092515234,0.754830092515234,0.854200372011125,0.000118976967641654,0.000118976967641654,0.780415430267046,38528.4423828125,9155.2734375,7280038.96943951,-829937.825620344,38564.9871232752,2621.37231192769,20217.8955078125,25395.334966497,21911.893341526
10733.53728,10807.23456,73.6972800000003,56.7910400000001,1.73342907428741,0.00894976,1.73342907428741,0.00894976,0.472614029084349,0.758342517267988,0.758342517267988,0.865329038763114,0.000121439488675837,0.000121439488675837,0.770598860636374,38528.4423828125,9155.2734375,6628846.55867331,-797367.541736525,38641.7603301321,2657.35652664442,27561.1877441406,25196.0516451434,22760.6370632576
10864.0256,10940.55936,76.5337599999984,57.89696,1.88158369064331,0.008192,1.88158369064331,0.008192,0.463650158157231,0.823157366850679,0.823157366850679,0.848916707906183,0.000107037730800109,0.000107037730800109,0.756489162429772,38528.4423828125,9155.2734375,5735226.75766589,-723791.457889781,37633.4777306305,3055.26398109141,20217.8955078125,23870.7508578148,21800.8703470506
10998.45632,11076.90496,78.4486400000005,55.4291200000007,1.72006797790527,0.00739328,1.72006797790527,0.00739328,0.456382399186022,0.752497289670165,0.752497289670165,0.835609860251444,9.42435713353342e-05,9.42435713353342e-05,0.706565722490541,38146.97265625,9155.2734375,4898362.1767167,-659861.881380522,36647.883374372,3196.51150060313,20217.8955078125,22825.4125596189,21619.8199790495
11132.33408,11209.63584,77.3017600000003,60.7846399999999,1.77119565010071,0.0095232,1.77119565010071,0.0095232,0.485615020240494,0.774864681685138,0.774864681685138,0.889133103999839,0.000123195125182143,0.000123195125182143,0.786329315141074,38528.4423828125,9155.2734375,6199179.90280091,-761664.497543333,38533.6572509833,2979.23950399535,20217.8955078125,24956.7293782656,21834.4217170874
11270.42048,11351.37792,80.9574400000001,58.2143999999989,1.80286121368408,0.01728512,1.80286121368408,0.01728512,0.474923881712068,0.788717768352902,0.788717768352902,0.869558245750266,0.000213508727548697,0.000213508727548697,0.719074120920805,38528.4423828125,9155.2734375,4957051.72773147,-674196.643493369,36945.3210435155,2836.77625011556,20170.2117919922,23755.748536877,22092.1864330326
11409.59232,11491.18464,81.5923199999997,61.7983999999997,2.16688203811646,0.01048576,2.16688203811646,0.01048576,0.518410038205069,0.947970011454625,0.947970011454625,0.949178891101179,0.0001285140562249,0.0001285140562249,0.757404618473894,38909.912109375,9155.2734375,5961803.74781672,-759916.831406889,38822.142632453,2291.02507988116,20217.8955078125,26117.3166452128,22313.8213487164
11552.98304,11637.9648,84.9817600000006,61.4809600000008,1.87783980369568,0.00754688,1.87783980369568,0.00754688,0.498836776455478,0.821519486942959,0.821519486942959,0.91334137733112,8.88058802265327e-05,8.88058802265327e-05,0.723460657910596,38528.4423828125,9155.2734375,5488872.31261405,-718838.238874192,37328.1803973196,2035.13801729989,21600.7232666016,25622.4971804077,21448.0543054933
11699.44576,11784.00768,84.5619200000001,56.7603199999994,2.03809261322021,0.0181248,2.03809261322021,0.0181248,0.51245279501577,0.891627067793396,0.891627067793396,0.938271522285526,0.000214337612012594,0.000214337612012594,0.671227900217963,38528.4423828125,9155.2734375,4685626.91166722,-662409.227948867,37006.9272258612,2648.33396296367,21600.7232666016,24313.5628483432,22508.9979709978
11840.768,11926.45632,85.6883199999993,63.2115200000007,1.96014940738678,0.0090112,1.96014940738678,0.0090112,0.501143927079705,0.857528385711487,0.857528385711487,0.917565637105661,0.000105162523900574,0.000105162523900574,0.737691204588925,37384.033203125,9155.2734375,4772771.43117556,-656788.390635039,37224.1715382422,2623.606306258,19645.6909179688,23955.7562197724,21235.0759488379
11989.66784,12081.664,91.9961600000006,59.5967999999993,1.92017292976379,0.00703488,1.92017292976379,0.00703488,0.522000022193624,0.840039430944426,0.840039430944426,0.955751944804238,7.64692787177199e-05,7.64692787177199e-05,0.647818343722161,37765.5029296875,9155.2734375,4652810.18673182,-634586.502302424,36035.3589939591,2518.49694059289,19693.3746337891,24273.5037565079,19001.4234003357
12141.2608,12237.44512,96.1843200000003,62.6995200000001,2.13462352752686,0.00826368,2.13462352752686,0.00826368,0.522682318282501,0.933857521658127,0.933857521658127,0.957001189605294,8.59150431172147e-05,8.59150431172147e-05,0.651868412647716,37384.033203125,9155.2734375,4253522.08707643,-615621.724157501,36167.5517487831,2576.37492197675,20217.8955078125,24688.1304666678,19862.0230877899
12300.14464,12398.26432,98.1196799999998,60.5286400000005,2.24145913124084,0.01652736,2.24145913124084,0.01652736,0.5453625919418,0.980596082731136,0.980596082731136,0.998527463047726,0.000168440826549781,0.000168440826549781,0.61688582759341,37765.5029296875,9155.2734375,4229220.62952281,-609743.167095627,36192.2310381333,2469.81794764342,21386.1465454102,24843.4163648508,19111.1029230298
12458.79296,12558.2848,99.4918399999988,61.0611200000003,2.10826802253723,0.01681408,2.10826802253723,0.01681408,0.541779692201624,0.922327485445993,0.922327485445993,0.991967380195005,0.000168999588307948,0.000168999588307948,0.613729930012361,38146.97265625,9918.212890625,4480488.88503137,-637429.00082814,36864.3235731554,2252.85826195656,20170.2117919922,26274.4909944252,19068.2993767162
12619.34592,12721.72544,102.37952,65.0956800000004,2.12490057945251,0.0156672,2.12490057945251,0.0156672,0.528184428865318,0.929603915307955,0.929603915307955,0.96707523685908,0.000153030606121224,0.000153030606121224,0.635827165433088,37384.033203125,9155.2734375,3597795.49342338,-549468.687894069,35719.3014625088,2795.73249878164,21576.8814086914,23414.6376433713,18543.8091877925
12786.82112,12894.07488,107.25376,63.1398399999998,2.14909410476685,0.01844224,2.14909410476685,0.01844224,0.541603074500458,0.940188126199883,0.940188126199883,0.991644003367038,0.000171949589459615,0.000171949589459615,0.588695818216537,37002.5634765625,9155.2734375,2726633.26029208,-475927.644982456,34481.1095973616,2733.94752324579,20241.7373657227,21856.4873912992,19679.5607987122
12957.21472,13062.46144,105.246719999999,66.1606400000001,2.1779956817627,0.017408,2.1779956817627,0.017408,0.54616684279993,0.952832020880752,0.952832020880752,1,0.000165401829149641,0.000165401829149641,0.628624245962255,38146.97265625,9155.2734375,3278046.12267604,-539370.464961158,35865.5942871885,2609.40547743497,20241.7373657227,23917.6263925933,20456.4747593796
13128.62208,13233.55136,104.92928,63.1910399999997,2.03691720962524,0.01813504,2.03691720962524,0.01813504,0.508430150899637,0.891112850895666,0.891112850895666,0.930906292833824,0.000172831072509027,0.000172831072509027,0.602225041475549,37002.5634765625,9155.2734375,2898436.39781845,-502963.576234859,35375.6426929347,2321.65866174795,21576.8814086914,22776.0830966166,20863.3753974923
13296.7424,13408.1024,111.360000000001,63.7644799999998,2.28581285476685,0.01758208,2.28581285476685,0.01758208,0.539970496466921,1,1,0.98865484711367,0.000157885057471264,0.000157885057471264,0.572597701149421,37002.5634765625,9155.2734375,2869668.70719608,-483556.294500967,34630.2460924601,3112.73839100228,20241.7373657227,22479.1341822811,18261.9249824607
13471.86688,13586.18624,114.319360000001,63.3446399999993,2.00824165344238,0.01709056,2.00824165344238,0.01709056,0.499828921727266,0.878567836056388,0.878567836056388,0.915157938121779,0.000149498387674667,0.000149498387674667,0.554102472232163,37002.5634765625,9155.2734375,2873365.67098202,-494027.314434324,35079.1092100783,2191.26166232873,21624.5651245117,23544.7683643887,18925.1116141862
13649.53088,13767.4752,117.944320000001,63.4163199999984,1.90871369838715,0.03930112,1.7384045124054,0.02028544,0.476642661557205,0.835026233406075,0.760519177578391,0.872705232550719,0.000333217572495223,0.000171991665219655,0.537680152804291,36621.09375,9155.2734375,2605013.46274761,-467114.61200495,35067.566034615,2807.6037727359,17523.7655639648,23024.4940761985,18855.5308711404
13830.89152,13950.54592,119.654400000001,67.5225599999994,2.19600510597229,0.02002944,2.19600510597229,0.02002944,0.534187295379894,0.960710804208109,0.960710804208109,0.978066139352907,0.00016739409499358,0.00016739409499358,0.564313222079578,37384.033203125,9155.2734375,2224110.26338519,-438120.524659746,34746.1195584857,2670.23325014809,20194.0536499023,22571.9332641977,20580.0716688278
14018.06848,14135.9104,117.841920000001,62.3411199999991,2.01447796821594,0.01840128,2.01447796821594,0.01840128,0.496724243433886,0.88129610611601,0.88129610611601,0.909473451166357,0.000156152241918664,0.000156152241918664,0.529023288147365,36621.09375,8773.8037109375,2156477.93605626,-423326.894815355,34089.0922370202,2271.02965083127,19693.3746337891,21611.2973933889,19939.2528661185
14198.25152,14310.2976,112.04608,61.6857600000003,1.97960340976715,0.02139136,1.97960340976715,0.02139136,0.492350425156186,0.866039144735264,0.866039144735264,0.901465242071721,0.000190915737525132,0.000190915737525132,0.550539206726378,37384.033203125,9155.2734375,2681113.75746169,-476810.725101359,35580.6800534707,2833.92838210485,20217.8955078125,22632.9381507666,19765.2017415807
14371.98336,14487.73632,115.75296,63.51872,2.23245096206665,0.02085888,2.23245096206665,0.02085888,0.444928313726665,0.976655178664818,0.976655178664818,0.814638090158925,0.000180201698513801,0.000180201698513801,0.54874380750177,37002.5634765625,9155.2734375,2256286.91558836,-438329.068117798,35481.4166349948,2922.10720441515,17356.8725585938,22070.6707159577,20506.4678582036
14551.25504,14671.40096,120.145920000001,64.3993599999994,1.77076196670532,0.02043904,1.77076196670532,0.02043904,0.419678283208768,0.774674953381492,0.774674953381492,0.768406740067345,0.000170118469274694,0.000170118469274694,0.536009545725722,37002.5634765625,9155.2734375,2333324.3294473,-448126.046717629,35456.4647737739,2685.47053386706,16260.1470947266,22873.4886443809,20158.8812478428
14735.80032,14851.19488,115.394559999999,70.0825600000007,1.75050473213196,0.01737728,1.75050473213196,0.01737728,0.423344171318643,0.765812795426995,0.765812795426995,0.7751187698403,0.000150590114473335,0.000150590114473335,0.60732984293195,36239.6240234375,9155.2734375,2208344.20269722,-425793.26734363,33982.1685453146,2381.81386388934,18572.8073120117,21320.7085902569,19728.1262796544
14921.27744,15033.83552,112.558080000001,69.0790399999987,1.50089955329895,0.03831808,1.46761846542358,0.01927168,0.404046530717071,0.656615238718676,0.642055390651516,0.739785902501371,0.000340429403202327,0.000171215429403201,0.613719068413376,36239.6240234375,9155.2734375,2358519.0378016,-444099.090377174,34595.3718656665,2605.11754815756,17547.607421875,21704.8784275627,20106.1052879934
15102.91456,15191.72608,88.8115200000011,62.1977599999991,1.27644681930542,0.0423936,1.14396405220032,0.02111488,0.364761012673235,0.558421402103637,0.500462690904327,0.667856383963706,0.000477343479764781,0.000237749337022942,0.700334371036531,33569.3359375,10681.15234375,1488575.91624759,-373980.013426039,32817.4768070866,1226.56209354309,19931.7932128906,21472.6116167554,21472.6116167329
15253.92384,15349.68832,95.7644799999998,58.880000000001,1.37279450893402,0.04576256,1.07910811901093,0.02310144,0.368641465230792,0.600571698628428,0.47208944370076,0.674961268869688,0.000477865697177075,0.000241231822070146,0.614841745081278,31661.9873046875,9536.7431640625,1471636.65017102,-341448.601336449,30902.5098385546,1768.06279521191,19884.1094970703,19202.5099286917,19202.509928634
15408.56832,15516.54912,107.980799999999,61.0713599999999,1.43863499164581,0.04303872,1.10956740379333,0.02470912,0.359104198141206,0.629375667673614,0.48541480615066,0.657499082698346,0.000398577524893317,0.00022882882882883,0.56557610241821,34713.7451171875,9155.2734375,1746631.74899385,-389587.470991289,33610.8546128118,1775.53354484993,19931.7932128906,21702.4970551567,21702.4970549317
15577.62048,15691.13088,113.510400000001,65.853439999999,1.43515622615814,0.0459776,1.15957391262054,0.0259072,0.347194276869947,0.627853773402866,0.507291710343812,0.63569270351538,0.000405051871898959,0.000228236355435271,0.580153360396918,37765.5029296875,9155.2734375,2191989.87936405,-453328.497991384,36092.3488421177,2035.67589130848,19931.7932128906,23662.4096014528,23214.5624284483
15756.98432,15867.38176,110.397440000001,66.5702399999991,1.28647828102112,0.05356544,0.919355511665344,0.0262144,0.309687595029557,0.56280997735151,0.402200691866841,0.567020131507691,0.000485205454039511,0.000237454781560151,0.603005287079109,36621.09375,9155.2734375,1951220.76135898,-410059.769893978,34752.836811795,2001.99358774783,19907.9513549805,21599.3433041838,21488.8609196482
15933.952,16045.2608,111.308800000001,88.0742399999999,1.28115010261536,0.04852736,1.15323984622955,0.02443264,0.307820104914263,0.560478999819972,0.504520675795738,0.563600864776448,0.00043597056117755,0.000219503219871204,0.791260349586011,34713.7451171875,9155.2734375,2407952.35656974,-441263.989783969,33707.5820491699,1898.50219337816,19884.1094970703,21148.5475567391,19282.8807822476
16133.33504,16221.72672,88.3916800000006,72.3148799999999,1.10142743587494,0.04043776,0.819786489009857,0.0187904,0.263135413379119,0.481853723754338,0.358641122916196,0.481785770864729,0.000457483781278959,0.000212581093605188,0.818118628359585,30136.1083984375,8773.8037109375,1440362.03979144,-354259.167219558,30236.3888033559,1513.93620456235,19931.7932128906,20059.8860027718,20059.8860027464
16294.0416,16384.16384,90.1222400000006,0,0.982093393802643,0.04072448,0.952511370182037,0.02244608,0.284626019880181,0.429647331694097,0.416705754452148,0.521133832330507,0.000451880468128619,0.000249062606521984,0,35476.6845703125,9155.2734375,1184339.96822262,-366961.789843331,33080.4633443494,786.777617906694,20170.2117919922,23452.1877863431,23452.1877863322
