note.starts,note.ends,note.durs,INI,pk.amps,pk.times,qpk.amps,qpk.times,note.rmss,rel.pk.amps,rel.qpk.amps,rel.note.rmss,rel.pk.tm,rel.qpk.tm,rel.INI,max.Hz,min.Hz,FMa,FMb,FMc,FM.resid,note.DF,arcL,chordL
955.35104,962.02752,6.67647999999997,37.2838400000001,0.04067287966609,0.00178176,0.0356467366218567,0.0014848,0.0106127354961018,0.0171781431567129,0.0150553575204664,0.0200590955216438,0.000266871165644173,0.000222392638036811,5.58435582822089,18310.546875,10299.6826171875,-666133814.775093,4831235.85581779,8773.80371093751,3660.60251932964,10299.6826171875,14957.1540977018,2562.47818470883
999.31136,1022.78144,23.4700799999999,24.73984,0.257919639348984,0.0098304,0.13695764541626,0.00585728,0.0536333350036106,0.108932058020925,0.0578439013583864,0.101372185368882,0.000418848167539268,0.000249563699825481,1.05410122164049,28610.2294921875,14495.849609375,71766351.6047038,-2050539.80904367,29925.2961811266,1468.80162967684,14686.5844726562,20700.2541206974,8594.22215635732
1047.52128,1073.41824,25.89696,30.0339200000001,0.297659277915955,0.01089536,0.203613504767418,0.00126976,0.0630908953910164,0.125716047890926,0.0859959255958674,0.119247888318642,0.000420719652036377,4.90312376433372e-05,1.15974693554765,30899.0478515625,9918.212890625,74381654.2244308,-2365523.3990446,32880.4610611556,2451.25199049096,28419.4946289062,26239.1777829314,11375.6197143096
1103.45216,1129.79968,26.34752,25.856,0.27669757604599,0.00186368,0.27669757604599,0.00186368,0.0662824327507304,0.116862897622572,0.116862897622572,0.125280202304316,7.07345511076563e-05,7.07345511076563e-05,0.981344733773803,30517.578125,9918.212890625,40219972.8674869,-1479938.73068916,29536.6559709821,3632.71707780862,18024.4445800781,16155.6659072793,11072.339536558
1155.65568,1181.87008,26.2143999999998,28.39552,0.244689255952835,0.004352,0.244689255952835,0.004352,0.0623211099488011,0.103344221067577,0.103344221067577,0.1177929194539,0.000166015625000001,0.000166015625000001,1.08320312500001,33187.8662109375,9918.212890625,49184506.6066962,-1857433.98163305,33124.5392207572,3672.85217550579,25939.94140625,20180.4612015592,14892.1817928398
1210.2656,1235.63008,25.36448,27.3920000000001,0.249894291162491,0.00945152,0.214809209108353,0.00352256,0.0624428726482048,0.105542561600661,0.0907244182299691,0.118023062720847,0.000372628179249092,0.000138877674606379,1.07993540573275,32043.45703125,10299.6826171875,60355254.88165,-2079892.74399594,32395.2018440544,1996.54961617591,25939.94140625,21912.0086162929,13925.4315069619
1263.02208,1288.2944,25.27232,27.6787200000001,0.248317986726761,0.00964608,0.244488045573235,0.00372736,0.0662639698869084,0.104876811265847,0.103259240099085,0.125245305707756,0.000381685575364667,0.000147487844408428,1.0952188006483,32043.45703125,8773.8037109375,50704990.9514952,-1966703.44484324,32480.1655558797,3441.03467622746,25939.94140625,20823.0593914589,17318.3801117514
1315.97312,1344.43008,28.45696,24.7295999999999,0.29511034488678,0.01124352,0.243188828229904,0.0043008,0.0654378649757788,0.12463950900724,0.10271051717367,0.123683887605012,0.000395106153292552,0.000151133501259446,0.86901763224181,32043.45703125,9536.7431640625,40434435.3971331,-1702270.06090388,32254.5469985178,2758.45899042539,21934.5092773438,20134.6914678632,15697.6829702845
1369.15968,1397.30944,28.14976,25.81504,0.335445284843445,0.01133568,0.244689449667931,0.0047616,0.0689787158207957,0.141674923722925,0.103344302882921,0.130376437829615,0.000402691887959258,0.000169152419061477,0.917060749363403,33187.8662109375,8773.8037109375,52125942.6863816,-2051524.24316346,34228.9920852118,2612.01032910266,25939.94140625,23926.1408398807,16444.8495835931
1423.12448,1451.008,27.8835200000001,26.5318399999999,0.344107955694199,0.0114688,0.231188073754311,0.00446464,0.0698346973588194,0.145333592625039,0.0976420125567673,0.131994325643957,0.000411311053984574,0.000160117517443995,0.95152405435181,32424.9267578125,9918.212890625,48897456.7593237,-1897089.88589799,32886.3091148407,1812.04754437169,16212.4633789062,21920.768066748,14880.2264980319
1477.53984,1506.00704,28.4672,25.33376,0.327217757701874,0.01171456,0.248677909374237,0.00406528,0.0786912614341149,0.138200037257449,0.10502882417505,0.14873408749378,0.000411510791366906,0.000142805755395683,0.889928057553955,32806.396484375,9536.7431640625,46483928.4449212,-1936160.66902102,33770.6252991446,2808.39538202098,19741.0583496094,22875.3777509964,17447.3584611422
1531.3408,1559.9104,28.5696,25.2825600000001,0.371977031230927,0.01139712,0.262914508581161,0.00713728,0.0864138074654066,0.157104064082812,0.111041635199227,0.163330445668246,0.000398924731182795,0.000249820788530466,0.884946236559142,33569.3359375,9536.7431640625,54131992.1944564,-2082748.00254675,33758.5630153008,2059.00806553613,22029.8767089844,24747.6930689177,15319.5520101738
1585.19296,1614.17216,28.9792,26.2553599999999,0.413022249937057,0.01202176,0.296270161867142,0.00556032,0.0924891814039683,0.174439464197605,0.125129356352395,0.174813489432795,0.000414840989399293,0.000191872791519435,0.906007067137805,34713.7451171875,9918.212890625,44289811.7954644,-1856622.2503815,34332.275390625,2681.50785695263,19741.0583496094,22305.5520108258,16609.1078657011
1640.42752,1668.89472,28.4672,27.6070400000001,0.423710972070694,0.01241088,0.300777852535248,0.004864,0.0928499790229208,0.178953833489412,0.127033174233957,0.175495431793952,0.000435971223021582,0.000170863309352518,0.969784172661872,33950.8056640625,9918.212890625,48850439.9739782,-2004750.22992943,35056.3893676275,1932.48127620558,16117.0959472656,23653.9093112071,17482.1341039244
1696.50176,1727.31392,30.8121599999999,24.29952,0.393431305885315,0.01260544,0.330367058515549,0.00591872,0.102183661939683,0.166165251890564,0.13953014077274,0.193136994354786,0.000409106015287472,0.000192090395480226,0.788634097706882,35095.21484375,9918.212890625,45931300.3833217,-1976870.38348172,35481.0861440805,1940.45406420381,19741.0583496094,25237.0177302462,17304.965851694
1751.61344,1780.38784,28.7744,27.4636799999998,0.422038972377777,0.01197056,0.296778202056885,0.00431104,0.101092637498691,0.178247666374649,0.125343926532338,0.191074852743291,0.000416014234875445,0.000149822064056939,0.954448398576506,34713.7451171875,9918.212890625,59695645.1270077,-2253307.78817793,35499.6782988899,2003.09977004593,23651.123046875,27115.7743702163,15411.6094143691
1807.85152,1837.94688,30.09536,25.2108800000001,0.447696089744568,0.0128512,0.345453947782516,0.00256,0.109252383901246,0.189083919886415,0.145902070809292,0.206497561863043,0.000427015991833957,8.50629465804695e-05,0.837699897924466,34713.7451171875,9536.7431640625,48421020.0011559,-2004220.24769779,35471.7088782269,2407.6953686657,23555.7556152344,25017.5525422114,16461.3258467241
1863.15776,1893.05856,29.9007999999999,27.5660800000001,0.460623413324356,0.01088512,0.379768937826157,0.00744448,0.109196466598024,0.194543759880776,0.160394966720035,0.206391872757057,0.000364041095890412,0.000248972602739727,0.921917808219183,35095.21484375,9536.7431640625,55686680.5632145,-2235875.8919854,36105.2803371264,1822.84365085968,23555.7556152344,27819.0647428817,17067.3644943463
1920.62464,1951.45728,30.8326400000001,27.2691199999999,0.485766470432281,0.01373184,0.416199177503586,0.00536576,0.124399877424768,0.205162900643446,0.175781235839652,0.235127788218294,0.000445366987711723,0.000174028561939554,0.884423779475253,35476.6845703125,9155.2734375,46604725.4165011,-2066894.48635283,36772.6546067458,2113.4184427905,23555.7556152344,26409.8760591874,19422.9526659231
1978.7264,2010.20416,31.47776,26.17344,0.490673303604126,0.01142784,0.408644139766693,0.00541696,0.119645522939021,0.207235295894632,0.17259037448771,0.226141598860387,0.000363044892648016,0.000172088484059857,0.83148991541965,34713.7451171875,9155.2734375,44008729.1106524,-1986396.45329454,36154.0704710871,2815.18965493827,23555.7556152344,25908.134813056,18921.2891046775
2036.3776,2065.87904,29.5014399999998,29.5628800000004,0.514466226100922,0.01016832,0.440647184848785,0.00461824,0.125732366625243,0.217284208883384,0.186106823147952,0.237646321556255,0.000344671988892748,0.00015654286706005,1.00208261020481,34713.7451171875,9155.2734375,48558935.9048361,-2077218.11042439,35506.5387228261,2936.69279565816,23555.7556152344,25410.4546193317,19018.3858125518
2095.44192,2124.81024,29.3683199999996,29.1840000000002,0.505600154399872,0.00982016,0.422976195812225,0.0070656,0.121876063548973,0.213539633870042,0.178643501596029,0.230357536134652,0.000334379358437941,0.000240585774058581,0.993723849372406,34713.7451171875,9155.2734375,55373235.3275778,-2244092.67077047,35582.8326681386,1866.02697493338,23555.7556152344,27326.8848213259,18145.914780098
2153.99424,2187.08992,33.0956799999999,24.8729600000001,0.565574944019318,0.00585728,0.565574944019318,0.00585728,0.146400761280697,0.238869916120392,0.238869916120392,0.276711584496716,0.000176980198019803,0.000176980198019803,0.751547029702977,36621.09375,9918.212890625,43521013.6820399,-1994442.14750868,37065.2102143191,2129.39271857033,23555.7556152344,27361.9499715734,18337.8067936807
2211.96288,2245.44768,33.4848000000002,25.8457599999997,0.574186861515045,0.00705536,0.574186861515045,0.00705536,0.155450159612232,0.24250714940237,0.24250714940237,0.29381582172305,0.000210703363914372,0.000210703363914372,0.771865443425063,36621.09375,9918.212890625,42253542.9518512,-2015694.34018835,37069.1693018353,2135.60797730069,23555.7556152344,27960.0070899548,20119.1045105352
2271.29344,2304.88064,33.5871999999999,27.1564800000001,0.550179541110992,0.01184768,0.513735294342041,0.00594944,0.138907468049375,0.232367685708244,0.216975500709905,0.262548536265279,0.000352743902439025,0.000177134146341464,0.808536585365858,36621.09375,9536.7431640625,44469922.2500956,-2077176.62622586,37590.1386414692,2243.47727741337,24986.2670898438,28912.1250921066,19600.0273193047
2332.03712,2368.58368,36.5465600000002,24.7705599999999,0.596792221069336,0.01504256,0.585217535495758,0.00633856,0.15199878296627,0.252054496571308,0.247165941656849,0.287292386379924,0.000411599887923786,0.000173437937797701,0.677780891005878,36621.09375,9918.212890625,37414109.2547673,-1953611.9277997,37978.7877275439,1930.10709239249,19550.3234863281,29579.221746883,21425.6013061876
2393.35424,2427.24864,33.8943999999997,27.2691200000004,0.58623069524765,0.00376832,0.58623069524765,0.00376832,0.156608555867728,0.247593848493087,0.247593848493087,0.296005302573624,0.00011117824773414,0.00011117824773414,0.8045317220544,36621.09375,9536.7431640625,46218625.1826554,-2194377.28950956,38813.2637964791,2328.83278517321,23555.7556152344,30812.807524708,21279.7421936141
2454.51776,2488.20736,33.6895999999997,26.3270400000001,0.597207427024841,0.00553984,0.597207427024841,0.00553984,0.161654863957774,0.252229858320998,0.252229858320998,0.30554331245308,0.000164437689969606,0.000164437689969606,0.78145896656536,36239.6240234375,9918.212890625,37834340.192049,-1876756.42038403,36538.1857996604,2166.72110388885,24986.2670898438,26262.2413361679,20285.6075544288
2514.5344,2548.18304,33.6486399999999,28.0166400000003,0.557612597942352,0.00898048,0.544901192188263,0.00562176,0.147969074984351,0.235507028567401,0.23013838121419,0.279675848931749,0.000266889835666465,0.00016707242848448,0.832623250152172,36239.6240234375,9155.2734375,43778574.5790836,-2071636.59305345,37399.6366656889,2268.3617363009,24700.1647949219,28875.4456806604,20140.295801087
2576.19968,2611.26144,35.06176,28.0575999999996,0.680859267711639,0.01266688,0.613646984100342,0.0082432,0.157691942581647,0.287560115397396,0.259173086024429,0.298053008142971,0.000361273364485981,0.000235105140186916,0.800233644859802,36621.09375,9155.2734375,42693406.4801961,-2152682.3241834,38965.0341716697,1958.51564103984,26512.1459960938,31278.4886764636,22992.6730882942
2639.31904,2673.50016,34.1811200000002,26.4806399999998,0.64797306060791,0.00780288,0.64797306060791,0.00780288,0.16693986217937,0.273670664290246,0.273670664290246,0.315532469744114,0.000228280407429597,0.000228280407429597,0.77471539844217,36621.09375,9536.7431640625,46802227.3241417,-2183788.41386991,38594.4218210138,3309.17388373379,26512.1459960938,30984.6993540408,19963.0000008058
2699.9808,2736.83456,36.85376,28.4057600000001,0.635343611240387,0.0131072,0.627743482589722,0.00644096,0.167763206520423,0.268336631121046,0.26512672567441,0.31708867010268,0.00035565434843012,0.000174770769658239,0.770769658238403,37002.5634765625,9536.7431640625,42817595.4356468,-2145890.67542238,39015.3148680826,2468.1888731417,24986.2670898438,32843.5332284721,20929.2978254804
2765.24032,2803.23072,37.9904000000001,24.8422399999999,0.637485682964325,0.00733184,0.637485682964325,0.00733184,0.168311904803889,0.269241332608324,0.269241332608324,0.318125762875288,0.00019299191374663,0.00019299191374663,0.653908355795145,36621.09375,9155.2734375,42492195.0399907,-2090077.63021823,38968.5540628911,2508.32262344483,26512.1459960938,33327.4738139789,18075.1539547564
2828.07296,2868.14208,40.0691200000001,23.3676799999998,0.715771317481995,0.01408,0.636504709720612,0.0096256,0.169692580126936,0.302305178785407,0.26882701970617,0.320735372640795,0.000351392793253257,0.000240224891387681,0.583184257602857,36621.09375,9155.2734375,37104733.5057755,-1999785.43557163,39022.3394041537,2100.62504417836,24986.2670898438,33333.6869039028,20556.7173779514
2891.50976,2929.85856,38.3488000000002,24.70912,0.767172992229462,0.01353728,0.654404401779175,0.00713728,0.17838927635961,0.324014615996536,0.27638693371195,0.337172968821157,0.000353004005340452,0.000186114819759679,0.64432576769025,36621.09375,9536.7431640625,41862711.8950805,-2074770.01075649,38860.9978460496,2347.69193473916,24986.2670898438,33413.7901038824,18000.3608771471
2954.56768,2991.47264,36.9049599999998,28.1497600000002,0.723137080669403,0.0084992,0.723137080669403,0.0084992,0.196265676474309,0.305416100252746,0.305416100252746,0.37096109230879,0.000230299667036627,0.000230299667036627,0.762763596004449,37384.033203125,9155.2734375,37121128.2683168,-2015968.89880927,39444.9032453594,2205.48677842774,24986.2670898438,30900.3144877416,23841.1630824065
3019.6224,3056.73216,37.1097599999998,28.11904,0.810200870037079,0.00917504,0.810200870037079,0.00917504,0.202513367161762,0.34218738986396,0.34218738986396,0.382769831378499,0.000247240618101546,0.000247240618101546,0.757726269315678,37765.5029296875,9536.7431640625,45363951.5438236,-2208518.09807744,39750.6730840256,2791.76196594998,24986.2670898438,34274.9337366135,19485.323498854
3084.8512,3122.92352,38.0723199999998,29.0508800000002,0.806059718132019,0.0080384,0.806059718132019,0.0080384,0.215819783214356,0.340438379200274,0.340438379200274,0.407920243423326,0.000211135018827328,0.000211135018827328,0.763044647660043,37384.033203125,9536.7431640625,34494892.2437365,-1892804.58898401,39101.2622464087,2512.48995297315,26416.7785644531,29867.9469948647,22063.0622286299
3151.9744,3191.47008,39.49568,27.0848000000001,0.749137043952942,0.00878592,0.749137043952942,0.00878592,0.204788649979129,0.316397154336465,0.316397154336465,0.387070335747904,0.00022245268343272,0.00022245268343272,0.68576613948665,37002.5634765625,9536.7431640625,34873397.4137111,-1898902.06492635,38934.1035546445,2481.57649228324,24700.1647949219,31099.8055874521,20599.1109352135
3218.55488,3259.32032,40.7654399999997,26.9926400000004,0.772040784358978,0.0091136,0.772040784358978,0.0091136,0.19282151411603,0.326070522309156,0.326070522309156,0.364451292666452,0.000223561919115802,0.000223561919115802,0.662145189650856,37002.5634765625,9536.7431640625,29589349.1986521,-1744566.78723863,38399.0333679525,2668.61667430521,24986.2670898438,29483.3772523376,21945.8279051512
3286.31296,3333.55008,47.2371199999998,20.54144,0.727623522281647,0.0097792,0.727623522281647,0.0097792,0.188003890234082,0.307310943620417,0.307310943620417,0.355345518036447,0.00020702362887492,0.00020702362887492,0.43485800997182,37002.5634765625,9536.7431640625,28027608.2842704,-1696759.7302714,37808.7047205828,2364.39957497661,24652.4810791016,33749.1852491645,17610.765203986
3354.09152,3393.57696,39.4854399999999,28.7231999999999,0.853656828403473,0.00997376,0.759834766387939,0.00908288,0.206662494642598,0.360540963054708,0.320915324895025,0.390612083218294,0.000252593360995851,0.000230031120331951,0.727437759336099,37002.5634765625,9536.7431640625,34142248.920651,-1899842.73757371,39372.6259382589,3373.642641315,24986.2670898438,31073.3500367768,21784.9470879527
3422.30016,3461.28384,38.9836800000003,28.8665599999999,0.748373091220856,0.00892928,0.748373091220856,0.00892928,0.19794145260201,0.316074499793574,0.316074499793574,0.374128471108611,0.000229051746782242,0.000229051746782242,0.740478066719195,37002.5634765625,9536.7431640625,40509776.4397978,-2088090.86355522,40234.750316989,2909.39754741866,24986.2670898438,33978.0478761943,19837.6526064117
3490.1504,3530.84416,40.6937600000001,27.83232,0.782237231731415,0.00900096,0.782237231731415,0.00900096,0.207495911849954,0.330376979931325,0.330376979931325,0.392187322267442,0.000221187720181177,0.000221187720181177,0.683945646703571,36621.09375,9536.7431640625,29105769.2198392,-1730892.2041428,37962.4851247206,2522.22121269214,24604.7973632812,29229.3749256449,22237.8790210093
3558.67648,3605.58592,46.9094399999999,22.8249599999999,0.740895509719849,0.01047552,0.740895509719849,0.01047552,0.18926547105897,0.312916351992267,0.312916351992267,0.35773002769317,0.000223313686967911,0.000223313686967911,0.486574983628028,37384.033203125,9536.7431640625,24388136.6608481,-1553944.75043908,38053.052241116,3496.55086743137,24986.2670898438,30277.8661340454,19228.6915680659
3628.41088,3669.8112,41.4003200000002,24.9446399999997,0.96391087770462,0.00986112,0.96391087770462,0.00986112,0.217545074304356,0.407106631825917,0.407106631825917,0.411181210286173,0.000238189463269848,0.000238189463269848,0.6025228790502,37384.033203125,9536.7431640625,30129187.2443072,-1775943.33466101,38984.9438386805,2639.68765257059,24986.2670898438,30457.2557776297,21883.6022815888
3694.75584,3736.32,41.5641600000004,30.6278399999997,0.850010633468628,0.01040384,0.842885911464691,0.00927744,0.224969203761959,0.3590009968885,0.355991878883082,0.425213532302473,0.000250307957625029,0.000223207686622319,0.736881005173673,36621.09375,9536.7431640625,24698488.3238264,-1587553.83094394,38349.4372036368,2827.54070013532,24986.2670898438,27705.1530714977,23316.7418849271
3766.94784,3808.58368,41.6358400000004,31.6415999999999,0.870082080364227,0.01079296,0.860449850559235,0.0090624,0.227266143869273,0.367478149009657,0.363409988017199,0.429554971042468,0.000259222823413672,0.000217658632562713,0.75996064928676,37002.5634765625,9155.2734375,29220679.3138145,-1758391.98529283,39768.2189941406,2780.4133932146,26321.4111328125,30349.9295861581,22556.818236534
3840.22528,3881.13408,40.9087999999997,30.9862400000002,0.978074908256531,0.01047552,0.771312117576599,0.00979968,0.233438626363394,0.413088793563524,0.325762770745854,0.441221559359942,0.000256070087609514,0.000239549436795997,0.757446808510648,37765.5029296875,9536.7431640625,21380459.3602882,-1467350.54291386,38168.1370862665,3551.29310771461,24890.8996582031,26105.7641808696,24246.7115019368
3912.12032,3954.01216,41.8918400000002,30.9862399999997,0.906914114952087,0.01065984,0.905769646167755,0.00960512,0.228872515318437,0.383034115739762,0.382550750687249,0.432591168293767,0.00025446101197751,0.000229283793693472,0.739672451723284,37002.5634765625,9536.7431640625,27676574.9260208,-1711334.22423543,39055.7681812959,2717.29091166307,24890.8996582031,29788.1512969747,23120.5914228467
3984.9984,4027.22816,42.2297600000002,29.8496,1.1064281463623,0.00987136,1.1064281463623,0.00987136,0.253367934479548,0.467298633557885,0.467298633557885,0.47888987732839,0.000233753637245392,0.000233753637245392,0.706838021338504,37002.5634765625,9536.7431640625,23004590.420672,-1484899.42685862,37310.8866016222,3021.00974478775,24890.8996582031,26241.9767986463,21681.6495995166
4057.07776,4107.9296,50.8518400000003,23.2038399999992,1.18423962593079,0.01077248,1.18423962593079,0.01077248,0.239580826086415,0.500162220946742,0.500162220946742,0.452830910314023,0.000211840515505436,0.000211840515505436,0.456302859444203,37384.033203125,9536.7431640625,23942303.4235041,-1562133.35557153,38797.6898708665,2813.72271710549,24938.5833740234,33436.7380618271,17524.7224358644
4131.13344,4174.75584,43.6224000000002,31.6723200000006,1.04125869274139,0.01050624,1.04125869274139,0.01050624,0.263667222028098,0.439774391042101,0.439774391042101,0.498356525942889,0.000240845070422534,0.000240845070422534,0.726056338028179,38146.97265625,9536.7431640625,21419218.7173831,-1517120.53869492,39524.5378424807,3032.15827643094,24127.9602050781,28307.2384381506,25421.5124953624
4206.42816,4251.87328,45.4451199999994,29.50144,1.09511828422546,0.0105472,1.09511828422546,0.0105472,0.258371788377076,0.462521926512199,0.462521926512199,0.488347644681937,0.000232086525461923,0.000232086525461923,0.649166291122136,37384.033203125,9536.7431640625,23330125.8858491,-1562667.11997787,38755.6549818513,2518.24054209183,24604.7973632812,29501.4879674876,22832.8439213901
4281.37472,4325.74464,44.3699200000001,30.89408,1.21783339977264,0.01073152,1.21783339977264,0.01073152,0.295187560352966,0.514350512038184,0.514350512038184,0.557933010965558,0.000241864758827602,0.000241864758827602,0.696284329563812,37384.033203125,9536.7431640625,20427948.1596821,-1452544.3304656,38531.1137394411,3101.88395399418,24127.9602050781,27409.2032645998,24232.9825458847
4356.63872,4402.176,45.5372800000005,33.5769599999994,1.30569565296173,0.01082368,1.30569565296173,0.01082368,0.288998813363023,0.551459031910502,0.551459031910502,0.546235681179459,0.000237688329210701,0.000237688329210701,0.737351023161662,37765.5029296875,9536.7431640625,22025050.8846036,-1496680.89106355,39099.3214021779,3555.86190895693,24127.9602050781,28369.7620179019,22482.6650582
4435.75296,4479.93856,44.1855999999998,35.0310400000008,1.10820376873016,0.01030144,1.10820376873016,0.01030144,0.25486128565565,0.468048565588215,0.468048565588215,0.481712455343246,0.00023314020857474,0.00023314020857474,0.792815758980322,36239.6240234375,9536.7431640625,17381690.6882443,-1235582.94501531,35767.4350257681,3462.99198099987,24127.9602050781,23256.4219741802,20659.5301718454
4514.9696,4560.36352,45.3939199999995,34.1196799999998,1.17184746265411,0.01093632,1.17184746265411,0.01093632,0.279532812908245,0.494928405280488,0.494928405280488,0.52834402568686,0.000240920369952631,0.000240920369952631,0.751635461312884,37002.5634765625,9536.7431640625,19373639.7286773,-1391076.72516385,38091.2986961571,3097.49803856618,24127.9602050781,26716.4948678717,23224.9490857032
4594.4832,4639.62112,45.1379200000001,32.5836800000006,1.28713762760162,0.01048576,1.28713762760162,0.01048576,0.286378572601962,0.543621071604789,0.543621071604789,0.541283172965611,0.000232304900181488,0.000232304900181488,0.72186932849366,37002.5634765625,9536.7431640625,20156073.4530775,-1375727.10310478,37441.6709713341,3542.81632559013,24509.4299316406,25918.4151523594,21030.8344634378
4672.2048,4720.59904,48.3942399999996,32.1843200000003,1.27629518508911,0.01089536,1.27629518508911,0.01089536,0.280760334073866,0.539041778690753,0.539041778690753,0.530664159296624,0.000225137537029202,0.000225137537029202,0.665044435040214,37384.033203125,9536.7431640625,18420704.4498663,-1362886.61794683,37758.6156876607,3173.98155485597,24127.9602050781,27603.2007594204,22814.5268498637
4752.78336,4801.87392,49.0905599999996,34.8159999999998,1.18945896625519,0.01051648,1.18945896625519,0.01051648,0.287249877315492,0.502366603228308,0.502366603228308,0.542930023062231,0.000214226115978308,0.000214226115978308,0.70921985815603,37002.5634765625,9536.7431640625,22212964.2250477,-1511056.92887534,38425.7389948918,2815.43216756745,24127.9602050781,30747.5204695581,20647.9841631053
4836.68992,4884.86912,48.1792000000005,33.5564799999993,1.2566454410553,0.01045504,1.2566454410553,0.01045504,0.28990037755851,0.530742732280055,0.530742732280055,0.547939724620737,0.000217003188097766,0.000217003188097766,0.696493092454813,37002.5634765625,9536.7431640625,17253321.301927,-1319946.41592343,37469.3097816749,3579.07582721467,24127.9602050781,26945.5831423746,23544.9436957502
4918.4256,4967.50592,49.08032,34.7340800000002,1.4009131193161,0.01050624,1.4009131193161,0.01050624,0.301710058666648,0.591674017460653,0.591674017460653,0.570261163001569,0.000214062174003755,0.000214062174003755,0.707698727310665,37002.5634765625,9536.7431640625,20181179.5563907,-1420260.71636746,37768.2056504223,3255.57151733829,24127.9602050781,28882.9423852671,21092.8548035019
5002.24,5053.3888,51.1487999999999,32.2560000000003,1.38363456726074,0.01174528,1.38363456726074,0.01174528,0.3175754388695,0.584376441208752,0.584376441208752,0.600248264545096,0.00022962962962963,0.00022962962962963,0.630630630630638,37002.5634765625,9536.7431640625,16454288.6096123,-1254762.80026033,37343.5269664804,3252.52586831987,24127.9602050781,26710.6291546397,21131.9059119708
5085.6448,5136.52736,50.88256,33.1878399999996,1.38878118991852,0.01149952,1.38878118991852,0.01149952,0.316427073115633,0.586550111268868,0.586550111268868,0.598077742311779,0.000226001207486416,0.000226001207486416,0.652243912255979,36239.6240234375,9155.2734375,16360648.0803865,-1292796.22048369,37336.8683720172,2687.88370393762,24127.9602050781,27655.0102257687,23422.4921910106
5169.7152,5221.21216,51.4969600000004,32.2867200000001,1.37775790691376,0.01119232,1.37775790691376,0.01119232,0.329854108936447,0.581894440584439,0.581894440584439,0.623456137373182,0.000217339431298467,0.000217339431298467,0.626963611055872,36239.6240234375,9536.7431640625,18560750.7802182,-1371723.74962718,38035.9543325178,2601.76254165442,24461.7462158203,29270.6470251127,21417.6633795821
5253.49888,5304.48384,50.9849599999998,33.9558400000005,1.42008554935455,0.01047552,1.42008554935455,0.01047552,0.332640330633124,0.599771470863668,0.599771470863668,0.628722365592913,0.00020546294436634,0.00020546294436634,0.665997188190413,36239.6240234375,9536.7431640625,13238267.1203359,-1134215.1068486,35964.4362000542,2888.87229022875,24127.9602050781,25172.6026990535,23415.4846404402
5338.43968,5389.42464,50.9849599999998,35.8502399999998,1.39952075481415,0.01020928,1.39952075481415,0.01020928,0.339422546772246,0.591085953941737,0.591085953941737,0.641541409413713,0.000200241012251457,0.000200241012251457,0.703153243623216,36621.09375,9536.7431640625,17832653.0727504,-1272674.28948854,36482.8199204092,3530.40042986938,24175.6439208984,26882.0043017199,18531.8697830993
5425.27488,5480.11008,54.8352000000004,32.5631999999996,1.51139867305756,0.01134592,1.51139867305756,0.01134592,0.351861482014454,0.638337461861463,0.638337461861463,0.665052198908339,0.000206909430438841,0.000206909430438841,0.593837535013994,37002.5634765625,9536.7431640625,11608185.6161453,-1059963.07672231,36407.085892226,3379.65749854243,24127.9602050781,25174.8702537553,23218.6437375807
5512.67328,5573.56032,60.8870399999996,29.8803200000002,1.58381581306458,0.01283072,1.58381581306458,0.01283072,0.322826832431341,0.668922756245657,0.668922756245657,0.610173905782212,0.000210729902455434,0.000210729902455434,0.490750084090151,36239.6240234375,9536.7431640625,14206071.6742871,-1185965.70650481,37400.5558280597,3361.55927357431,24127.9602050781,29959.2536263947,19544.7430202022
5603.44064,5656.46336,53.0227199999999,36.78208,1.50343203544617,0.011264,1.50343203544617,0.011264,0.356746942832506,0.634972761783927,0.634972761783927,0.674286191902185,0.000212437234453457,0.000212437234453457,0.693704132869834,37384.033203125,9155.2734375,14686322.726688,-1212374.64062281,37537.5051415727,3223.10254795345,24127.9602050781,27047.4080445454,22994.1436198329
5693.24544,5748.0704,54.8249599999999,37.76512,1.52224671840668,0.01186816,1.52224671840668,0.01186816,0.360203543861279,0.642919121126987,0.642919121126987,0.68081950183362,0.00021647366454987,0.00021647366454987,0.688830780724693,37002.5634765625,9155.2734375,12961502.7556127,-1124058.29732997,36610.8398068819,3374.99330403532,24127.9602050781,26073.7046530317,22667.0741842754
5785.83552,5841.47968,55.6441600000007,36.2393599999996,1.47840940952301,0.01148928,1.47840940952301,0.01148928,0.371542730499923,0.62440448499129,0.62440448499129,0.702251660206535,0.00020647773279352,0.00020647773279352,0.651269782848714,37002.5634765625,9155.2734375,13018342.4843893,-1139024.41650852,36904.9781976744,2802.33258818491,24127.9602050781,26757.0991565172,23071.7204980326
5877.71904,5934.7456,57.0265600000002,37.0892800000001,1.50857388973236,0.01362944,1.50857388973236,0.01362944,0.369448381218936,0.637144417927882,0.637144417927882,0.698293137703223,0.000239001616089063,0.000239001616089063,0.650386065720955,36621.09375,9155.2734375,10939481.7045233,-1044277.29495875,36471.621949368,2898.45310491267,24127.9602050781,25867.0521272258,23976.035042312
5971.83488,6028.4928,56.6579199999996,36.44416,1.77052962779999,0.01283072,1.77052962779999,0.01283072,0.405186079993302,0.747781117522078,0.747781117522078,0.765840841469331,0.000226459425266584,0.000226459425266584,0.643231519971087,37384.033203125,9155.2734375,11007273.3485099,-1046395.75887823,36727.4680156482,3071.16880818342,24127.9602050781,25785.3701607616,23951.9399881566
6064.93696,6125.16864,60.2316799999999,38.8198400000001,1.67481958866119,0.013056,1.67481958866119,0.013056,0.382894393111083,0.707358094432529,0.707358094432529,0.72370739937297,0.000216763005780347,0.000216763005780347,0.644508670520235,37002.5634765625,9155.2734375,10472627.6956344,-1020649.21641396,36645.4428814827,3293.44553032833,24127.9602050781,26253.3623881715,23482.2393601374
6163.98848,6226.56512,62.5766400000002,33.8636799999995,1.66077530384064,0.01350656,1.66077530384064,0.01350656,0.385279796814765,0.701426507164507,0.701426507164507,0.728216042857717,0.000215840288005236,0.000215840288005236,0.541155293732603,36621.09375,9155.2734375,9946922.55463311,-983011.557726105,36492.2504035794,3423.62941968924,24127.9602050781,26010.4446552367,22563.0441915079
6260.4288,6320.13824,59.7094400000005,38.2464,1.63876914978027,0.01400832,1.63876914978027,0.01400832,0.395459092030405,0.69213223373511,0.69213223373511,0.747455894369,0.00023460812896587,0.00023460812896587,0.640541931058132,36621.09375,9155.2734375,10869046.9980806,-1036851.49497132,37122.8534793765,3248.19668040588,24461.7462158203,26295.8586170273,23159.3085498512
6358.38464,6417.74592,59.3612800000001,40.4991999999993,1.71980738639832,0.0205824,1.54109942913055,0.01390592,0.424899956225632,0.726358638189892,0.650881541451429,0.803101972361685,0.000346731067793686,0.000234259099534242,0.682249439365176,37002.5634765625,9155.2734375,11754085.1855831,-1084260.86625429,37574.5034019336,2735.8438558725,24127.9602050781,27064.5646103512,22944.5192868524
6458.24512,6520.1664,61.9212800000005,35.6556799999998,1.55586612224579,0.02850816,1.51421535015106,0.012544,0.397763334156738,0.657118237017793,0.639527082137571,0.751811134630485,0.000460393583595168,0.000202579791632213,0.575822722010908,37384.033203125,9155.2734375,10709285.200014,-1039343.46415675,37101.7261427276,3220.0027362519,24127.9602050781,27139.0328443829,23295.4553191762
6555.82208,6616.53504,60.7129599999998,43.7452800000001,1.63335072994232,0.02118656,1.52282238006592,0.0144384,0.406108049760027,0.689843770453836,0.643162251155484,0.767583453411897,0.000348962725586103,0.000237814133918031,0.720526227019737,37002.5634765625,9155.2734375,7232724.99428959,-908145.801401554,36998.9193888576,976.469949188867,22125.244140625,28475.9360212749,28475.9360212217
6660.28032,6726.74816,66.4678400000003,34.0377600000002,1.5540543794632,0.0071168,1.5540543794632,0.0071168,0.383177249673008,0.656353049572546,0.656353049572546,0.724242025605448,0.000107071329533199,0.000107071329533199,0.512093668155909,37765.5029296875,9155.2734375,11854343.830503,-1110566.30266622,38241.1920636559,2977.54349679051,24127.9602050781,30576.5719719319,21444.7633979098
6760.78592,6826.27072,65.4848000000002,39.2191999999995,1.83681213855743,0.01370112,1.83681213855743,0.01370112,0.423452384823999,0.775775458417666,0.775775458417666,0.800365922543951,0.000209225957779515,0.000209225957779515,0.59890539483971,37002.5634765625,9155.2734375,9633842.65088783,-988246.578956603,37015.3711931738,2600.82758500749,24127.9602050781,27284.8117013473,23402.7168224609
6865.48992,6931.5584,66.0684799999999,42.8748800000003,1.83276903629303,0.00719872,1.83276903629303,0.00719872,0.441435915032098,0.774067858905034,0.774067858905034,0.834356532259338,0.000108958462492251,0.000108958462492251,0.648946063236211,37765.5029296875,9155.2734375,8030501.72560643,-889887.304487722,36471.8343154541,3161.69285417318,24127.9602050781,25565.7840823041,23740.0078069516
6974.43328,7038.68928,64.2559999999994,43.5814400000008,1.89161670207977,0.01258496,1.89161670207977,0.01258496,0.449854789796334,0.798922101722905,0.798922101722905,0.850269019020418,0.000195856573705181,0.000195856573705181,0.678247011952211,37002.5634765625,9155.2734375,7807649.31575665,-883201.276294365,35858.2233411694,2227.56871690435,24127.9602050781,25439.6802072537,24514.4968774315
7082.27072,7146.55744,64.2867199999991,45.5577600000006,1.85875642299652,0.0137728,1.85875642299652,0.0137728,0.471227855690208,0.785043601284878,0.785043601284878,0.890666178688921,0.000214240203886591,0.000214240203886591,0.708665179993647,36621.09375,9155.2734375,7668986.77620494,-856700.571018593,35924.6094302354,2725.7429158435,24127.9602050781,24470.6903640349,23380.2164011274
7192.1152,7274.48576,82.3705599999994,33.2390400000004,1.91614627838135,0.02241536,1.81249535083771,0.01435648,0.435873939242452,0.809282139584529,0.765505291564712,0.823843860602293,0.000272128294380907,0.00017429139731477,0.403530581800107,36621.09375,9155.2734375,6875290.43431386,-820403.797107682,36182.85769508,2692.7916804477,24127.9602050781,28019.1458982895,20928.8991849574
7307.7248,7377.05984,69.3350399999999,47.3804799999998,1.94206595420837,0.0137728,1.94206595420837,0.0137728,0.483810456624483,0.820229284354892,0.820229284354892,0.914448510222958,0.000198641264215035,0.000198641264215035,0.683355486634173,36621.09375,9155.2734375,6479596.92869589,-797275.821113835,35674.5806243821,2400.78167695777,24127.9602050781,24920.7171920275,24129.4750907215
7424.44032,7494.5024,70.0620800000006,45.2608,2.11228275299072,0.02107392,1.87347030639648,0.00643072,0.510361419358876,0.892120150238146,0.791257992729763,0.964632395223808,0.000300789242911427,9.1786027477345e-05,0.646009938614435,37002.5634765625,9155.2734375,5656364.68532385,-744557.224167919,34874.3146976179,2270.39322944029,24127.9602050781,24603.8283647245,24399.8584502781
7539.7632,7610.368,70.6048000000001,47.5852799999993,2.08378076553345,0.02178048,1.92461776733398,0.00756736,0.515585480367662,0.880082369170971,0.812860063035576,0.974506375294696,0.000308484408992023,0.000107179115300943,0.673966642494551,37002.5634765625,9155.2734375,5406407.14779388,-732440.365444539,35502.1709315532,2603.21229821351,21648.4069824219,24851.5176615621,24762.6616119892
7657.95328,7732.15232,74.1990400000004,48.1587199999994,2.19847774505615,0.02267136,1.99895048141479,0.01506304,0.508599464955395,0.928524504324885,0.844254397889416,0.961302131155963,0.0003055478884902,0.000203008556444934,0.649047750483014,36621.09375,9155.2734375,6881233.17535168,-817609.45078121,36451.1344304414,2536.38127342864,24127.9602050781,25791.839999886,22781.224045132
7780.31104,7857.13152,76.8204800000003,47.3804799999998,2.12502479553223,0.022784,2.00130677223206,0.01513472,0.513808946346224,0.897501737002689,0.845249574560211,0.971148554340187,0.000296587576646226,0.000197014129565448,0.616768861636892,36621.09375,9155.2734375,6655239.07020407,-796334.918113455,36262.7517517887,2738.56127011128,21648.4069824219,25743.209169344,21899.6949936312
7904.512,7983.7696,79.2575999999999,49.1622400000006,2.23087620735168,0.0222208,1.84588265419006,0.01589248,0.529073481137305,0.942207956982751,0.779606380086397,1,0.000280361757105943,0.000200516795865633,0.620284237726106,36621.09375,9155.2734375,4563291.28352462,-649617.710167455,34800.0467470492,2984.2516564882,22125.244140625,23417.3038096716,22821.6073093683
8032.93184,8112.7424,79.8105599999999,52.6028799999995,2.12052702903748,0.02362368,1.94508874416351,0.0170496,0.503967781710978,0.895602110584136,0.821505956157045,0.952547802297028,0.000295996920708237,0.000213625866050809,0.659096741082878,36621.09375,9155.2734375,5022174.50165997,-685674.973450195,35514.1101212855,2853.15240957847,24127.9602050781,24073.2059840195,22734.2306832208
8165.34528,8248.79104,83.4457600000005,55.6134399999992,2.20530724525452,0.02258944,2.11208200454712,0.01506304,0.513300432476771,0.931408935746005,0.892035364367781,0.970187413992801,0.000270708062338936,0.000180512946373787,0.666462142594169,36621.09375,9155.2734375,4586051.85379889,-649784.270618077,34858.7803073696,3109.10028807376,22649.7650146484,23744.8486728258,22288.1695927919
8304.40448,8388.4032,83.9987200000014,53.0329599999986,2.22704982757568,0.01798144,2.22704982757568,0.01798144,0.524136583549832,0.940591889959621,0.940591889959621,0.990668786541974,0.000214068023893694,0.000214068023893694,0.631354382542945,36239.6240234375,9155.2734375,4405796.36839803,-636543.941953334,34998.9973569312,2690.37625631463,24127.9602050781,23601.0147816084,22382.524587808
8441.43616,8529.19296,87.756800000001,50.9030399999992,2.0927267074585,0.02443264,1.80440318584442,0.00876544,0.498013515928811,0.883860677280005,0.762087575144247,0.941293664649896,0.000278413068844804,9.98833138856464e-05,0.580046674445726,36621.09375,9155.2734375,5001643.5293514,-684739.530450549,35846.5487171494,2831.95791029701,24127.9602050781,25299.81557435,21571.6130546308
8580.096,8667.93472,87.8387199999997,57.4361600000011,2.08340501785278,0.02441216,1.99281001091003,0.00950272,0.503164872916946,0.879923672577511,0.841660977353513,0.951030227096877,0.000277920261133132,0.000108183725810212,0.653882023781782,36239.6240234375,8773.8037109375,4377473.23858585,-640248.409111057,35529.403212648,3070.45751284827,21648.4069824219,24357.7174866724,22463.5899189843
8725.37088,8815.872,90.501119999999,56.8217600000007,2.28788018226624,0.02399232,2.12244176864624,0.01649664,0.520147205557253,0.966283519117099,0.896410798618454,0.983128476670454,0.000265105227427023,0.000182281059063138,0.627856981217485,37384.033203125,8773.8037109375,4198465.19125707,-625019.200370433,35376.4048524546,3036.01705296447,22649.7650146484,24345.2278412405,22177.60700439
8872.69376,8963.82976,91.1360000000004,53.2172799999989,2.20665740966797,0.02587648,2.01170015335083,0.01926144,0.501904948869797,0.931979176106899,0.849639206919816,0.948648848910163,0.000283932584269662,0.000211348314606741,0.583932584269649,36621.09375,9155.2734375,4234077.2790618,-628351.97213737,35701.7926447028,3123.44391173256,24127.9602050781,24526.6106501351,22098.2111906838
9017.04704,9112.82176,95.7747200000013,56.4735999999994,2.20889663696289,0.02558976,1.75587010383606,0.02183168,0.494072696081621,0.932924911135949,0.741589684721425,0.933845134364993,0.000267186998823903,0.000227948251897784,0.589650379557347,36239.6240234375,9155.2734375,3312561.61520302,-540044.233247941,34288.3222642359,2975.88937411064,24104.118347168,22684.3565971982,21337.1300104549
9169.29536,9271.82848,102.53312,55.5929599999999,2.13293623924255,0.026624,1.77644395828247,0.01871872,0.492140891316424,0.900843126000665,0.750279028084061,0.93019383670206,0.000259662438829521,0.00018256266853091,0.542195146309796,35095.21484375,8773.8037109375,2497261.22618141,-470932.37490064,33525.8773610562,2750.31577064737,22149.0859985352,22371.750724747,22032.3568060894
9327.42144,9426.96448,99.5430400000005,60.6924799999997,2.2747209072113,0.02768896,1.95030224323273,0.01061888,0.512187406689441,0.960725714688498,0.823707871391314,0.968083687710892,0.000278160683057297,0.000106676267873675,0.609710935088977,36239.6240234375,8773.8037109375,3002180.45618565,-519816.671722575,34868.2665312176,2989.34333300738,24127.9602050781,23006.1170579651,21996.0755679363
9487.65696,9596.928,109.27104,51.9987199999996,2.29110217094421,0.02579456,2.29110217094421,0.02579456,0.491237720799638,0.967644322266864,0.967644322266864,0.928486757158317,0.000236060350482617,0.000236060350482617,0.475869178146376,36239.6240234375,8773.8037109375,3039200.40816741,-515979.639760534,34265.1547597259,3047.83266817347,22125.244140625,23707.0941995392,20093.0921549659
9648.92672,9755.97568,107.04896,60.6310400000002,2.30574369430542,0.02786304,1.87082588672638,0.0112128,0.506106375390789,0.97382815253401,0.790141125174959,0.956589950989141,0.000260283145207576,0.000104744595370193,0.566386072316818,36239.6240234375,9155.2734375,3370434.25571281,-557079.012911019,35587.5255388865,2651.40252744856,22649.7650146484,25026.8441677026,21011.3055746739
9816.60672,9928.09984,111.493120000001,60.1395199999988,2.32082390785217,0.02801664,1.89987909793854,0.02760704,0.48802542512673,0.980197263087938,0.802411714950307,0.922415207954976,0.000251285819250549,0.00024761204996326,0.539401175606156,35476.6845703125,8773.8037109375,2861200.23626835,-496366.407637419,34212.8105967283,2886.9557339433,22649.7650146484,23280.6199935772,19774.672446072
9988.23936,10107.392,119.15264,58.3065600000009,2.35527563095093,0.02827264,2.35527563095093,0.02827264,0.48562297920398,0.994747908044588,0.994747908044588,0.91787435302952,0.000237280852526641,0.000237280852526641,0.489343416981787,36239.6240234375,8773.8037109375,3009736.68575683,-516367.849867951,34967.685909532,2791.04696108927,21862.9837036133,25499.23389046,18796.3025150657
10165.69856,10288.06656,122.367999999999,59.7299200000016,2.36771106719971,0.02762752,2.36771106719971,0.02762752,0.496615129116111,1,1,0.938650578457607,0.000225774058577408,0.000225774058577408,0.488117154811734,36239.6240234375,9155.2734375,2563420.25366259,-475451.642971558,34479.192496681,2892.33564441435,21648.4069824219,24296.7199850476,19795.5978119668
10347.79648,10467.55328,119.756799999999,66.7852800000001,2.23226809501648,0.03124224,2.1365053653717,0.0223744,0.502493189956605,0.942795819110051,0.902350542246926,0.94976068140183,0.000260880718255667,0.000186831979478411,0.557674219752035,35858.154296875,8773.8037109375,2477416.02491799,-465391.156385164,34550.9793123696,2880.20749836152,22649.7650146484,23509.24091642,20203.4201672225
10534.33856,10659.24608,124.907520000001,66.9695999999985,2.26921248435974,0.02818048,2.26921248435974,0.02818048,0.464533061182425,0.958399238739691,0.958399238739691,0.87801237019829,0.000225610755861615,0.000225610755861615,0.536153467781589,35476.6845703125,8773.8037109375,2179437.66918885,-425957.672804371,33479.2931707387,3234.20365321842,22125.244140625,22423.4333138032,19201.972913457
10726.21568,10845.5936,119.377920000001,64.2867200000001,2.3507297039032,0.03057664,2.1160352230072,0.02317312,0.504928181311409,0.992827941072813,0.893705001560785,0.954363050338504,0.000256133127466116,0.000194115628752786,0.538514324927086,36239.6240234375,8773.8037109375,2505176.14227085,-463380.110514293,34700.8790087918,3291.04403634222,24127.9602050781,23239.6284772282,19615.8686462317
10909.88032,11035.42272,125.5424,63.5596800000003,2.06681251525879,0.0306688,2.06681251525879,0.0306688,0.483133593392008,0.872915848513226,0.872915848513226,0.913169173313046,0.000244290375203915,0.000244290375203915,0.506280587275695,36239.6240234375,8773.8037109375,2283956.86457614,-439088.698479768,34433.2860139654,3342.06391801927,21839.1418457031,23080.1653124623,19127.0465256061
11098.9824,11220.1216,121.1392,61.2659199999998,2.07352113723755,0.03172352,1.69934117794037,0.01170432,0.455745088994103,0.875749227159673,0.717714758984583,0.861402253642398,0.000261876584953509,9.66187658495354e-05,0.50574809805579,35858.154296875,9155.2734375,2205867.30746152,-427005.842569457,34290.5222110027,3558.63406128716,21839.1418457031,21972.6288155663,19356.6924452623
11281.38752,11420.96896,139.58144,50.9030399999992,2.25746011734009,0.03446784,2.25746011734009,0.03446784,0.409179062317639,0.953435640274295,0.953435640274295,0.773387963876134,0.000246937128603918,0.000246937128603918,0.364683442153909,35858.154296875,8773.8037109375,1798451.07401201,-400273.322912638,34661.3256011878,3005.42848279132,22602.0812988281,23711.9945350558,20831.5433913019
11471.872,11591.61856,119.746560000001,61.6959999999999,1.9807060956955,0.0309248,1.63868153095245,0.01173504,0.444215251104613,0.836548902919171,0.692095228025657,0.839609745984093,0.000258252095091497,9.79989738327336e-05,0.515221481101413,35858.154296875,9155.2734375,2113142.60739631,-419901.313260828,34196.9834655796,3579.05120934353,21862.9837036133,21738.4236789055,19980.8816922746
11653.31456,11782.8096,129.49504,71.35232,1.86293339729309,0.03545088,1.39265322685242,0.02721792,0.39866040775822,0.786807741493722,0.588185461539236,0.753506690415201,0.000273762454531077,0.00021018503874743,0.551004270124941,36239.6240234375,8773.8037109375,2102308.7948244,-427696.589691657,35329.4896750417,3191.11363966246,17285.3469848633,23374.5528748799,20131.0435822475
11854.16192,11980.71808,126.55616,74.8953599999986,1.60550153255463,0.03048448,1.60550153255463,0.03048448,0.38365955565544,0.678081694509058,0.678081694509058,0.725153630514082,0.000240877093615988,0.000240877093615988,0.591795452706518,35095.21484375,8773.8037109375,1822846.46530333,-382257.18697276,33004.2415411902,3163.14788502481,21862.9837036133,20898.8689781726,19181.4512399879
12055.61344,12184.46336,128.849920000001,65.4438399999999,1.58321917057037,0.03033088,1.58321917057037,0.03033088,0.356459457663238,0.668670764986054,0.668670764986054,0.673742817154599,0.00023539696415799,0.00023539696415799,0.507907494238255,33950.8056640625,8773.8037109375,1744773.75271452,-366979.715929381,32288.9161474741,3275.03771797598,21862.9837036133,20275.5321149201,18318.0464777195
12249.9072,12369.2032,119.296,70.6457599999994,1.34261310100555,0.0348672,1.01317417621613,0.02110464,0.340947649893525,0.567051072913835,0.427912928334793,0.644424001672922,0.000292274678111587,0.000176909871244635,0.592188841201711,35858.154296875,8773.8037109375,2193122.08429862,-425513.776035116,34212.5303689562,3051.10703804415,21839.1418457031,21728.9092386786,19550.5963733172
12439.84896,12562.70848,122.85952,73.0726400000003,1.10689079761505,0.03124224,1.03984248638153,0.02364416,0.314205917189191,0.467494033773374,0.439176257942382,0.593879542996124,0.000254292382063677,0.00019244874145691,0.594765794299053,36239.6240234375,9155.2734375,2304831.0479942,-443545.619955398,34605.4662381949,2826.17881514486,17642.9748535156,22974.7209939659,19703.6180918556
12635.78112,12767.88736,132.106240000001,64.4915199999996,1.05586004257202,0.02325504,1.05586004257202,0.02325504,0.276479334979553,0.445941254065593,0.445941254065593,0.522572657365529,0.000176032865669327,0.000176032865669327,0.488179210913876,35476.6845703125,8773.8037109375,1665021.69667073,-372994.842096252,33047.8718190858,2928.83377386531,17166.1376953125,21561.8895374406,20216.88983044
12832.37888,12954.112,121.733119999999,84.0704000000005,1.00125169754028,0.05143552,0.825608789920807,0.02864128,0.262663988133715,0.422877483410366,0.34869490680603,0.496460316947069,0.000422526917900407,0.000235279273216691,0.690612382234196,34332.275390625,8773.8037109375,1981178.49842518,-394131.690360063,32800.4573357225,3395.60206443504,17166.1376953125,20584.001227241,18619.8902868424
13038.1824,13150.67904,112.496640000001,96.4403199999997,0.935136020183563,0.04862976,0.673895478248596,0.01990656,0.242199545764384,0.394953604406449,0.284618967062401,0.457780543533854,0.000432277444019657,0.000176952484980883,0.857272892772608,32424.9267578125,8773.8037109375,2062484.14062249,-404497.426366834,32286.2383036048,2593.4448066612,17642.9748535156,20262.4684697715,19402.8456652146
13247.11936,13334.66112,87.5417600000001,0,0.746008694171906,0.04484096,0.543347060680389,0.01386496,0.194637426659307,0.315075899465305,0.229481995589524,0.367883542832106,0.000512223651889109,0.000158381097204351,0,29373.1689453125,8773.8037109375,1598251.05407656,-354698.551515784,29441.9432904114,2484.18628173073,21839.1418457031,18802.6430307227,18802.6430306832
