note.starts,note.ends,note.durs,INI,pk.amps,pk.times,qpk.amps,qpk.times,note.rmss,rel.pk.amps,rel.qpk.amps,rel.note.rmss,rel.pk.tm,rel.qpk.tm,rel.INI,max.Hz,min.Hz,FMa,FMb,FMc,FM.resid,note.DF,arcL,chordL
998.53312,1016.00256,17.46944,42.1068799999999,0.11003240197897,0.00933888,0.0497088208794594,0.00124928,0.0265616651981486,0.06106767203103,0.0275882550586893,0.0641388224007051,0.000534583821805394,7.1512309495897e-05,2.41031652989449,29373.1689453125,12207.03125,74879052.8971089,-2056897.22641402,29153.8238525391,3808.26736507973,14114.3798828125,15169.9286426832,13081.1534376911
1058.10944,1075.89632,17.7868800000001,34.5804799999999,0.149169251322746,0.0056832,0.0961578488349915,0.0024576,0.0385163583663392,0.0827885127749263,0.0533673342602023,0.0930059862720028,0.000319516407599307,0.000138169257340241,1.94415659182497,28228.759765625,8773.8037109375,31720657.8464332,-1491011.62186036,27716.5004185268,4331.83798384295,18882.7514648438,16484.8819354681,16484.8819354666
1110.4768,1131.84768,21.3708800000002,30.6278399999999,0.253842800855637,0.0078848,0.197650000452995,0.00207872,0.0599385492905488,0.140882036848136,0.109695191484626,0.144734448658376,0.000368950646861521,9.72688068998555e-05,1.4331576425491,32424.9267578125,8773.8037109375,23602264.506995,-1512182.76978369,31137.2203846588,4296.98632861544,19073.486328125,21537.1797953238,21537.1797953227
1162.47552,1185.90464,23.42912,31.0067200000001,0.338385224342346,0.00859136,0.282162576913834,0.00300032,0.0768805100107123,0.18780284287745,0.156599432498962,0.185644436855428,0.000366695804195804,0.00012805944055944,1.32342657342658,34713.7451171875,8773.8037109375,23129646.3463573,-1555189.01048053,33137.6728258635,3952.59357958935,19073.486328125,23740.299730368,23740.2997303666
1216.91136,1239.18336,22.2719999999999,30.75072,0.316447108983994,0.00822272,0.186198368668556,0.00244736,0.0625669192883672,0.175627250873753,0.103339568218619,0.15108121025016,0.000369195402298852,0.000109885057471265,1.38068965517242,33187.8662109375,8773.8037109375,33813681.1292567,-1780338.22519806,32575.5069130345,3662.51568373705,19073.486328125,22878.6874779252,22878.6874779222
1269.93408,1293.64992,23.7158400000001,31.0067199999999,0.367130279541016,0.00904192,0.26149246096611,0.00513024,0.0820734467407287,0.203756267248952,0.145127576583463,0.19818389340606,0.000381260794473229,0.000216321243523315,1.30742659758203,34332.275390625,8773.8037109375,34568642.606639,-1855145.00244659,34104.5408320606,3655.68949137734,19073.486328125,24553.497825682,24553.4978256779
1324.65664,1348.51584,23.8592000000001,28.84608,0.340307235717773,0.0086528,0.240137502551079,0.00288768,0.0814131982534985,0.188869553757187,0.133275635034694,0.196589582200535,0.000362660944206007,0.000121030042918454,1.20901287553648,34713.7451171875,8773.8037109375,34748687.6202153,-1858882.20373331,34033.9832736137,3686.32933666483,18978.1188964844,24570.3548562756,24570.3548562712
1377.36192,1401.31328,23.95136,31.0067199999999,0.325130879878998,0.00222208,0.325130879878998,0.00222208,0.0933792050245468,0.18044671917101,0.18044671917101,0.225484065186015,9.27746900384779e-05,9.27746900384779e-05,1.29457032920051,36239.6240234375,9155.2734375,44814840.6519781,-1933493.21771121,34721.2024201128,4681.06553818387,32234.1918945312,21108.3842375341,20600.9679790283
1432.32,1457.41824,25.09824,31.1091200000001,0.47895684838295,0.00264192,0.47895684838295,0.00264192,0.112328405485859,0.265819696816725,0.265819696816725,0.271240963104755,0.000105263157894737,0.000105263157894737,1.23949408404733,36621.09375,9155.2734375,40789123.4269323,-1892196.57790045,35945.0996696175,4506.77434026083,32901.7639160156,22092.4113895347,21796.8518634217
1488.52736,1513.60512,25.0777599999999,30.79168,0.52995103597641,0.00287744,0.52995103597641,0.00287744,0.113301414782752,0.294121326767887,0.294121326767887,0.27359050218757,0.00011474071049408,0.00011474071049408,1.22784810126583,36621.09375,9155.2734375,26661541.7624723,-1653063.08830238,35564.3730658989,4114.56326030963,32234.1918945312,24687.834505256,24687.8345052532
1544.3968,1570.11968,25.72288,29.5935999999999,0.419976830482483,0.00232448,0.419976830482483,0.00232448,0.103011548029916,0.233085953621531,0.233085953621531,0.248743417817533,9.03662420382164e-05,9.03662420382164e-05,1.15047770700636,35476.6845703125,8773.8037109375,26585655.0212129,-1548325.10651516,33971.1176884639,4147.98150436044,32234.1918945312,22236.5421324485,22236.5421324431
1599.71328,1624.53504,24.82176,30.50496,0.513320565223694,0.0022528,0.513320565223694,0.0022528,0.11373709199518,0.284891462515331,0.284891462515331,0.274642538012261,9.07590759075906e-05,9.07590759075906e-05,1.2289603960396,35858.154296875,9155.2734375,54275387.7289844,-2180182.82824924,35706.7136836231,3940.80435998097,32234.1918945312,23111.9439351423,20675.835541964
1655.04,1682.74944,27.7094400000001,28.6207999999999,0.45661062002182,0.00339968,0.45661062002182,0.00339968,0.122261217746977,0.253417603250243,0.253417603250243,0.295225863027363,0.000122690317812269,0.000122690317812269,1.03288987435328,37002.5634765625,8773.8037109375,53301362.3200192,-2241146.95557602,37835.2380081599,4101.95911601627,32234.1918945312,25940.9860699869,21175.44471907
1711.37024,1739.84768,28.4774400000001,28.3136,0.514931797981262,0.00656384,0.514931797981262,0.00656384,0.138972890479703,0.285785692140743,0.285785692140743,0.335579771618069,0.00023049262855088,0.00023049262855088,0.994246673858319,37384.033203125,9536.7431640625,54382748.3829658,-2319719.90270829,39174.5284612,3919.2639381189,22315.9790039062,27517.1548963257,21957.2011576408
1768.16128,1795.80928,27.6479999999999,28.7539200000001,0.474721848964691,0.00786432,0.473270803689957,0.0057344,0.127198884684755,0.263469284112154,0.262663958086857,0.307148916060125,0.000284444444444445,0.000207407407407408,1.04000000000001,36621.09375,9155.2734375,44446534.4132827,-2085171.95228834,36694.9752385437,3449.34026660032,32234.1918945312,25236.6831573903,23675.3741398254
1824.5632,1851.12576,26.5625599999998,29.9417600000002,0.494882166385651,0.00308224,0.494882166385651,0.00308224,0.13967184535693,0.274658203286525,0.274658203286525,0.337267547681885,0.000116037008481111,0.000116037008481111,1.12721665381651,37002.5634765625,9155.2734375,58766032.5465798,-2467681.16813929,38110.5704067926,2204.10559250411,32234.1918945312,27726.5686233219,24084.4033791836
1881.06752,1908.2752,27.20768,32.04096,0.471409231424332,0.00951296,0.429822772741318,0.00328704,0.137814553485488,0.261630790742196,0.238550423740195,0.332782719166804,0.000349642453895371,0.000120812946932631,1.17764395935266,37384.033203125,11062.6220703125,53899382.8353786,-2342750.66871877,38560.3212758284,2649.62182548956,21171.5698242188,27072.7652595298,23841.3692073069
1940.31616,1968.32256,28.0064,29.8291199999999,0.551691472530365,0.0103424,0.492883682250977,0.00398336,0.150366250359356,0.306187207593992,0.273549050241599,0.363091476189939,0.000369287020109689,0.000142230347349177,1.06508226691042,37765.5029296875,10681.15234375,47345902.8429221,-2200802.5717413,38958.5381911206,3007.12480105176,22506.7138671875,26650.0872852622,24500.3986055137
1998.15168,2029.0048,30.85312,25.856,0.577324986457825,0.00415744,0.577324986457825,0.00415744,0.151078026939685,0.320413735356461,0.320413735356461,0.364810212998574,0.000134749419183538,0.000134749419183538,0.838035180882841,37765.5029296875,9155.2734375,47028358.7080502,-2196713.5865879,39059.2721792368,3583.63446719864,21076.2023925781,28296.2647530327,23008.4671671677
2054.8608,2086.03136,31.17056,28.45696,0.760976493358612,0.00381952,0.760976493358612,0.00381952,0.175181613667417,0.422339802494078,0.422339802494078,0.4230134791273,0.000122536136662286,0.000122536136662286,0.912943495400787,37765.5029296875,9155.2734375,43276419.2374789,-2174333.54621099,38786.5213247446,2620.37942979059,21076.2023925781,28894.7721507849,25727.6604170274
2114.48832,2146.6624,32.1740800000002,31.1500799999999,0.670398116111755,0.011264,0.54688572883606,0.002816,0.169194881919455,0.372069059191835,0.303520033429738,0.408557234705925,0.000350095480585612,8.75238701464029e-05,0.96817313812857,38528.4423828125,9155.2734375,43942718.0798312,-2137003.09790331,39445.4043135684,3297.09651894242,21076.2023925781,28695.0536997091,23267.8625898311
2177.81248,2210.2528,32.4403200000002,33.4335999999998,0.515825629234314,0.00521216,0.515825629234314,0.00521216,0.143027992071233,0.28628176595928,0.28628176595928,0.345371681833627,0.000160669191919191,0.000160669191919191,1.03061868686868,37384.033203125,9155.2734375,36912543.2973664,-2007641.92507053,40098.4022352431,3391.01153083953,34713.7451171875,28314.239460366,26282.7323033459
2243.6864,2275.50208,31.8156800000002,31.0579199999997,0.588968098163605,0.01139712,0.563481211662292,0.00434176,0.156567405065226,0.326875629437489,0.312730479482008,0.378065490710188,0.000358223366591566,0.000136466044415835,0.976182813002884,37765.5029296875,9155.2734375,41731348.5473188,-2062961.91495764,39025.4615718483,3416.41353166265,34618.3776855469,27598.1052486513,23392.5004694646
2306.56,2337.792,31.232,30.0441599999999,0.720795512199402,0.01063936,0.431614637374878,0.00449536,0.140618796798777,0.40003947154443,0.239544903546127,0.33955416449968,0.000340655737704918,0.000143934426229508,0.961967213114752,37384.033203125,9155.2734375,38312652.2635924,-2041522.65361429,38305.1358736478,2562.74412354644,21076.2023925781,28002.9288607006,26389.2253620328
2367.83616,2399.21152,31.37536,28.6105600000001,0.762791037559509,0.01050624,0.578317403793335,0.00772096,0.167468702550667,0.423346869395765,0.320964524172054,0.404389005374649,0.000334856396866841,0.000246083550913838,0.91187989556136,37765.5029296875,9155.2734375,39750642.5600056,-2104360.02693121,38521.1064265325,1416.68769845532,21076.2023925781,28807.3813465214,26893.9955686321
2427.82208,2459.32032,31.4982399999999,28.8665600000004,0.774844288825989,0.01101824,0.617304563522339,0.00466944,0.170498793252849,0.430036389773496,0.342602287602931,0.4117058075388,0.000349804941482446,0.000148244473342003,0.91644993498051,37765.5029296875,9155.2734375,34057566.2143467,-1906638.3306315,37929.9587673611,2965.92085210279,21076.2023925781,27103.5771101355,26265.9078527089
2488.18688,2520.1152,31.92832,29.2351999999996,0.810626685619354,0.01114112,0.611564218997955,0.00485376,0.176134458397921,0.449895518835125,0.33941641262015,0.425314326551186,0.000348941629249519,0.000152020525978191,0.915651058370739,38528.4423828125,9155.2734375,32568192.3314419,-1869861.08222269,38509.1406667335,3017.65375221183,21076.2023925781,27176.9120007725,26500.9339389576
2549.3504,2581.16608,31.8156800000002,30.7302399999999,0.810420572757721,0.01124352,0.576890826225281,0.00531456,0.166333257824508,0.44978112677961,0.320172777654792,0.40164723120147,0.000353395558416477,0.000167042162858062,0.965883488896032,37384.033203125,9155.2734375,32353656.4812728,-1860873.6117249,37463.4571564503,2455.31002712344,21076.2023925781,27060.2289769077,26455.3751972142
2611.89632,2643.79392,31.8976000000002,28.93824,0.876631557941437,0.01140736,0.644068121910095,0.00520192,0.172038570969602,0.486528036374689,0.357455986846171,0.415423930208244,0.000357624398073834,0.000163081861958265,0.907223113964679,38146.97265625,9918.212890625,30179418.1535973,-1798074.87833693,37955.5204994658,2856.76846480677,21076.2023925781,26916.1970001742,26648.0164306511
2672.73216,2705.21344,32.48128,28.8870400000001,1.04292440414429,0.01175552,0.798897087574005,0.0055808,0.198858603834693,0.578820095898783,0.443385625080137,0.480186636607954,0.000361916771752838,0.000171815889029004,0.889344262295085,38528.4423828125,9536.7431640625,36532979.8701441,-1986299.11606893,39020.7665598291,2948.90739551433,21076.2023925781,28023.5509105495,25974.0182923149
2734.10048,2767.86176,33.7612799999997,29.8803200000002,0.971809148788452,0.01248256,0.691663801670074,0.00621568,0.18461617986406,0.539351330222804,0.383871454557508,0.445795257347907,0.00036973005762815,0.0001841067637246,0.885047012435561,38528.4423828125,9918.212890625,26162764.804964,-1685541.76677642,38223.8255315648,2915.44744038978,21171.5698242188,27210.6037155967,27085.0995961692
2797.74208,2830.99136,33.24928,28.1599999999999,1.07285690307617,0.01263616,0.907612800598145,0.00649216,0.198352993585716,0.595432548185255,0.503722538463584,0.478965732507207,0.000380043116723129,0.000195257160455805,0.846935632891896,38909.912109375,9918.212890625,47248868.7708301,-2275299.44178804,40848.7005548163,2986.2401864514,21076.2023925781,31366.5202906885,23417.75299477
2859.15136,2892.61568,33.46432,30.1056000000003,1.04128324985504,0.01245184,0.894286811351776,0.0062976,0.205319233623772,0.57790925990788,0.496326652105112,0.495787209220674,0.000372093023255813,0.000188188494492044,0.899632802937585,38528.4423828125,9918.212890625,40620064.6311268,-2144552.52677039,40260.8925024086,2237.48673382925,21076.2023925781,30334.0720764991,26277.1774702196
2922.72128,2956.31872,33.59744,30.6892799999996,1.11030530929565,0.01318912,0.865553736686707,0.0067072,0.208427524410075,0.616216307768484,0.480379876895888,0.503292842215639,0.000392563242913746,0.000199634257848217,0.913441024078013,38909.912109375,9918.212890625,34486048.5304811,-1987631.70903856,40794.9035420959,2441.24965857993,21076.2023925781,29427.4926351638,27851.9002154617
2987.008,3021.8752,34.8672000000001,31.0067199999999,1.09443330764771,0.01350656,0.896379053592682,0.00636928,0.204513862413135,0.607407391724843,0.497487840633937,0.493842468156424,0.000387371512481643,0.000182672540381791,0.889280469897202,38528.4423828125,9918.212890625,28752397.0547317,-1721654.97498476,38746.0074923243,3622.7241059489,21076.2023925781,26470.8195859515,25074.3771621133
3052.88192,3089.7152,36.8332800000003,28.39552,1.17135798931122,0.01353728,0.969056606292725,0.00671744,0.201361542192657,0.650100372578034,0.537823676919256,0.48623051667435,0.00036752849596886,0.000182374200722823,0.770920211287179,38528.4423828125,9155.2734375,35305942.9286927,-2000677.27342778,40270.0489964978,2563.97410701359,21076.2023925781,30893.7860198341,25792.2682876246
3118.11072,3152.87552,34.7647999999999,31.0272,1.06524276733398,0.01316864,0.913847208023071,0.00685056,0.200318760810114,0.591206724373897,0.507182616959426,0.483712497965857,0.00037879234167894,0.000197054491899853,0.892488954344626,38528.4423828125,9918.212890625,30333288.0779653,-1842870.08224806,39792.0739017814,2695.94744175417,21171.5698242188,28574.4468262755,27406.4611863909
3183.90272,3219.31264,35.4099200000001,30.9043200000001,1.17659044265747,0.01374208,1.13494491577148,0.00693248,0.222480582171039,0.653004369392788,0.629891219705127,0.537226956255301,0.000388085598611914,0.000195777906304222,0.872758820127243,38909.912109375,9536.7431640625,30612818.7792942,-1943741.54952809,40859.5418695159,899.197756579044,21076.2023925781,31264.8517522214,30443.4692908384
3250.21696,3286.20032,35.9833599999997,32.1945599999999,1.25462543964386,0.00712704,1.25462543964386,0.00712704,0.227703212537569,0.696313572111257,0.696313572111257,0.549838114443033,0.000198064883323849,0.000198064883323849,0.894706886738764,38909.912109375,9536.7431640625,29673259.0641257,-1881817.3327738,40817.2607421875,2404.8186114213,28991.69921875,30377.3868845213,29293.1095143574
3318.39488,3354.44992,36.0550400000002,31.6313599999999,1.30074644088745,0.014336,1.12516260147095,0.00710656,0.22853612927673,0.721910597414991,0.624462062923438,0.551849370078139,0.000397614314115306,0.000197103095711445,0.877307583072982,38909.912109375,9918.212890625,26300660.385051,-1773215.60089707,40315.9944881947,2101.91224162057,20313.2629394531,30032.5514762888,29743.3975236744
3386.08128,3424.65536,38.5740800000003,29.5321599999997,1.15454506874084,0.01422336,1.00968790054321,0.00726016,0.213756049494559,0.640769249192474,0.560373930361504,0.516159705851706,0.000368728431112288,0.000188213432439606,0.76559596495884,38909.912109375,9536.7431640625,34262235.8614507,-2045569.92676863,41788.0089052262,2121.12945325976,20980.8349609375,33138.720300446,27925.1535939593
3454.18752,3491.4304,37.2428800000002,30.2899199999997,1.19393730163574,0.01427456,1.17133188247681,0.00678912,0.227909011826302,0.66263182708526,0.650085883358741,0.550335060848002,0.000383282925488037,0.000182293098707725,0.813307671157534,38909.912109375,9536.7431640625,34067069.1331825,-2019439.54998968,41127.8679055287,1996.61750198232,27179.7180175781,31896.9070331931,27957.6260225741
3521.72032,3558.11328,36.3929600000001,32.3379199999999,1.23640334606171,0.0143872,1.08600211143494,0.0068608,0.230790324974597,0.686200361687964,0.602728101662185,0.557292607783434,0.000395329206527854,0.000188519977490151,0.888576252110293,38528.4423828125,9918.212890625,26253916.1206147,-1776340.30165345,40009.6912102159,866.663205870916,20980.8349609375,30219.3323884794,29874.3469871871
3590.4512,3628.5952,38.1440000000002,33.3721599999999,1.21146523952484,0.01465344,1.17802155017853,0.0071168,0.23974591735752,0.672359783061322,0.65379863002116,0.578917801273992,0.000384161073825501,0.000186577181208053,0.874899328859052,38909.912109375,9155.2734375,28809696.4756536,-1819925.92438925,40374.263640373,2968.45922139803,27179.7180175781,29980.7534595221,27502.1620329905
3661.96736,3698.01216,36.0448000000001,34.6623999999997,1.24414658546448,0.0141824,1.21852219104767,0.00689152,0.244072571489057,0.690497837665963,0.676276371206124,0.589365433184933,0.000393465909090908,0.000191193181818181,0.961647727272716,38909.912109375,9536.7431640625,25143739.840254,-1714829.64823457,39597.6851139163,2046.82683229869,25081.6345214844,29333.3486904635,29143.250760018
3732.67456,3770.83904,38.1644799999999,33.80224,1.22953259944916,0.01476608,1.19771778583527,0.00754688,0.244563406365095,0.682387116741956,0.664729985128371,0.590550658987135,0.000386906359001879,0.000197746176549504,0.885698953581971,38909.912109375,9155.2734375,25719005.2929662,-1779948.33541162,40531.0046288275,879.9238292609,27179.7180175781,31122.536171495,30470.3633000541
3804.64128,3842.73408,38.0928000000004,35.0310399999998,1.21775603294373,0.00717824,1.21775603294373,0.00717824,0.235535380629503,0.675851155624404,0.675851155624404,0.568750559672408,0.000188440860215052,0.000188440860215052,0.919623655913966,38146.97265625,9536.7431640625,22569874.3554866,-1623794.46866184,39296.765481272,1880.84575073806,27084.3505859375,29307.5215938277,29104.6041885429
3877.76512,3916.83072,39.0655999999999,34.42688,1.23405826091766,0.00707584,1.23405826091766,0.00707584,0.252061061026999,0.684898846062697,0.684898846062697,0.608655349984263,0.000181127129750983,0.000181127129750983,0.881258191349936,39291.3818359375,9918.212890625,23482857.6945037,-1660181.19392419,39769.91099696,2113.16678742005,25081.6345214844,29667.1125550462,29018.2897546092
3951.2576,3989.36064,38.10304,33.8124800000001,1.27150452136993,0.0075264,1.27150452136993,0.0075264,0.252017674762209,0.70568141475119,0.70568141475119,0.608550584567215,0.000197527546358506,0.000197527546358506,0.887395861327602,39291.3818359375,9918.212890625,24922901.4635333,-1700674.15841533,40317.1969998267,2821.20738877178,25081.6345214844,29408.0497667284,28616.7489210057
4023.17312,4061.97248,38.79936,34.3449599999999,1.30368602275848,0.00777216,1.30368602275848,0.00777216,0.251036517114772,0.723542057043064,0.723542057043064,0.606181369549007,0.000200316706254949,0.000200316706254949,0.885193982581154,38909.912109375,9536.7431640625,23184043.0992457,-1685275.61678255,40940.0078558153,1926.98465044747,25081.6345214844,30765.7658081468,30486.5809142846
4096.31744,4134.66624,38.3487999999998,36.1779200000001,1.2653135061264,0.01506304,1.20252394676208,0.00731136,0.250312770784668,0.702245418793351,0.66739739085549,0.604433729219103,0.000392790387182913,0.000190654205607478,0.94339118825101,38528.4423828125,9918.212890625,22128819.6023382,-1617712.86417263,39486.2697970482,1810.88670076572,27179.7180175781,29636.8954783619,29494.0309026991
4170.84416,4210.3296,39.4854400000004,34.7955199999997,1.31771337985992,0.0073728,1.31771337985992,0.0073728,0.270873209281963,0.731327200578298,0.731327200578298,0.654081306034073,0.000186721991701243,0.000186721991701243,0.881224066390025,38909.912109375,9155.2734375,21705707.7584656,-1611963.06239637,39847.785077137,1936.03132829239,27084.3505859375,30048.0939289271,29807.7024241692
4245.12512,4285.92128,40.7961599999999,35.6659200000004,1.33666503429413,0.00822272,1.33666503429413,0.00822272,0.26383170684723,0.741845315211973,0.741845315211973,0.637078092164524,0.000201556224899599,0.000201556224899599,0.874246987951819,39291.3818359375,9918.212890625,25527995.5647109,-1683296.30839036,40796.2875570205,3163.72580347564,27179.7180175781,29312.542694298,26185.1016555107
4321.5872,4360.47872,38.8915200000001,37.21216,1.26642501354218,0.00707584,1.26642501354218,0.00707584,0.278244319106067,0.702862302266815,0.702862302266815,0.671880427451252,0.000181937862032648,0.000181937862032648,0.956819378620324,38909.912109375,9536.7431640625,23107961.1543276,-1658491.98781036,39667.1602802892,864.36991727123,27179.7180175781,29966.8757854981,29549.320092473
4397.69088,4438.64064,40.9497599999995,37.3555200000001,1.31048345565796,0.007424,1.31048345565796,0.007424,0.266115736918552,0.727314613085578,0.727314613085578,0.642593371346367,0.00018129532383096,0.00018129532383096,0.912228057014266,38528.4423828125,9155.2734375,23053837.6038042,-1600101.93966358,39476.3793537323,2867.76062068123,27179.7180175781,28664.0856602705,26865.2056372804
4475.99616,4518.72768,42.7315200000003,32.3584000000001,1.31744360923767,0.0075776,1.31744360923767,0.0075776,0.266926229079262,0.731177478645603,0.731177478645603,0.644550478039985,0.000177330457704288,0.000177330457704288,0.757248981548044,38528.4423828125,9536.7431640625,26965568.7195484,-1740914.37449802,40274.6353557403,2755.62092898594,25081.6345214844,31044.0262904143,25153.2526973438
4551.08608,4592.04608,40.96,35.9731199999997,1.26576340198517,0.00812032,1.26576340198517,0.00812032,0.284943013640806,0.702495109723086,0.702495109723086,0.688055858316565,0.00019825,0.00019825,0.878249999999991,39672.8515625,9918.212890625,29771290.1807798,-1861525.57804036,42080.1142320276,2952.52584692438,27179.7180175781,31898.1529673776,26300.1510804031
4628.0192,4669.46048,41.44128,38.7891200000004,1.39385223388672,0.00746496,1.39385223388672,0.00746496,0.293203167380153,0.773584049314686,0.773584049314686,0.708001766441611,0.000180133432171979,0.000180133432171979,0.936001976772927,38528.4423828125,9918.212890625,19015226.592629,-1494467.51104469,39159.5503863166,908.200532045863,27084.3505859375,29451.2087905617,29276.282662507
4708.2496,4750.71488,42.4652800000003,39.3215999999993,1.29222738742828,0.00765952,1.29222738742828,0.00765952,0.278792176178579,0.717182546828958,0.717182546828958,0.673203345544402,0.000180371352785144,0.000180371352785144,0.925970581142971,38528.4423828125,9918.212890625,19394498.3016131,-1523940.07919417,39458.9487517308,764.155259446418,25177.001953125,30132.0350620798,29740.443272683
4790.03648,4831.25248,41.2160000000003,37.3145599999998,1.19331121444702,0.00676864,1.19331121444702,0.00676864,0.27451302431954,0.662284350465501,0.662284350465501,0.662870418031572,0.000164223602484471,0.000164223602484471,0.90534161490682,38528.4423828125,9918.212890625,20327116.8321808,-1496456.8836199,38514.0352708133,2421.85015996355,25081.6345214844,27936.5457379255,27147.1012451186
4868.56704,4912.45568,43.8886400000001,39.424,1.32422435283661,0.00708608,1.32422435283661,0.00708608,0.308756714375027,0.734940772173501,0.734940772173501,0.745559132704729,0.000161455902939804,0.000161455902939804,0.898273448436768,38146.97265625,9536.7431640625,20290124.4457771,-1488070.90272767,38769.6124592415,2326.56618108791,27179.7180175781,28340.9993134125,26226.3123251911
4951.87968,4995.55328,43.6736000000001,39.4035199999998,1.4294046163559,0.00758784,1.4294046163559,0.00758784,0.317611776543883,0.793315521076653,0.793315521076653,0.766941574489104,0.000173739742086752,0.000173739742086752,0.902227432590851,38909.912109375,9155.2734375,23320479.1809951,-1595755.35333804,39920.5397491028,2973.96780440667,26416.7785644531,29385.2414584545,25211.2875998296
5034.9568,5079.83872,44.8819199999998,41.6972800000003,1.34481704235077,0.01697792,1.34101521968842,0.00789504,0.299899590704481,0.74636965663726,0.744259655807603,0.72417171298355,0.000378279717088754,0.000175906913073238,0.929044033766837,38909.912109375,9536.7431640625,20336399.9754978,-1515831.06287923,39788.4216701356,2586.00656007015,25177.001953125,29425.3381234209,27068.0339890196
5121.536,5166.55104,45.0150400000002,39.3215999999993,1.33933281898499,0.00731136,1.33933281898499,0.00731136,0.310429273197761,0.743325928173433,0.743325928173433,0.74959788375764,0.000162420382165604,0.000162420382165604,0.873521383075503,38528.4423828125,9536.7431640625,18927407.9952304,-1435267.98100887,38743.5775619369,2276.72423928982,25081.6345214844,28163.2689140153,26255.0199646582
5205.87264,5251.26656,45.3939200000004,41.4003199999997,1.41837799549103,0.0076288,1.41837799549103,0.0076288,0.312275111187629,0.78719577766948,0.78719577766948,0.754055054425572,0.000168057748702908,0.000168057748702908,0.912023460410543,38528.4423828125,9536.7431640625,16541137.9548968,-1402540.66867709,39333.8982816522,855.495093374059,26512.1459960938,29879.4445397142,29582.0181589117
5292.66688,5338.13248,45.4656000000004,41.1238400000002,1.2653603553772,0.00720896,1.2653603553772,0.00720896,0.313738361824525,0.702271419995096,0.702271419995096,0.757588386090867,0.000158558558558557,0.000158558558558557,0.9045045045045,38146.97265625,9536.7431640625,16146864.7109608,-1296109.65185533,37739.4824721485,2751.24937064384,25081.6345214844,26468.5102467116,25550.8833573048
5379.25632,5428.08064,48.8243199999997,39.1167999999998,1.40387320518494,0.01758208,1.28355991840363,0.00796672,0.319673133667284,0.779145660055392,0.712372126023657,0.771919162206437,0.000360109060402687,0.000163171140939598,0.801174496644296,37765.5029296875,9536.7431640625,16051807.5267686,-1330186.34084796,38563.9638553264,2231.76293865233,27132.0343017578,28434.2498749758,26680.9164706429
5467.19744,5514.68032,47.4828800000005,43.3049599999995,1.29062902927399,0.00722944,1.29062902927399,0.00722944,0.316005115134077,0.716295462571965,0.716295462571965,0.76306194683576,0.000152253612249298,0.000152253612249298,0.912012076773756,38909.912109375,9536.7431640625,15545632.970551,-1310298.67029294,38351.4193922937,2350.11860155102,25033.9508056641,28053.5729086136,27167.1989970402
5557.98528,5606.26688,48.2816000000003,41.5743999999995,1.4684374332428,0.00772096,1.4684374332428,0.00772096,0.328585377135295,0.814978624101089,0.814978624101089,0.793439680469218,0.000159915164369034,0.000159915164369034,0.861081654294789,39291.3818359375,9155.2734375,18147080.9469053,-1390753.92344488,39333.3731418705,2842.40153636766,25033.9508056641,28447.2925796451,24844.9301636999
5647.84128,5697.3824,49.5411200000008,42.2604799999999,1.24950456619263,0.00959488,1.24950456619263,0.00959488,0.341990002058838,0.693471501822797,0.693471501822797,0.825808014717296,0.000193675072343941,0.000193675072343941,0.853038445638679,38909.912109375,9536.7431640625,15895905.7634536,-1282085.99005937,38936.9393167226,2905.69040112722,26416.7785644531,27201.0985123126,24502.2955844813
5739.64288,5792.58368,52.9407999999994,39.1782400000002,1.45401251316071,0.0087552,1.45401251316071,0.0087552,0.343137776873145,0.806972834235524,0.806972834235524,0.828579562525825,0.000165377176015476,0.000165377176015476,0.740038684719548,39672.8515625,9155.2734375,14222325.582702,-1230993.72332196,38418.8328171054,2851.64475912869,26750.5645751953,27965.0232530544,25308.4780392543
5831.76192,5881.41568,49.6537600000001,43.6019200000001,1.1672625541687,0.00790528,1.1672625541687,0.00790528,0.330219991172244,0.647827417651945,0.647827417651945,0.797386805720119,0.00015920808414106,0.00015920808414106,0.878119199835016,38528.4423828125,9536.7431640625,15082989.4261683,-1276737.23105168,38489.4459836396,2173.78336720822,25081.6345214844,27828.5487509264,26207.7557332087
5925.0176,5975.12192,50.1043199999995,46.1312000000007,1.29934144020081,0.02388992,1.23906767368317,0.00837632,0.347746933883292,0.721130826005912,0.687679055985682,0.839709358067085,0.000476803596975276,0.000167177600653997,0.920703045166589,38528.4423828125,9536.7431640625,14961532.2241178,-1271655.61386774,38833.5465937573,2612.32932340271,26416.7785644531,27886.8507910084,26155.3677213128
6021.25312,6073.23136,51.9782399999995,43.5609599999998,1.38726770877838,0.00854016,1.38726770877838,0.00854016,0.344793136671348,0.769929656494353,0.769929656494353,0.832576782854979,0.000164302600472815,0.000164302600472815,0.838061465721045,38909.912109375,9155.2734375,14521276.7627198,-1258141.97548542,39011.1943155216,2787.35611472921,26750.5645751953,28340.1894055038,26163.3285438884
6116.79232,6169.7024,52.9100800000006,44.3084799999997,1.3729807138443,0.00904192,1.3729807138443,0.00904192,0.32879137128231,0.762000414696012,0.762000414696012,0.793937097401192,0.000170892200503192,0.000170892200503192,0.837429843235906,39291.3818359375,9155.2734375,14828186.1338724,-1289783.25041127,40039.8859627271,2827.7979355457,25177.001953125,29362.5461461273,26731.3753697471
6214.01088,6267.52512,53.5142400000004,48.8550399999995,1.31927442550659,0.02390016,1.17376387119293,0.00859136,0.322691363492271,0.732193576499042,0.651435630220833,0.779207323745455,0.00044661308840413,0.000160543436662838,0.912935323383067,38909.912109375,9155.2734375,14943406.901171,-1213735.10995587,38581.4234306472,3235.7092349249,26369.0948486328,27133.4893742794,22157.573567377
6316.38016,6368.49152,52.1113599999999,46.8480000000009,1.26256096363068,0.0243712,1.13991785049438,0.00873472,0.328377872969922,0.700717765489802,0.632651184417592,0.792938617274912,0.000467675378266851,0.000167616427588918,0.898997838475161,38909.912109375,9155.2734375,14406948.3326423,-1231384.46661681,38885.9207206487,3054.86368742197,26369.0948486328,27578.4811207729,25045.6990778876
6415.33952,6470.90176,55.5622399999993,46.0390400000006,1.42072737216949,0.0090112,1.42072737216949,0.0090112,0.356474588059122,0.788499675084219,0.788499675084219,0.860784145998579,0.000162182086251384,0.000162182086251384,0.828603022484355,38909.912109375,9155.2734375,13938410.0365276,-1192179.51816001,39219.6042341107,3120.81988404859,26416.7785644531,27774.7778977556,23210.0275441704
6516.9408,6573.83424,56.8934399999998,45.4758400000001,1.34434604644775,0.0108544,1.34434604644775,0.0108544,0.323668517044185,0.746108255242616,0.746108255242616,0.781566870018508,0.000190784737221023,0.000190784737221023,0.799316054715626,38909.912109375,9536.7431640625,12182085.5301404,-1154306.33248685,40061.9104759809,3054.48735469466,26464.4622802734,28447.1017239493,26240.7098794922
6619.31008,6676.29568,56.9856,49.0188799999996,1.48164367675781,0.01106944,1.48164367675781,0.01106944,0.332866106531829,0.822308051917188,0.822308051917188,0.803776417283781,0.000194249775381851,0.000194249775381851,0.860197663971243,39291.3818359375,9155.2734375,12966427.5616406,-1188216.53266114,40558.8263108325,3119.7130613212,26464.4622802734,28838.256439517,25604.5918946744
6725.31456,6781.94176,56.6271999999999,46.1721600000001,1.49156999588013,0.00841728,1.49156999588013,0.00841728,0.348072280952737,0.827817130967855,0.827817130967855,0.840494978160932,0.000148643761301989,0.000148643761301989,0.815370705244126,39291.3818359375,9155.2734375,12870936.1061327,-1140973.43053282,38402.1150893059,3260.95753135249,27132.0343017578,27234.4300997739,23337.6749238326
6828.11392,6884.608,56.4940800000004,49.3670400000001,1.71784722805023,0.00898048,1.71784722805023,0.00898048,0.36300532292999,0.95340035512481,0.95340035512481,0.876554002327386,0.000158963204640202,0.000158963204640202,0.873844480696026,39672.8515625,9155.2734375,14217292.7345535,-1219255.06419398,39625.4568388968,3215.45213930525,27132.0343017578,28775.771395021,23505.0507070517
6933.97504,6992.13824,58.1632,50.4831999999997,1.45571613311768,0.00780288,1.45571613311768,0.00780288,0.373256703625623,0.807918338495421,0.807918338495421,0.901308153879792,0.000134154929577465,0.000134154929577465,0.867957746478868,39291.3818359375,9155.2734375,14287922.6011091,-1198677.17915776,38456.924160873,3099.47222671947,26750.5645751953,28897.7377734599,21383.4608084308
7042.62144,7100.99968,58.37824,50.7289600000004,1.44945096969604,0.02692096,1.36593985557556,0.00908288,0.357308644971891,0.804441190508357,0.758092758261733,0.862798154826758,0.000461147167163655,0.000155586739168567,0.868970356077887,39672.8515625,9155.2734375,11475197.506892,-1101495.6627537,39088.1900981441,3061.65770178016,25033.9508056641,27670.2323502463,25195.6881114554
7151.72864,7213.13792,61.4092799999999,45.2300800000003,1.44498789310455,0.00883712,1.44498789310455,0.00883712,0.365966189728421,0.801964195617428,0.801964195617428,0.883703648568314,0.000143905285976322,0.000143905285976322,0.73653493413374,40054.3212890625,9155.2734375,11004452.4817124,-1065689.67247443,38646.0056213829,2966.25894852324,26416.7785644531,27657.2436102763,23944.3483665503
7258.368,7319.45984,61.09184,51.2716799999998,1.5708829164505,0.02752512,1.42603421211243,0.01127424,0.380388849674037,0.871835577662678,0.791444956249835,0.918530246144062,0.000450553134428427,0.000184545759302715,0.839255782769021,40435.791015625,9155.2734375,12418893.9558788,-1145384.22656088,39713.6404987423,3080.03183602201,27179.7180175781,29195.273486475,23623.6735006599
7370.73152,7433.1648,62.4332799999993,53.1046400000005,1.3801943063736,0.02861056,1.28481781482697,0.01197056,0.378228048692913,0.766003938156572,0.713070254982472,0.913312529960317,0.000458258159750702,0.000191733639494836,0.850582253567346,39672.8515625,9155.2734375,12361132.0646085,-1132984.07299247,39590.8161085479,2783.12776083801,26416.7785644531,29369.671296993,22553.2765525069
7486.26944,7550.24896,63.9795199999999,52.2547199999999,1.41017973423004,0.01028096,1.41017973423004,0.01028096,0.378184284756639,0.782645765846542,0.782645765846542,0.913206852574683,0.000160691421254802,0.000160691421254802,0.816741357234315,40054.3212890625,9155.2734375,11262591.698175,-1085238.02327559,39668.6934050964,2811.29704913573,26464.4622802734,28954.6089740418,23330.9517037921
7602.50368,7665.5616,63.0579200000002,50.7903999999999,1.46516001224518,0.0100352,1.46516001224518,0.0100352,0.395898911154971,0.81315966471285,0.81315966471285,0.95598260733183,0.000159142578759337,0.000159142578759337,0.80545631698603,40054.3212890625,9155.2734375,10223574.2625472,-1029371.99005845,38985.070346498,3037.54860069667,26416.7785644531,27563.6890445717,24258.0452270019
7716.352,7783.02464,66.6726399999998,54.9171200000001,1.51052153110504,0.01160192,1.51052153110504,0.01160192,0.390782186227648,0.838335179440711,0.838335179440711,0.943627180481193,0.000174013208416526,0.000174013208416526,0.823682998003383,39291.3818359375,9155.2734375,10107194.864952,-1023351.63525731,39248.5548325712,2832.90141359857,28181.0760498047,28506.444899815,23300.638924733
7837.94176,7903.50848,65.5667200000007,53.5142399999995,1.53251361846924,0.010496,1.53251361846924,0.010496,0.406678090731851,0.85054072575507,0.85054072575507,0.982011242183948,0.000160081211931905,0.000160081211931905,0.816179915664516,40054.3212890625,9155.2734375,11259129.3301708,-1087124.26526288,39919.4243704745,2816.49563786202,27847.2900390625,29607.3584122762,22876.2341830864
7957.02272,8024.34048,67.3177599999999,52.9305599999998,1.58677017688751,0.01217536,1.58677017688751,0.01217536,0.414127734248152,0.880652962291112,0.880652962291112,1,0.000180864009735321,0.000180864009735321,0.786279282020077,40054.3212890625,9155.2734375,9799666.2984477,-1019798.99775771,39717.4055778948,3032.88494689722,28562.5457763672,28820.8879696814,24241.6244564164
8077.27104,8145.5104,68.2393600000005,54.4870399999991,1.43606913089752,0.01349632,1.43606913089752,0.01349632,0.397916118664095,0.797014307806328,0.797014307806328,0.96085358636149,0.000197779111644656,0.000197779111644656,0.798469387755083,40054.3212890625,9155.2734375,9827058.36194492,-1034746.64016723,39930.2909186574,2705.3563503257,17547.607421875,29627.503133155,24849.6677601339
8199.99744,8269.13792,69.14048,56.5862400000005,1.60121262073517,0.01115136,1.60121262073517,0.01115136,0.392059924596845,0.888668477797025,0.888668477797025,0.94671255309338,0.000161285545023697,0.000161285545023697,0.818424170616121,40435.791015625,9155.2734375,10145882.4494866,-1028128.68220907,39702.9503745444,2796.61255491612,27132.0343017578,29508.6163860653,22583.8735103849
8325.72416,8395.74528,70.0211199999994,55.9513600000009,1.46462059020996,0.03201024,1.42443108558655,0.01022976,0.382336844173404,0.812860287008278,0.790555225560094,0.923234095556377,0.00045715121380521,0.000146095349517404,0.799064053816925,39672.8515625,9155.2734375,8403456.15243828,-908601.780672396,38025.9812480271,3025.07803697441,25033.9508056641,26700.5852807378,22419.5280822873
8451.69664,8524.50304,72.8063999999995,53.114880000001,1.35821521282196,0.01147904,1.35821521282196,0.01147904,0.364080548451047,0.753805603371449,0.753805603371449,0.879150364348416,0.000157665260196907,0.000157665260196907,0.729535864978922,39672.8515625,9155.2734375,7878919.10472331,-899399.790050683,38611.7807100992,3040.19172450575,17547.607421875,27616.7432980918,23717.708031782
8577.61792,8648.2944,70.6764800000001,56.145919999999,1.45502495765686,0.01153024,1.45502495765686,0.01153024,0.376359720457421,0.807534738068657,0.807534738068657,0.908801051783458,0.000163141118516372,0.000163141118516372,0.794407418139655,40435.791015625,9155.2734375,8130828.04755091,-934624.814662095,39167.6931670218,2739.6163645721,17547.607421875,28275.6035014633,25441.1657582696
8704.44032,8779.66336,75.2230400000008,54.8863999999994,1.44846367835999,0.01135616,1.44846367835999,0.01135616,0.364721716121612,0.803893246607968,0.803893246607968,0.880698600840544,0.000150966512387692,0.000150966512387692,0.729648788456288,39672.8515625,9155.2734375,7682811.82805845,-897786.530677672,38835.446364973,2664.59094097636,17547.607421875,28395.1176082718,24060.9972277738
8834.54976,8914.74944,80.1996799999997,55.2960000000003,1.44494104385376,0.0111616,1.44494104385376,0.0111616,0.372322123322039,0.801938194415683,0.801938194415683,0.899051409821632,0.000139172625127682,0.000139172625127682,0.689479060265583,39291.3818359375,9155.2734375,6550021.59187417,-821341.553914716,38033.4216878162,2894.05547076651,17547.607421875,27754.5267582361,23741.6651138377
8970.04544,9048.92416,78.8787200000006,61.5628799999995,1.80181097984314,0.01173504,1.80181097984314,0.01173504,0.40889808346684,1,1,0.987371889519049,0.000148773205244709,0.000148773205244709,0.780475139556005,40817.2607421875,9155.2734375,6539228.01555951,-835469.910608751,38938.5864599023,2694.92102057586,20313.2629394531,28156.32771268,25214.6851745497
9110.48704,9193.472,82.9849599999998,64.5836799999997,1.58737909793854,0.012288,1.58737909793854,0.012288,0.404157532156543,0.88099091175298,0.88099091175298,0.975924814333652,0.000148075024679171,0.000148075024679171,0.778257650542941,40435.791015625,9155.2734375,6485111.27699664,-821578.131128672,38948.1924630545,2577.40360763722,19216.5374755859,28522.6722797401,23518.8862827803
9258.05568,9343.88736,85.8316800000011,62.4435199999989,1.79989898204803,0.0132608,1.79989898204803,0.0132608,0.407367418758652,0.998938846629034,0.998938846629034,0.98367577215814,0.000154497733237889,0.000154497733237889,0.727511333810524,40054.3212890625,9155.2734375,5829728.26213352,-784680.911649369,38794.7465542052,2744.74828119124,20313.2629394531,28406.5679222802,24402.4222146545
9406.33088,9491.01568,84.6848000000009,62.7199999999993,1.64474129676819,0.01368064,1.64474129676819,0.01368064,0.411523537641033,0.91282676993753,0.91282676993753,0.993711610230966,0.000161547762998789,0.000161547762998789,0.740628778718243,40435.791015625,8773.8037109375,5685002.00198696,-796233.294808899,39652.9598731783,2394.91698179554,17547.607421875,29100.8811310424,26658.7781964244
9553.73568,9640.6016,86.8659200000002,57.1494399999992,1.44190263748169,0.03776512,1.4335640668869,0.01156096,0.386188193514123,0.800251887468916,0.79562400436238,0.932534002377908,0.000434751856654484,0.000133089708829423,0.657904043380869,39672.8515625,9155.2734375,5072207.34028348,-722958.161972711,37857.4884342375,2669.76712506676,17547.607421875,26995.6558540603,24527.1315089533
9697.75104,9786.37824,88.6272000000008,60.2828800000007,1.54112327098846,0.01639424,1.54112327098846,0.01639424,0.379495234473116,0.855319058563307,0.855319058563307,0.916372421089086,0.000184979780473713,0.000184979780473713,0.680184864240325,40054.3212890625,9155.2734375,5091242.25322227,-764005.397533355,40747.3641152708,2545.73244532651,17595.2911376953,29603.2726641923,27721.0683905386
9846.66112,9937.34656,90.6854399999993,56.9856,1.74858021736145,0.04043776,1.61653161048889,0.0147968,0.395709207374506,0.970457077308784,0.897170473802764,0.955524526974547,0.000445912375790428,0.000163166214995485,0.628387533875343,40817.2607421875,9155.2734375,4844577.01424907,-727168.924608215,39142.222311735,2445.24220846565,18024.4445800781,28471.3100399596,26102.5639129081
9994.33216,10082.32448,87.9923199999994,50.8620800000008,1.34949254989624,0.04128768,1.33079636096954,0.01538048,0.356515558968384,0.748964550107095,0.738588218107872,0.86088307902304,0.00046921913185151,0.000174793436518097,0.578028627952998,39672.8515625,9155.2734375,5129329.01407576,-751618.910111079,39925.3296076838,2596.90591801822,19168.8537597656,28646.6053092909,26422.1006805908
10133.18656,10219.06944,85.8828799999992,50.5548800000015,1.47109377384186,0.01929216,1.47109377384186,0.01929216,0.338218560459792,0.816452885623955,0.816452885623955,0.816701062231021,0.000224633361154169,0.000224633361154169,0.588649099797328,38909.912109375,9155.2734375,4736389.28149245,-740571.929068,41199.8113351634,2309.97458383538,27894.9737548828,29229.6780332602,28667.4628772028
10269.62432,10360.94464,91.3203199999989,56.4531200000001,1.36361980438232,0.01941504,1.36361980438232,0.01941504,0.309854732526012,0.756805136408391,0.756805136408391,0.74821053240627,0.000212603722807807,0.000212603722807807,0.618187934514474,37765.5029296875,9155.2734375,4396283.67364833,-689303.85676353,39979.8694510815,2650.57998822642,17547.607421875,27753.7197405295,26285.076994585
10417.39776,10496.68608,79.2883199999997,61.5424000000003,1.19332218170166,0.04287488,1.19038140773773,0.01737728,0.296526806885654,0.66229043726082,0.66065831602456,0.716027404984112,0.00054074648069224,0.000219165698049852,0.776184941237253,36239.6240234375,9155.2734375,3900981.21125306,-641256.530566765,37811.6892872537,2339.0518942048,27894.9737548828,26320.0974933905,26320.0974932957
10558.22848,10639.64672,81.4182400000009,57.5999999999985,1.36519277095795,0.0124928,1.36519277095795,0.0124928,0.307166909002579,0.757678128411004,0.757678128411004,0.741720207559244,0.000153439818890704,0.000153439818890704,0.70745818136081,35858.154296875,9155.2734375,3646930.47144762,-586231.254883883,34891.4673913529,2312.81537437322,17547.607421875,23562.6492472561,23554.6709079389
10697.24672,10792.59136,95.3446400000012,58.8185599999997,1.36508679389954,0.01601536,1.36508679389954,0.01601536,0.348602268020873,0.757619311443188,0.757619311443188,0.841774745305962,0.000167973364837287,0.000167973364837287,0.616904736333359,39672.8515625,9155.2734375,4398182.38051927,-683061.887060705,38857.1475444569,2558.31159303108,17571.4492797852,27897.4626091564,25144.1713144301
10851.40992,10942.27968,90.8697599999996,60.2316800000008,1.47675168514252,0.01635328,1.47675168514252,0.01635328,0.341159172174944,0.819593010400613,0.819593010400613,0.823801798240627,0.000179963939598829,0.000179963939598829,0.662835249042157,39672.8515625,9155.2734375,4334200.56870532,-681636.969049825,39013.4794771232,2442.06882828339,17547.607421875,27448.9720323419,26151.3358600372
11002.51136,11088.49664,85.985279999999,59.2384000000002,1.11884570121765,0.04424704,1.10010755062103,0.01924096,0.264841769287428,0.620956201141062,0.610556580533661,0.63951710398785,0.000514588543527457,0.000223770394188403,0.688936524949397,37002.5634765625,9155.2734375,4207037.52401288,-672896.95638188,39029.5990353162,2377.06656708833,17547.607421875,27058.8025054493,26754.6343124933
11147.73504,11239.70048,91.9654399999999,61.9417599999997,1.18705272674561,0.01926144,1.18705272674561,0.01926144,0.292238511239235,0.658810907484284,0.658810907484284,0.705672397840713,0.000209442155661953,0.000209442155661953,0.673533014140961,38528.4423828125,9155.2734375,4108206.90124974,-665274.216349601,39304.629868116,2438.02411647936,17547.607421875,27430.0541644259,26436.4921604257
11301.64224,11394.51904,92.8768,61.4092800000017,1.14113223552704,0.04646912,1.12070405483246,0.02021376,0.279444489605794,0.633325164677586,0.621987582143618,0.674778495850138,0.000500330760749724,0.000217640573318633,0.661190738699026,38909.912109375,8773.8037109375,4126434.25876873,-666634.268946226,39616.3879586873,2409.80813336083,19931.7932128906,27528.2787381823,26319.823200455
11455.92832,11548.48768,92.5593599999993,63.7542400000002,1.32372117042542,0.0188928,1.32372117042542,0.0188928,0.295539461255937,0.734661507357811,0.734661507357811,0.713643247759023,0.000204115499502159,0.000204115499502159,0.688793008076122,38909.912109375,8773.8037109375,4436011.0693801,-697741.539676538,39856.9256096026,2538.17711608591,17547.607421875,28295.8308448962,26578.160515722
11612.24192,11704.28928,92.0473600000005,64.8703999999998,1.12333559989929,0.04525056,0.93290901184082,0.01905664,0.236189902785189,0.623448082216197,0.51776186418957,0.570331043425506,0.000491600845477804,0.000207030815441094,0.704750250305924,37002.5634765625,9155.2734375,3811225.15033518,-624918.562385542,37852.0322065276,2463.43530739385,17547.607421875,26002.62481509,25230.6737311991
11769.15968,11854.32576,85.1660799999991,0,1.04749190807343,0.04558848,0.966119885444641,0.0196096,0.245232459501894,0.581355047666885,0.536193805150831,0.592166230902438,0.000535289166766869,0.000230251292533368,0,38146.97265625,9155.2734375,3994844.83356988,-660812.738176092,39007.2284965646,2249.0163700189,17547.607421875,27351.4460131678,27303.1775629486
