note.starts,note.ends,note.durs,INI,pk.amps,pk.times,qpk.amps,qpk.times,note.rmss,rel.pk.amps,rel.qpk.amps,rel.note.rmss,rel.pk.tm,rel.qpk.tm,rel.INI,max.Hz,min.Hz,FMa,FMb,FMc,FM.resid,note.DF,arcL,chordL
997.76512,1009.24416,11.4790399999999,33.5769600000001,0.0524041540920734,0.0019456,0.0524041540920734,0.0019456,0.0202367405204791,0.0229568181160655,0.0229568181160655,0.0415155355172443,0.00016949152542373,0.00016949152542373,2.92506690454953,25177.001953125,9536.7431640625,-159324213.27413,909085.232296808,17078.2840613163,4929.74954208886,17166.1376953125,13152.0325413406,10558.4644383985
1042.82112,1058.19136,15.37024,189.20448,0.0832981020212173,0.00531456,0.0502148531377316,0.00326656,0.0222064490346487,0.036490606720886,0.0219977456020459,0.0455563791351122,0.000345769487008662,0.000212524983344437,12.3097934710193,20980.8349609375,10299.6826171875,104755808.866979,-1989658.21951091,22553.8735861307,1761.81174798708,15449.5239257812,13061.5339853366,5833.5639556587
1247.39584,1269.08416,21.6883200000002,32.6348799999998,0.197102919220924,0.0099328,0.196383684873581,0.0029696,0.0516469488521573,0.0863453660324372,0.0860302892531082,0.105953364241599,0.000457979225684604,0.000136921624173748,1.50472143531631,30899.0478515625,14114.3798828125,50727682.575107,-1733652.7076891,31737.1789638964,3539.40394155288,27275.0854492188,15885.8183538767,13738.5637960899
1301.71904,1330.52416,28.80512,24.2380800000001,0.372940480709076,0.01051648,0.276611089706421,0.00306176,0.0682861976673896,0.163374963914384,0.121175708019634,0.140088669997483,0.000365090650551013,0.000106292214717384,0.841450408816214,33187.8662109375,9536.7431640625,33805068.6634171,-1491694.56258938,32336.3443608341,4150.16925647417,18882.7514648438,17992.3317592158,14919.1943199885
1354.76224,1378.88768,24.12544,28.93824,0.274572014808655,0.0103936,0.26417550444603,0.00564224,0.0710001658036358,0.120282445407842,0.115728020256407,0.145656357167211,0.000430814940577249,0.000233870967741935,1.19949066213922,32806.396484375,9155.2734375,38824252.0184412,-1827899.04587866,33634.1571090813,3631.47422974681,27847.2900390625,21528.2747830687,21501.723207359
1407.82592,1431.2448,23.4188799999999,28.2009600000001,0.29981341958046,0.00374784,0.29981341958046,0.00374784,0.0776899408346554,0.13134001037344,0.13134001037344,0.159380385136123,0.000160034980323568,0.000160034980323568,1.20419763882817,33187.8662109375,9155.2734375,42693173.8442671,-1691359.79617012,32890.052126165,4678.43565054972,22315.9790039062,17308.0666990129,16194.939609695
1459.44576,1485.14816,25.7023999999999,28.7641599999999,0.340615153312683,0.00367616,0.340615153312683,0.00367616,0.0809439296878448,0.149214127346401,0.149214127346401,0.166055921133167,0.000143027888446216,0.000143027888446216,1.1191235059761,32806.396484375,9155.2734375,50173783.7626793,-1956100.34051416,33681.5474869369,4218.79801757736,22315.9790039062,20999.753809755,17131.0012276724
1513.91232,1538.26304,24.3507200000001,31.0169599999999,0.332398921251297,0.00311296,0.332398921251297,0.00311296,0.0847344577772453,0.145614822132901,0.145614822132901,0.173832163723488,0.000127838519764507,0.000127838519764507,1.27375946173254,31661.9873046875,9155.2734375,43489054.6429166,-1806733.01379211,31852.4353486255,3746.18765185649,19836.42578125,19321.8713663148,18208.0858093525
1569.28,1593.94816,24.6681599999999,31.9795200000001,0.386890888214111,0.0100352,0.27895125746727,0.00397312,0.0893214567767128,0.169486253625795,0.122200871130797,0.183242360967814,0.000406807804068079,0.000161062681610627,1.29638854296389,33187.8662109375,9155.2734375,55830321.9371429,-2041734.75256777,33776.9931420348,3561.02751240961,25844.5739746094,20941.4071517494,16392.0771333664
1625.92768,1649.24416,23.31648,34.1401599999999,0.394635885953903,0.00940032,0.256354361772537,0.0039424,0.0888774984038528,0.17287912404804,0.112301792833679,0.182331583385921,0.000403162055335969,0.000169082125603865,1.46420729029425,32806.396484375,9918.212890625,47147241.9642157,-1846771.6978415,32230.8456688596,3227.77581664867,19836.42578125,18741.075193633,17428.2287894948
1683.38432,1709.58848,26.20416,30.6278400000001,0.414734125137329,0.0092672,0.344230622053146,0.003584,0.106176007646448,0.181683609672909,0.15079796472947,0.217819357423918,0.000353653771004299,0.000136772176631497,1.16881594372802,31280.517578125,9155.2734375,24026402.1674356,-1182432.52383185,29330.3047580816,4745.52666216096,17833.7097167969,14609.3174464989,14486.7297528615
1740.21632,1767.74144,27.52512,31.86688,0.43159031867981,0.0114688,0.389584809541702,0.0050688,0.122968712465937,0.189067844300645,0.170666386441751,0.25226947712865,0.000416666666666666,0.000184151785714286,1.1577380952381,33569.3359375,9536.7431640625,30153431.6682496,-1488469.47691624,32611.8921573925,3964.84749769911,24223.3276367188,18612.7077228274,18125.0892609213
1799.60832,1826.82624,27.21792,30.22848,0.541814744472504,0.0066048,0.541814744472504,0.0066048,0.132397094807702,0.237354132643832,0.237354132643832,0.271611739366168,0.000242663656884875,0.000242663656884875,1.11060948081264,33950.8056640625,9155.2734375,31578782.6345133,-1555414.60091253,33045.2727840688,4010.22521294154,24223.3276367188,19364.9093071473,18941.1089762959
1857.05472,1885.05088,27.9961599999999,31.1808000000001,0.602092981338501,0.00755712,0.452354848384857,0.00700416,0.129316772531223,0.263760369784088,0.198164213471434,0.265292479169877,0.000269934162399416,0.000250182882223849,1.11375274323336,35095.21484375,9536.7431640625,43208425.7325178,-1862599.95694764,35252.4014800905,3779.95725055233,24795.5322265625,21866.3261633371,18279.5315391622
1916.23168,1945.47712,29.2454399999999,31.3548800000001,0.667925477027893,0.008448,0.594519436359406,0.0068096,0.14768896623324,0.292599774900955,0.260442608099137,0.302982909572633,0.000288865546218488,0.000232843137254903,1.07212885154062,35095.21484375,9536.7431640625,27940508.3046546,-1435216.53361017,34516.3759977921,4189.53968435097,22888.18359375,18785.1577812009,18076.1407133384
1976.832,2005.80096,28.9689599999999,32.4608000000001,0.667000710964203,0.00858112,0.466059446334839,0.00677888,0.140418839900401,0.292194660331474,0.204167820779717,0.288068294855882,0.000296217744786144,0.00023400494874514,1.12053729232945,34713.7451171875,9536.7431640625,17032614.1044978,-1240889.71534316,33927.585767663,4019.72780583491,22888.18359375,21653.5038115423,21653.5038115384
2038.26176,2067.68128,29.4195199999997,32.62464,0.664005637168884,0.0077312,0.476393461227417,0.00480256,0.136708128592348,0.290882600904992,0.208694868385157,0.280455795849542,0.000262791507135401,0.000163243995823183,1.10894535328926,34713.7451171875,9155.2734375,38315545.604229,-1662780.22206281,34740.282141644,4077.19146598661,23651.123046875,20324.0660798466,15755.7787370783
2100.30592,2130.97472,30.6688000000004,26.24512,0.760600805282593,0.007424,0.760600805282593,0.007424,0.147277142741741,0.333198286439788,0.333198286439788,0.302138056481255,0.000242070116861433,0.000242070116861433,0.855759599332211,35476.6845703125,9918.212890625,44005541.0779138,-1824038.10846136,34901.9857553335,3386.90554505177,23651.123046875,23252.8524036775,14550.535228467
2157.21984,2188.4416,31.2217599999999,32.83968,0.739040911197662,0.0132608,0.730588257312775,0.00497664,0.171492708556573,0.323753490016974,0.320050614907255,0.351816125023887,0.000424729419481799,0.000159396523450312,1.05182026894064,37765.5029296875,9918.212890625,45376020.0928054,-2202704.69282406,39645.1216477614,2651.36693618111,22125.244140625,28923.5013355102,24539.8501365629
2221.28128,2251.8784,30.5971199999999,34.0377600000002,0.712286949157715,0.00423936,0.712286949157715,0.00423936,0.151684323320055,0.312033315327081,0.312033315327081,0.311179357457801,0.00013855421686747,0.00013855421686747,1.1124497991968,35095.21484375,9918.212890625,48711077.3999797,-2114956.06882249,37035.8687180739,2881.56133008924,29659.2712402344,26804.9375313894,19109.0454138986
2285.91616,2317.25056,31.3343999999997,31.9590400000002,0.686291217803955,0.00444416,0.686291217803955,0.00444416,0.15060713704688,0.300645300639661,0.300645300639661,0.308969517145946,0.000141830065359478,0.000141830065359478,1.01993464052289,35476.6845703125,9155.2734375,38626579.7226685,-1916602.71292084,36706.4842810998,2661.54651759603,22125.244140625,25419.4713716247,22130.2964282806
2349.2096,2378.71104,29.50144,31.4777599999998,0.590071558952332,0.00374784,0.590071558952332,0.00374784,0.13987476278258,0.258494115381225,0.258494115381225,0.286952124349759,0.00012703922249219,0.00012703922249219,1.06699062825407,35476.6845703125,9918.212890625,42829156.9973974,-1840673.48275967,35378.8292926291,3636.58000494593,24318.6950683594,22526.6080327832,17026.8055802768
2410.1888,2439.49568,29.3068800000001,31.232,0.598925471305847,0.00367616,0.598925471305847,0.00367616,0.142202704897089,0.262372770786255,0.262372770786255,0.291727881761838,0.000125436757512229,0.000125436757512229,1.06568832983927,35476.6845703125,9155.2734375,40628771.4432278,-1999528.46701151,36169.9643342391,3424.65288459621,24318.6950683594,25498.8257779113,23704.1646993481
2470.72768,2500.4032,29.6755200000002,30.5151999999998,0.617081105709076,0.01164288,0.559240341186523,0.00360448,0.146812250368564,0.270326254703663,0.244987807135072,0.301184332940115,0.000392339544513454,0.000121463077984816,1.02829537612145,35476.6845703125,9536.7431640625,39299763.6441283,-1782901.31112181,34932.6755689538,3692.40106861572,24318.6950683594,22142.4769270662,18299.7177101234
2530.9184,2562.7648,31.8463999999999,30.5152000000003,0.729836344718933,0.00459776,0.729836344718933,0.00459776,0.155484978678832,0.31972122268721,0.31972122268721,0.318976376072357,0.000144372990353698,0.000144372990353698,0.958199356913195,35858.154296875,9536.7431640625,36207050.4054641,-1843735.77086955,36842.4113999065,3312.174188774,22029.8767089844,24947.9622761114,21995.4027950618
2593.28,2628.1472,34.8671999999997,28.3340800000001,0.658962965011597,0.0044544,0.658962965011597,0.0044544,0.158083631589938,0.288673544971556,0.288673544971556,0.324307494842142,0.000127753303964759,0.000127753303964759,0.812628487518365,36239.6240234375,9536.7431640625,34343011.0813061,-1782470.22931375,36742.8216375676,3392.12746412635,22029.8767089844,25858.681563639,20398.2043681216
2656.48128,2687.71328,31.232,30.9350399999998,0.710700392723083,0.00427008,0.710700392723083,0.00427008,0.178913026265115,0.31133828860388,0.31133828860388,0.367038856326217,0.00013672131147541,0.00013672131147541,0.990491803278684,37384.033203125,9918.212890625,46160838.7404956,-2055917.05951395,37809.5186673678,4223.30702245743,22125.244140625,26599.9686133539,19183.373507721
2718.64832,2751.26272,32.6144000000004,29.6550399999996,0.747670590877533,0.00969728,0.626066088676453,0.00776192,0.17358327728212,0.327533915256978,0.27426232853849,0.356104912543245,0.00029733124018838,0.000237990580847721,0.909262166405002,36239.6240234375,9918.212890625,36487597.2864545,-1784502.82451301,36533.4535256411,3679.21422399059,22125.244140625,24248.7736382122,19388.6649862636
2780.91776,2814.09536,33.1776,31.6108800000002,0.717236995697021,0.009984,0.609735727310181,0.00766976,0.18046338631638,0.314201794525681,0.267108446519968,0.370219409425055,0.000300925925925926,0.000231172839506173,0.952777777777784,36239.6240234375,9536.7431640625,32872903.9647864,-1721543.09844396,36422.6735991873,3664.93237100873,22125.244140625,24146.6171490685,20931.7159849472
2845.70624,2879.41632,33.7100799999998,31.1500800000003,0.819808721542358,0.01010688,0.76288229227066,0.0081408,0.202745435247204,0.359135645570107,0.334197743118875,0.415930881232902,0.0002998177399757,0.000241494532199272,0.924058323207791,37384.033203125,9918.212890625,36078859.341146,-1840724.88327585,37439.693315853,3443.28788035658,22125.244140625,25904.3499795504,21052.0679538519
2910.5664,2943.04768,32.48128,31.8975999999998,0.95664381980896,0.01038336,0.634163737297058,0.00796672,0.211887483846241,0.41907933738662,0.277809685609161,0.434685731745,0.000319672131147541,0.000245271122320303,0.982030264817144,37384.033203125,9918.212890625,34111200.176889,-1821685.6446952,37628.5650791266,3378.11226606966,22125.244140625,25460.7681449946,23182.2208650098
2974.94528,3011.35872,36.4134400000003,28.1088,0.916253924369812,0.01036288,0.678088784217834,0.008192,0.198678832577019,0.401385635438979,0.297052040158539,0.407588273518101,0.000284589426321708,0.000224971878515184,0.771934758155224,37384.033203125,9918.212890625,31274250.121067,-1747237.69656956,37469.0652480854,3526.09613204382,22029.8767089844,26652.3576024833,22155.1992131199
3039.46752,3073.11616,33.6486399999999,31.0783999999999,0.928508341312408,0.01005568,0.790225327014923,0.0079872,0.209394076299505,0.40675395834665,0.346175974353415,0.429570523124289,0.000298843578819234,0.000237370663420573,0.923615337796713,36239.6240234375,9536.7431640625,33449027.023963,-1842110.77996426,36984.631138989,2144.60161125912,22029.8767089844,26612.0391501866,24112.4980334969
3104.19456,3138.57024,34.3756800000001,29.98272,0.933257162570953,0.01053696,0.702216148376465,0.0083456,0.210072152705482,0.408834286286045,0.307621574582023,0.430961592258531,0.000306523681858802,0.000242776288352695,0.8722073279714,36239.6240234375,9918.212890625,34272894.6846517,-1789853.10070871,37065.8285707871,3022.59531285121,22125.244140625,25708.6945074765,21027.5704675932
3168.55296,3204.1472,35.5942399999999,31.7132799999999,0.992901265621185,0.0113152,0.634645104408264,0.0088576,0.210669093104194,0.434962726848492,0.278020559296762,0.432186211425799,0.000317894131185271,0.00024884925201381,0.890966628308401,37765.5029296875,9536.7431640625,30996121.7476713,-1820309.74278703,39057.4262647206,3540.94383713954,22125.244140625,27928.7275725425,25522.0078541012
3235.86048,3268.95616,33.0956800000004,33.6895999999997,1.02902603149414,0.01051648,0.733716189861298,0.00800768,0.225065995299638,0.450787992879384,0.321420876098183,0.461721358344761,0.000317759900990096,0.000241955445544552,1.01794554455444,35858.154296875,9918.212890625,31951107.0701038,-1685467.14157012,36358.8624239259,3237.9042500699,22125.244140625,23670.558157253,20784.8656599891
3302.64576,3340.94336,38.2976000000003,29.6550399999996,0.995771646499634,0.01164288,0.70934385061264,0.00933888,0.218515599552214,0.436220161738761,0.310744024827739,0.448283266028018,0.000304010695187163,0.000243850267379677,0.774331550802123,37384.033203125,9918.212890625,29830738.2291921,-1766277.73254483,38676.4157202936,3036.31128162235,22029.8767089844,28399.4474569935,23891.2704000109
3370.5984,3406.4896,35.8912,32.5222400000002,0.902419865131378,0.01196032,0.551192224025726,0.005376,0.217376946733523,0.395325314702084,0.241462148434187,0.445947327516163,0.000333238231098431,0.000149786019971469,0.906134094151218,37384.033203125,9918.212890625,32344693.7766569,-1799138.36344653,38776.9614534425,2622.84920167342,22125.244140625,27130.0528423389,22907.5042104098
3439.01184,3478.82496,39.8131199999998,27.1564800000001,0.985069453716278,0.01368064,0.690987884998322,0.00932864,0.210070287157202,0.431531825529022,0.30270278131845,0.430957765098925,0.000343621399176956,0.000234310699588479,0.682098765432105,37765.5029296875,9918.212890625,34827086.6646305,-1921608.0705844,39909.312452389,3314.76007337045,22029.8767089844,31711.672707888,21301.3366143893
3505.98144,3543.20384,37.2224000000001,32.9523199999999,1.0382741689682,0.01451008,0.564427316188812,0.00550912,0.229519458444447,0.454839347463437,0.247260078174709,0.470857607691634,0.000389821182943603,0.000148005502063273,0.885281980742773,37384.033203125,9536.7431640625,27574743.1668381,-1721815.5383557,38856.9561339857,3082.74400712239,22125.244140625,27871.5581614505,25885.1053110454
3576.15616,3614.74048,38.5843199999999,32.4710399999999,1.02970778942108,0.0147456,0.611586570739746,0.00917504,0.213590362434949,0.45108665227002,0.26791925010434,0.438179175585896,0.000382165605095542,0.000237791932059448,0.841560509554139,37002.5634765625,9918.212890625,21540011.506885,-1506045.47178199,37766.8872956307,2894.24410029737,22125.244140625,26608.1734586592,26042.0536749077
3647.21152,3686.05184,38.8403200000002,31.6211199999998,1.13517689704895,0.0148992,0.652179479598999,0.0096768,0.236078907973897,0.497289766557919,0.285701886645836,0.484314273780616,0.000383601370946478,0.000249143158449774,0.814131294489839,37384.033203125,9918.212890625,25222818.6956742,-1655032.06358337,38552.5918775989,2488.89361586032,22125.244140625,28067.0999649503,26231.5758155893
3717.67296,3754.02496,36.3520000000003,36.0755199999999,1.26830852031708,0.01439744,0.607340455055237,0.00840704,0.238689632756639,0.555611067871038,0.266059143646028,0.489670157912943,0.000396056338028166,0.000231267605633801,0.992394366197171,35858.154296875,9536.7431640625,19431590.7261454,-1394480.42519958,35949.2936157828,2524.35881965621,22125.244140625,25022.5365000677,25013.9289486165
3790.10048,3828.57216,38.4716800000001,30.4844799999996,1.20715963840485,0.01463296,0.604605555534363,0.00864256,0.247303527509619,0.528823425090021,0.264861059411024,0.507341504402624,0.000380356667553898,0.000224647324993345,0.792387543252583,36621.09375,9536.7431640625,24878795.9882184,-1552539.68496158,37040.2489939043,3013.32625251255,20217.8955078125,25536.0108314047,22906.4463379705
3859.05664,3897.87648,38.8198400000001,33.73056,1.15206789970398,0.01573888,0.642238914966583,0.00678912,0.250605002216184,0.504689250100162,0.281347198774405,0.514114457304846,0.000405433922447902,0.000174887892376681,0.868900026378261,36621.09375,9536.7431640625,16652022.2051179,-1332744.89115842,37236.6751393964,2673.59761415599,19741.0583496094,26642.6793855506,26642.6793855262
3931.60704,3970.26304,38.6559999999999,34.3961600000002,1.33678305149078,0.01388544,0.625396192073822,0.00526336,0.253128442028569,0.585607876043454,0.273968865267694,0.519291276914244,0.000359205298013246,0.000136158940397351,0.889801324503319,37002.5634765625,9536.7431640625,18289437.9761813,-1341244.39591153,36138.2576727098,3072.87691965714,20980.8349609375,24662.1698018356,24517.4861074592
4004.6592,4042.37312,37.7139200000001,34.77504,1.24761652946472,0.01462272,0.687658250331879,0.00851968,0.256174760455029,0.546546475975857,0.301244159979078,0.52554077844353,0.000387727396144446,0.000225902796633179,0.922074395872926,36239.6240234375,9918.212890625,18061682.2022639,-1254118.82769504,35437.5616461867,3409.17758849964,19741.0583496094,21932.1890605087,21607.8883775491
4077.14816,4116.57216,39.4239999999995,34.01728,1.32801878452301,0.0154112,0.756774425506592,0.00889856,0.266690947547192,0.581768491815511,0.33152205473483,0.547114664726694,0.000390909090909096,0.000225714285714288,0.862857142857154,37002.5634765625,9536.7431640625,22091630.6674704,-1472817.45474137,37057.518609458,3087.18927019829,19741.0583496094,25366.9208695204,23728.3991361045
4150.58944,4190.12608,39.5366400000003,34.1606400000001,1.39414846897125,0.01573888,0.717805624008179,0.00893952,0.262109651383799,0.610738087151098,0.31445089494417,0.537716166811781,0.000398083398083395,0.000226107226107225,0.86402486402486,37002.5634765625,9536.7431640625,14551398.703532,-1212351.19515388,35961.3524853659,2922.25546793152,19073.486328125,25186.3334975013,25186.3334974811
4224.28672,4265.56416,41.2774399999998,35.8707199999999,1.38705933094025,0.01568768,0.745076715946198,0.00584704,0.263263187909284,0.607632530822652,0.326397610014652,0.540082639146875,0.000380054577028034,0.000141652195484992,0.86901513272141,37002.5634765625,9536.7431640625,15476953.2823047,-1279219.9086565,36955.8997332731,2646.04963801709,19073.486328125,26432.871326793,26432.8713267165
4301.43488,4341.7088,40.2739200000005,34.1606400000001,1.26546943187714,0.01636352,0.794427573680878,0.00587776,0.259493899769296,0.554367341337134,0.348016863001663,0.532349970168289,0.000406305619120259,0.00014594457157386,0.848207475209753,37002.5634765625,9536.7431640625,15925284.2595893,-1235041.01403192,36635.0772443754,3283.88300128089,19073.486328125,23980.8594677434,23909.3129628022
4375.86944,4421.4272,45.5577599999997,31.7337600000001,1.40499794483185,0.01700864,0.922268688678741,0.00676864,0.272966543659318,0.615490944024786,0.404020538198949,0.559989007460948,0.000373342324117782,0.000148572712969208,0.696561024949433,36621.09375,9536.7431640625,18627118.4896745,-1325606.67716672,37275.6309951134,3336.41553560168,20122.5280761719,25437.7916586727,21730.9095403168
4453.16096,4494.24384,41.0828799999999,37.6729599999999,1.40706849098206,0.01701888,0.955976009368896,0.00636928,0.281752090648584,0.616397993326407,0.418786788006248,0.578012497345704,0.000414257228315056,0.000155034895314058,0.916999002991025,37002.5634765625,9536.7431640625,13706619.646997,-1199552.44020501,36816.0997482545,2734.80704062831,19073.486328125,26146.9947958542,26146.9947958355
4531.9168,4572.63104,40.7142400000002,36.0140799999999,1.40737795829773,0.01641472,1.04983818531036,0.00592896,0.286572611777717,0.616533562443052,0.459905224863,0.587901763650505,0.000403169014084505,0.000145623742454727,0.884557344064379,38146.97265625,9536.7431640625,15600242.2372991,-1264865.98934216,36821.8370937409,2910.37428967837,19073.486328125,25639.2766035435,25638.3262285173
4608.64512,4652.544,43.8988799999997,34.1401599999999,1.34637105464935,0.0174592,1.02146935462952,0.00602112,0.281488189801064,0.589808116433191,0.447477620651292,0.577471106552204,0.000397714019127597,0.000137158852344298,0.777700023326338,36621.09375,9155.2734375,18007198.3128899,-1291720.09850992,36989.4204019498,3212.95824371585,20122.5280761719,24326.6506801477,22003.1836707997
4686.68416,4732.38528,45.7011200000006,32.1228799999999,1.40496492385864,0.01752064,1.06540369987488,0.00584704,0.290089391788385,0.615476478444928,0.466724048540846,0.595116413919479,0.000383374411830602,0.000127940846963924,0.702890432444532,37002.5634765625,9536.7431640625,16432636.403271,-1240202.27097796,36563.3577913851,3194.80757904617,20122.5280761719,24442.6656511934,22357.5538116789
4764.50816,4809.10336,44.5951999999997,37.0176000000001,1.49388670921326,0.0175616,1.02607381343842,0.00576512,0.302359795070974,0.654430666110186,0.449494707373331,0.620289062784236,0.000393800229621127,0.000129276693455799,0.830080367393808,36621.09375,9536.7431640625,17349550.9240524,-1262802.86284779,36832.4976937038,2991.54128147193,19073.486328125,24145.795338163,21811.3414972172
4846.12096,4890.5216,44.4006399999998,38.6559999999999,1.46053075790405,0.01852416,1.05632889270782,0.00618496,0.306913006789034,0.639818341561481,0.462748625195468,0.629629945650593,0.000417204797047972,0.00013929889298893,0.870618081180814,36621.09375,9155.2734375,14536867.8755907,-1185815.72843885,36851.1509828541,3010.45623328232,20122.5280761719,24372.5149200699,23992.7512443383
4929.1776,4975.33952,46.1619200000005,37.9494399999994,1.51147413253784,0.01772544,1.04359114170074,0.00603136,0.298839162576455,0.66213523238719,0.457168566932081,0.613066509170849,0.000383984028393962,0.000130656610470274,0.822094055013289,36621.09375,9155.2734375,13292586.2173116,-1134155.93613193,36149.4115881018,3202.75422379399,20122.5280761719,24355.1551623334,24029.339777738
5013.28896,5057.792,44.5030400000005,39.3727999999992,1.42465484142303,0.01794048,1.1172080039978,0.00564224,0.309873914584213,0.624102089602622,0.489418088889056,0.635704227850813,0.000403129314312006,0.000126783248964564,0.884721583064859,35858.154296875,9536.7431640625,11133682.3245529,-1065962.53053523,35729.1811988467,3072.47986149586,25367.7368164062,25388.0862797917,25388.0862797711
5097.1648,5144.77056,47.6057600000004,42.6086400000004,1.42243146896362,0.01841152,1.00697696208954,0.0118784,0.308301151948438,0.623128091299638,0.441128902207667,0.632477716002247,0.000386749838674981,0.000249516024951601,0.89503118950312,35476.6845703125,9155.2734375,14113303.5977574,-1141422.17722437,35743.9095609519,3221.01259779774,24175.6439208984,23803.4413659328,22353.1719415165
5187.3792,5234.03264,46.65344,39.7414399999998,1.47397649288177,0.01787904,1.19523537158966,0.0114176,0.33641621726723,0.645708548123694,0.523599731869772,0.69015558125089,0.000383230904302019,0.000244732221246707,0.851843722563647,37765.5029296875,9155.2734375,14168923.2489935,-1164544.42590707,36498.4138817966,3087.93638038505,23937.2253417969,24366.2541178659,23490.7262142794
5273.77408,5322.65984,48.8857600000001,36.7923199999996,1.41541886329651,0.01810432,1.27270710468292,0.01197056,0.337710048603227,0.620056061694184,0.557537966663784,0.692809867435395,0.000370339338081273,0.000244868035190615,0.752618349392532,35858.154296875,9536.7431640625,12529844.9646074,-1065342.49214042,35873.9845183214,3288.46006048435,23984.9090576172,23154.0209821894,22136.0342342881
5359.45216,5407.56992,48.1177600000001,38.72768,1.52797842025757,0.0129024,1.25517928600311,0.012032,0.349307120996091,0.669365306755938,0.549859511541757,0.716601182560217,0.000268142157905937,0.000250053202809108,0.804852096190677,37765.5029296875,9536.7431640625,15103670.2723223,-1200711.380449,36964.5375524025,3069.10579003278,24127.9602050781,24921.3440628644,22805.7298891492
5446.2976,5495.69536,49.3977599999998,38.8096000000005,1.42501604557037,0.01333248,1.05215680599213,0.00591872,0.323901859080425,0.624260323201787,0.460920948791638,0.664482460559636,0.000269900497512439,0.000119817578772803,0.785655058043131,35858.154296875,9155.2734375,11110531.5089736,-1038101.10726622,35899.4673138205,3026.82203975179,24175.6439208984,24328.3389436872,24168.6315174837
5534.50496,5583.5648,49.0598399999999,37.5910400000002,1.32299637794495,0.01954816,1.18459224700928,0.00571392,0.347385589274342,0.579568313674767,0.518937271814617,0.712659173304277,0.000398455437278231,0.000116468378209142,0.766228344813198,37384.033203125,9536.7431640625,12206905.5977406,-1031146.79172186,35381.703241634,3463.37146109302,24127.9602050781,22344.2494601846,21207.4873668342
5621.15584,5671.10656,49.9507199999998,40.5094399999998,1.46510219573975,0.013056,1.19304633140564,0.0121856,0.347228714179442,0.641820962703662,0.522640773592055,0.712337345114234,0.000261377613776139,0.000243952439524396,0.810988109881098,35858.154296875,9536.7431640625,14079455.158444,-1178469.04775243,36792.1467793592,2816.86613583161,23937.2253417969,25584.4516021874,23736.0888996956
5711.616,5765.1712,53.5551999999998,40.4889600000006,1.74265432357788,0.01364992,1.40286159515381,0.01302528,0.360237092245506,0.763408913638086,0.61455506800807,0.739023944227214,0.000254875717017209,0.000243212237093691,0.756022944550683,37002.5634765625,9155.2734375,12360800.8737944,-1096889.66974922,36360.5160176507,2830.40964965963,24127.9602050781,25377.2443919069,23291.3978422611
5805.66016,5856.45056,50.7903999999999,42.9056,1.48915672302246,0.01419264,1.12600195407867,0.01256448,0.367893283461243,0.652358589295763,0.493270476472178,0.754730568425023,0.000279435483870968,0.000247379032258065,0.844758064516132,37002.5634765625,9155.2734375,11253223.3509433,-1021029.06052855,36090.1136559349,3081.27946681837,23984.9090576172,23491.1488956402,22828.9309943778
5899.35616,5952.7168,53.3606399999999,42.3321599999999,1.75416588783264,0.01379328,1.41269552707672,0.0132096,0.375748651123837,0.768451813221268,0.618863043023246,0.770845801748661,0.000258491652274036,0.0002475532527346,0.793321819228555,37384.033203125,9155.2734375,12677052.4693225,-1116918.20194275,36731.723370887,2705.67730882686,24127.9602050781,25699.9627759817,23503.364570801
5995.04896,6046.69952,51.65056,47.0220799999997,1.55584681034088,0.01381376,1.07278037071228,0.01019904,0.374603995119939,0.681573681710452,0.469955565080905,0.768497547743191,0.000267446471054718,0.00019746233148295,0.910388580491667,35476.6845703125,9536.7431640625,16994216.3667248,-1258855.93055835,37477.2739742691,2799.49797488391,24127.9602050781,26941.4528722688,19683.7773145896
6093.7216,6147.80928,54.0876800000005,44.5951999999997,1.84383904933929,0.0130048,1.84383904933929,0.0130048,0.375565002075316,0.807735158106177,0.807735158106177,0.770469046974892,0.000240439227565314,0.000240439227565314,0.824498296099949,36621.09375,9155.2734375,7636151.76383607,-867072.295515604,34458.663880519,2382.50615080372,24127.9602050781,24558.5415274357,24558.5415273954
6192.40448,6246.57408,54.1696000000002,43.2947199999999,1.54456257820129,0.01466368,1.03898108005524,0.01134592,0.378676876141724,0.676630370072355,0.455149025761474,0.776853035453592,0.000270699432892249,0.000209451795841209,0.799243856332698,37384.033203125,9155.2734375,9361994.03219155,-956705.269247947,36311.6896573743,2762.05135508207,23984.9090576172,24529.9996048843,24353.0160930602
6289.8688,6345.17504,55.3062399999999,47.27808,1.65309882164001,0.0139776,1.36737990379333,0.01327104,0.391777141517221,0.724177112173104,0.599011515228234,0.80372814075681,0.000252730975745233,0.000239955563784485,0.854841695982228,36621.09375,9155.2734375,9207218.22397627,-950756.715235011,35982.3537427326,2746.62679619265,24127.9602050781,24668.6456812695,24419.9224309813
6392.45312,6449.34656,56.8934399999998,44.0627199999999,1.65598118305206,0.01427456,1.47238314151764,0.01419264,0.400119729167458,0.725439795405523,0.645010544728826,0.820842902570782,0.00025089992800576,0.000249460043196545,0.77447804175666,37384.033203125,9155.2734375,9521445.73927082,-970139.274555766,36282.7969476954,2645.89884463121,23937.2253417969,25048.763329284,24374.9402848306
6493.40928,6551.23456,57.82528,45.6806400000005,1.77777290344238,0.01378304,1.77777290344238,0.01378304,0.386642602462399,0.778793397261796,0.778793397261796,0.793194668813567,0.000238356649548433,0.000238356649548433,0.789976978926872,37002.5634765625,9155.2734375,9674740.77682811,-964453.556366862,35909.1345557379,2853.62683315545,24127.9602050781,24652.3717728253,23419.7566313502
6596.9152,6655.58016,58.6649600000001,44.8921599999994,1.75627541542053,0.01439744,1.75627541542053,0.01439744,0.409047742964857,0.769375939218245,0.769375939218245,0.839158662143292,0.000245418048525048,0.000245418048525048,0.765229533950068,37765.5029296875,9155.2734375,8486523.29260799,-913757.467810126,35898.2656680615,2633.55158427958,24127.9602050781,24794.3439375518,24398.5174119023
6700.47232,6761.92256,61.4502400000001,46.4793600000003,1.95943868160248,0.01451008,1.95943868160248,0.01451008,0.411416321673677,0.858376176516421,0.858376176516421,0.844017785252168,0.000236127312114647,0.000236127312114647,0.756373937677057,37384.033203125,9155.2734375,9159285.80684276,-953631.124854453,36318.6758805812,2631.35908157867,24127.9602050781,25630.1005497994,24014.1892975995
6808.40192,6869.61664,61.2147199999999,49.2851199999996,1.72968864440918,0.01466368,1.72968864440918,0.01466368,0.415508205141829,0.757729006318064,0.757729006318064,0.852412256352025,0.0002395449983272,0.0002395449983272,0.805118768818996,36239.6240234375,9155.2734375,7368614.77780422,-830656.374330905,35454.1574826822,2703.42147740697,24127.9602050781,23583.1120068197,23236.4150013971
6918.90176,6982.78912,63.8873600000006,48.0665599999993,1.81711280345917,0.01603584,1.63561570644379,0.01595392,0.414146821330242,0.796027125103348,0.716518240417311,0.849619386723375,0.000251001763103059,0.00024971950633114,0.752364160923207,37002.5634765625,9155.2734375,8327452.51491466,-902327.202406648,36496.5688423807,2617.59804373123,23937.2253417969,25228.1418397486,23658.0162043071
7030.85568,7096.1152,65.2595200000005,48.2201599999999,1.97373199462891,0.01435648,1.97373199462891,0.01435648,0.435817559338283,0.86463768370242,0.86463768370242,0.894076758331579,0.000219990585281655,0.000219990585281655,0.73889847795386,37765.5029296875,9155.2734375,6372069.12346616,-793278.731374946,35475.7524723381,2517.57398302552,23937.2253417969,24747.2777316677,24631.5897070476
7144.33536,7212.72832,68.3929600000001,46.99136,1.81772792339325,0.01384448,1.81772792339325,0.01384448,0.440032812671902,0.796296592222719,0.796296592222719,0.902724321871218,0.000202425512801317,0.000202425512801317,0.687078904027548,38528.4423828125,9155.2734375,8157492.46448199,-906309.865977065,36731.1652510512,2535.55857675884,23937.2253417969,26518.4612537969,23827.7523151304
7259.71968,7328.62464,68.9049599999998,50.6060799999996,2.15592479705811,0.0154112,2.15592479705811,0.0154112,0.436556853313373,0.944451337789359,0.944451337789359,0.895593414892425,0.000223658790310596,0.000223658790310596,0.734433050973394,38146.97265625,9155.2734375,9067529.38702959,-939823.192026007,36947.1642138142,2666.50846661014,23937.2253417969,26998.1649962221,21706.8155017316
7379.23072,7450.3168,71.08608,46.5612800000008,1.85543489456177,0.01673216,1.85543489456177,0.01673216,0.421855871143699,0.812814978862498,0.812814978862498,0.865434449974836,0.000235378853356381,0.000235378853356381,0.654998559492952,37384.033203125,9155.2734375,7463707.59499907,-842094.470409035,36275.007100604,2884.46512959143,23937.2253417969,25359.3903736977,22145.3580155799
7496.87808,7567.33952,70.46144,51.7939199999992,2.04190969467163,0.014336,2.04190969467163,0.014336,0.449294832626412,0.894504458323046,0.894504458323046,0.921725292802963,0.000203458799593082,0.000203458799593082,0.735067577386995,37765.5029296875,9155.2734375,7202148.60113719,-817184.013401378,35586.2814282614,2797.76011661168,23937.2253417969,24537.8218717405,21822.6303297259
7619.13344,7695.31904,76.1856000000007,54.8454400000001,2.15562462806702,0.01521664,2.15562462806702,0.01521664,0.459239851170393,0.94431984201289,0.94431984201289,0.942127430694906,0.000199731182795697,0.000199731182795697,0.719892473118274,38528.4423828125,9155.2734375,6301577.67068458,-782189.323706263,35998.4469698614,2738.47582278276,23937.2253417969,25529.3382247975,23015.6581737099
7750.16448,7826.29888,76.1343999999999,50.3398399999996,1.92566895484924,0.0160256,1.92566895484924,0.0160256,0.455047794677715,0.84358258832986,0.84358258832986,0.93352745531666,0.00021049092131809,0.00021049092131809,0.661197041022188,38528.4423828125,9155.2734375,6383372.71654464,-810911.540900019,36937.7380014956,2459.14579150432,23794.1741943359,26769.6880339652,24737.3828591426
7876.63872,7951.27808,74.6393600000001,53.5756799999999,1.9908561706543,0.01526784,1.9908561706543,0.01526784,0.474894502614751,0.872139314082937,0.872139314082937,0.974242841642169,0.000204554808615722,0.000204554808615722,0.717793936068046,38146.97265625,9155.2734375,6036433.23137822,-755129.257245275,35882.8784260044,2803.55423641615,23794.1741943359,24498.3607234753,22733.1893379596
8004.85376,8083.21024,78.3564800000004,53.93408,1.96999716758728,0.01608704,1.96999716758728,0.01608704,0.465799853478696,0.863001558731508,0.863001558731508,0.955585230805944,0.000205305802404599,0.000205305802404599,0.688316779926813,38528.4423828125,9155.2734375,6171180.75300313,-762844.878843573,36144.6398770853,2797.65417318697,20122.5280761719,25264.7750658025,21884.4067775159
8137.14432,8219.77088,82.6265599999997,48.1484799999998,1.83827459812164,0.01757184,1.83827459812164,0.01757184,0.450508556976099,0.805297525122064,0.805297525122064,0.92421524004998,0.000212665757838642,0.000212665757838642,0.582724005452968,38146.97265625,9155.2734375,6417878.69988209,-791613.273666077,36911.3642018992,2684.91578658418,20122.5280761719,27228.3479660008,21592.4712443438
8267.91936,8349.22496,81.3055999999997,55.6953599999997,2.06565403938293,0.0187904,2.06565403938293,0.0187904,0.458485548134254,0.904906202464642,0.904906202464642,0.940579983147418,0.00023110831234257,0.00023110831234257,0.685012594458437,37765.5029296875,9155.2734375,5179677.31244722,-708134.935907089,36249.6672969161,2545.35791853043,24127.9602050781,25071.4597810344,23334.5579403115
8404.92032,8487.18848,82.2681600000014,54.9887999999992,1.937056183815,0.04169728,1.66165804862976,0.01808384,0.462265045454401,0.848571020043758,0.727926674027923,0.948333596189651,0.000506845904904148,0.000219815782922575,0.668409260642249,37765.5029296875,9155.2734375,5551029.09983639,-732081.758417853,36422.848264813,2767.03410136828,20122.5280761719,25616.8919505847,22657.3759041385
8542.17728,8626.25792,84.0806400000001,58.3065599999991,1.94949233531952,0.028672,1.80175542831421,0.0095232,0.47653966122867,0.854018955862957,0.789299481578685,0.977617873347426,0.000341005967604433,0.000113262696382901,0.693459992692717,38528.4423828125,9155.2734375,6158272.21954711,-790637.42593079,37683.244662797,2480.64848915771,24127.9602050781,27812.4248916436,22941.0626371116
8684.56448,8771.86048,87.2960000000003,56.4940800000004,1.81681060791016,0.02951168,1.81217968463898,0.01820672,0.481000574813171,0.79589474154761,0.793866061472761,0.986769407220645,0.000338064516129031,0.000208563049853372,0.647155425219944,37765.5029296875,9155.2734375,4997227.73437916,-673823.101166135,35601.8267938525,2738.07164092299,19645.6909179688,24688.7173560164,20740.22966373
8828.35456,8919.90016,91.5455999999995,60.5900799999999,2.14906930923462,0.01891328,2.14906930923462,0.01891328,0.483832283252715,0.941448137188426,0.941448137188426,0.99257863782166,0.000206599552572708,0.000206599552572708,0.661856823266223,38528.4423828125,9155.2734375,5386328.28046571,-720177.225332846,37060.3723865,2661.58170750602,23937.2253417969,27357.1171853133,20788.4102211529
8980.49024,9074.41152,93.9212800000005,62.0544000000009,2.28272724151611,0.0178688,2.28272724151611,0.0178688,0.478681751525169,1,1,0.982012357019114,0.000190252943741822,0.000190252943741822,0.660706498037512,37765.5029296875,8773.8037109375,5407083.81933847,-707911.860006473,36219.8043572789,2467.43970454812,20122.5280761719,27550.0070728718,18790.9832647166
9136.46592,9231.59552,95.1296000000002,59.8835199999994,1.79337334632874,0.03622912,1.71884381771088,0.01943552,0.46208805541536,0.785627522076459,0.752978186114464,0.947970502328533,0.000380839612486544,0.000204305705059203,0.629494079655536,37765.5029296875,9155.2734375,4068365.01651275,-618344.711946104,35900.9760743995,2856.36305930597,20098.6862182617,24985.0031203391,22005.6430826498
9291.47904,9386.55744,95.0784000000003,60.5081599999994,1.90021586418152,0.01984512,1.90021586418152,0.01984512,0.466233027110692,0.832432289597358,0.832432289597358,0.956473883565317,0.000208723747980613,0.000208723747980613,0.636402800215393,38528.4423828125,9155.2734375,4290018.64959326,-638454.432718956,36323.1490868544,2847.5393882751,23937.2253417969,25586.5596745299,21921.8771367916
9447.0656,9542.57408,95.5084800000004,59.5353599999999,1.87900626659393,0.05159936,1.79962730407715,0.01980416,0.487449824947418,0.823140948432349,0.788367208901355,1,0.000540259461777632,0.000207354990886672,0.62335155998713,38146.97265625,9155.2734375,3647037.8555301,-589259.7254523,35876.8817629032,2504.16545330654,23937.2253417969,24592.5063426534,23011.4964049325
9602.10944,9702.17472,100.065280000001,60.4364799999985,2.00895953178406,0.02034688,2.00895953178406,0.02034688,0.463244223473434,0.88006989851743,0.88006989851743,0.950342373234833,0.000203336062218582,0.000203336062218582,0.603970528039277,38146.97265625,9155.2734375,4041962.81497487,-618388.983868797,36455.8942374131,2497.33740669971,23770.3323364258,25897.5161158591,21406.8495789821
9762.6112,9868.63616,106.024960000001,65.5052799999994,1.83096992969513,0.03320832,1.78249704837799,0.01967104,0.481360837255418,0.802097550857219,0.780862915183031,0.987508483170227,0.000313212285107203,0.000185532161483484,0.617828858412198,37002.5634765625,8773.8037109375,3397051.04694718,-546393.710667967,34692.9073318171,2602.73349184524,19621.8490600586,24197.8226704255,19744.1280746847
9934.14144,10043.19744,109.056,66.2425600000006,1.89286231994629,0.02080768,1.89286231994629,0.02080768,0.474115349366286,0.82921090418543,0.82921090418543,0.972644414053137,0.000190798122065727,0.000190798122065727,0.60741784037559,37765.5029296875,9155.2734375,3560040.51340248,-580965.929817584,36173.4538985016,2382.60203621056,19645.6909179688,26386.6504987571,21017.5069638597
10109.44,10218.60864,109.16864,63.1705600000005,1.82297360897064,0.05605376,1.78183686733246,0.0201216,0.463165399933231,0.79859458275001,0.780573708030496,0.950180667278305,0.000513460275771504,0.000184316668229997,0.57865115842792,37384.033203125,9155.2734375,3282015.35687959,-549290.525887647,35731.0213286918,2582.82863939165,20122.5280761719,25114.7549064763,20850.9234453154
10281.7792,10396.98944,115.210239999999,65.9353600000013,2.04701209068298,0.0597504,1.90516519546509,0.02286592,0.47043382488176,0.896739677633769,0.834600455462098,0.965091791616719,0.000518620567060712,0.000198471247000269,0.572304684028105,37765.5029296875,9155.2734375,3285488.83741661,-553705.951144014,36412.0614581422,2524.9094025456,17786.0260009766,26475.2597605491,20182.9899549693
10462.9248,10575.616,112.691199999999,62.4844799999992,1.79942965507507,0.02589696,1.79942965507507,0.02589696,0.462690058883811,0.788280624311449,0.788280624311449,0.949205508348929,0.000229804634257157,0.000229804634257157,0.554475238527938,37384.033203125,9155.2734375,2994917.54996258,-529616.766766793,36182.7595324126,2359.1795481337,24151.8020629883,25178.5360823445,21649.7729061314
10638.10048,10755.65568,117.555200000001,62.9862400000002,1.95922601222992,0.02182144,1.95922601222992,0.02182144,0.456566980987606,0.85828301191546,0.85828301191546,0.936644055697129,0.000185627177700347,0.000185627177700347,0.535801393728221,37765.5029296875,8392.333984375,3095377.8091298,-544146.597085069,36039.5149319657,2231.9209357366,19454.9560546875,26637.1319290647,21191.5395000024
10818.64192,10936.6784,118.036480000001,66.9695999999985,1.89633369445801,0.04637696,1.77170217037201,0.02591744,0.470118942651854,0.83073161785134,0.776133976127302,0.964445812864055,0.000392903617593474,0.00021957144096469,0.567363581157267,37765.5029296875,8773.8037109375,2513968.22669083,-499503.23935423,36884.8530532543,2420.47910609734,19097.3281860352,25689.9982854902,23933.4637318793
11003.648,11124.43904,120.79104,65.8124800000005,1.77665984630585,0.0455168,1.57382214069366,0.02550784,0.447569672598533,0.77830579755374,0.689448179384052,0.918186138741177,0.000376822651746354,0.000211173279077653,0.544845710410312,37765.5029296875,8773.8037109375,2844032.88496063,-510582.034922551,35957.0666148053,2335.94944002749,24151.8020629883,25653.8085371235,20177.9433176287
11190.25152,11328.1024,137.85088,50.0326399999994,1.7866427898407,0.04117504,1.45062148571014,0.02440192,0.415525547025138,0.78267905045636,0.635477362046413,0.852447833107667,0.000298692616253157,0.00017701678799584,0.362947556083787,37765.5029296875,8773.8037109375,2061564.04188067,-436697.070109157,35239.8346143984,2513.03561492239,19073.486328125,25229.1061405134,21023.4519909704
11378.13504,11490.72384,112.588800000001,60.3238399999991,1.74038922786713,0.05118976,1.15776693820953,0.02036736,0.413429058248666,0.762416637526618,0.507185842072215,0.848146900644108,0.00045466120964074,0.000180900409276942,0.535788994997712,37002.5634765625,9155.2734375,2823145.89394286,-539112.410676472,38562.1411464753,2281.85382351073,19073.486328125,26563.7266941049,24911.1504465027
11551.04768,11682.99008,131.9424,49.5206400000006,1.95009922981262,0.04328448,1.31419253349304,0.02746368,0.393431064024283,0.854284819642941,0.575711591639918,0.807121151529231,0.000328055878928987,0.000208149010477299,0.375320139697328,37765.5029296875,8773.8037109375,2423029.19312364,-510174.905066929,37989.0621228508,1863.40741120332,20146.369934082,28577.7004611956,25131.6782457558
11732.51072,11863.73632,131.2256,53.0841600000003,1.81080996990204,0.04595712,1.1595870256424,0.02807808,0.392967122154162,0.79326602713137,0.507983172300618,0.806169377938645,0.000350214592274679,0.000213968006242685,0.404525946156851,38146.97265625,8773.8037109375,2271591.29531048,-472226.003749632,36777.738117364,2414.81398982393,19717.2164916992,26232.9821068131,22850.9794447344
11916.82048,12043.4176,126.59712,56.6579199999996,1.65910708904266,0.04294656,1.37449884414673,0.02750464,0.401899707370307,0.726809168817181,0.602130127134169,0.824494515745615,0.000339238049017228,0.000217261182560866,0.447545094232787,37765.5029296875,8773.8037109375,2243846.5101179,-471817.700054941,36436.8975408374,2044.81810007546,19431.1141967773,25835.9659922049,23769.0136507766
12100.07552,12213.248,113.172479999999,68.0857599999999,1.73848986625671,0.04651008,0.977199375629425,0.02593792,0.3751917879479,0.761584579462093,0.428084160848057,0.76970340073129,0.00041096634093377,0.000229189287006878,0.601610568222949,35095.21484375,8773.8037109375,2069393.00350756,-428470.819659681,34314.747749531,2536.10796088905,19693.3746337891,22371.4538157048,21986.2985113391
12281.33376,12403.92704,122.593280000001,64.5119999999988,1.75074923038483,0.04919296,1.25738716125488,0.02531328,0.370533130869066,0.766955069595628,0.550826720944447,0.760146197424597,0.000401269629134644,0.000206481790845304,0.526227865018362,37765.5029296875,8773.8037109375,2643477.41418349,-503093.406011292,36288.7708230355,2093.28704309469,21338.4628295898,25926.4126534531,21946.7518662989
12468.43904,12586.00448,117.56544,76.7488000000012,1.5924117565155,0.04974592,1.0215163230896,0.02686976,0.347937740571557,0.697591778620855,0.447498196241414,0.713791907934502,0.000423133873355978,0.000228551519902447,0.652817698806733,37384.033203125,8773.8037109375,2054754.97849851,-438792.727241437,35654.39393441,2693.80279673253,18906.5933227539,23665.281861972,23186.7914821115
12662.75328,12770.32448,107.571199999998,79.13472,1.7023606300354,0.03540992,0.839411973953247,0.01001472,0.348109743287522,0.745757355094579,0.367723291108462,0.714144770336256,0.000329176582579729,9.30985245121384e-05,0.735649690623523,32806.396484375,9155.2734375,1995140.9716436,-407756.81749708,31933.1911540266,2033.59908454604,19693.3746337891,20891.648896218,20775.9905808227
12849.4592,12918.80448,69.3452800000014,70.4819200000002,0.862582743167877,0.03149824,0.714010775089264,0.01465344,0.209626934535481,0.377873767605707,0.312788476040195,0.430048230211373,0.000454223272297687,0.000211311281748372,1.01639102185468,29754.638671875,9918.212890625,3428842.957096,-495569.92449948,30428.5903328688,2952.54106367733,17976.7608642578,17876.9253710618,17876.9253709623
12989.2864,13061.69344,72.4070399999982,75.2025600000015,0.81769984960556,0.03680256,0.744152724742889,0.008448,0.253475319138716,0.358211806795835,0.325992834890185,0.520002892946076,0.000508273228680538,0.000116673737802294,1.03860840050917,33187.8662109375,8773.8037109375,3270107.96530488,-536845.066216737,33307.0940448424,2809.71334070196,22220.6115722656,21726.907371334,21726.9073712912
13136.896,13191.03488,54.1388799999986,81.3363200000003,0.781539082527161,0.0256,0.518802165985107,0.01150976,0.1796942666233,0.342370769627337,0.227272955151898,0.368641565606642,0.00047285795347079,0.000212596935880467,1.5023642897674,28610.2294921875,9918.212890625,5472766.25957481,-659263.633168013,30546.899793804,1792.89177458215,17929.0771484375,19651.0165147693,19651.0165147392
13272.3712,13289.56416,17.1929600000003,67.8604799999994,0.181903466582298,0.0044544,0.162203505635262,0.00210944,0.0513943790480619,0.0796869040128876,0.0710568931255804,0.105435219006604,0.000259082787373432,0.000122692078618223,3.9469922572959,39672.8515625,19836.42578125,-35838243.2399604,674625.190875525,23249.2174421038,9436.85620747116,23460.3881835938,5344.53350468022,1005.09542794644
13357.42464,13401.11872,43.6940800000011,0,0.53908771276474,0.02284544,0.138067573308945,0.00801792,0.0966899408289537,0.236159495081285,0.0604836052235679,0.198358755876841,0.00052284977736113,0.000183501288961795,0,30136.1083984375,12588.5009765625,9447992.28525387,-808421.97887995,30351.4197427018,1013.07942728637,17833.7097167969,17301.1040688239,17285.4063674418
