note.starts,note.ends,note.durs,INI,pk.amps,pk.times,qpk.amps,qpk.times,note.rmss,rel.pk.amps,rel.qpk.amps,rel.note.rmss,rel.pk.tm,rel.qpk.tm,rel.INI,max.Hz,min.Hz,FMa,FMb,FMc,FM.resid,note.DF,arcL,chordL
998.93248,1021.97248,23.04,26.5215999999999,0.196212232112885,0.01027072,0.130046859383583,0.0011776,0.0472855969315013,0.0713446573544037,0.0472862905784598,0.0788846938297455,0.000445777777777779,5.11111111111112e-05,1.15111111111111,29754.638671875,10681.15234375,60609698.6611668,-1924186.6854599,29761.3311232182,3543.67513392695,15068.0541992188,18384.6334409097,12159.1118202063
1048.49408,1072.95744,24.46336,36.3622400000002,0.233642086386681,0.01083392,0.166296556591988,0.0034816,0.0476622929522619,0.0849545128625603,0.0604670296113179,0.0795131209236793,0.000442863122645459,0.000142318961908749,1.48639598158226,32043.45703125,8773.8037109375,27939712.5613318,-1472555.99310919,30534.2136469102,3987.37938152054,14305.1147460938,19302.9792482423,19302.9792482342
1109.31968,1127.55712,18.2374399999999,31.9488000000001,0.13966903090477,0.00452608,0.13966903090477,0.00452608,0.0317871794823061,0.0507850048165682,0.0507850048165682,0.0530292961048018,0.000248175182481754,0.000248175182481754,1.75182481751827,40435.791015625,9536.7431640625,35533236.9145138,-1520155.43010618,26655.1971435547,7590.69434937594,14305.1147460938,15905.2389790438,15905.2389790408
1159.50592,1183.52896,24.02304,28.0268799999999,0.287930607795715,0.01073152,0.199447780847549,0.00571392,0.060069341523362,0.104694342110191,0.0725211340365269,0.100211310042024,0.000446717817561807,0.000237851662404092,1.16666666666666,31661.9873046875,8773.8037109375,36369092.7424015,-1570843.09973935,29805.1188762923,4069.38981582442,14972.6867675781,17176.1107577619,16747.5885858833
1211.55584,1237.27872,25.72288,27.3407999999999,0.312428623437881,0.01174528,0.111507400870323,0.00406528,0.0546235973695956,0.113602056542835,0.0405451649059087,0.0911263901483973,0.000456608280254777,0.000158041401273885,1.06289808917197,30517.578125,9918.212890625,25991208.8813476,-1419950.62355158,30190.8517812754,2726.19904323418,14972.6867675781,19327.7058419132,19327.7058419029
1264.61952,1288.74496,24.12544,28.3033600000001,0.283617556095123,0.01120256,0.137848198413849,0.004096,0.0615820767723629,0.103126074972016,0.0501229325860775,0.102734946512887,0.000464346349745331,0.000169779286926995,1.17317487266554,32424.9267578125,9536.7431640625,26826707.0228605,-1512674.05514228,31119.3251072016,2948.71711832485,14972.6867675781,20879.794966124,20879.7949661199
1317.04832,1343.76448,26.7161599999999,25.0675200000001,0.372085332870483,0.0118272,0.244415044784546,0.00412672,0.0735533453196284,0.135293810657897,0.0888716642924812,0.122706141028475,0.000442698351858951,0.000154465312380223,0.938290532771181,32806.396484375,9536.7431640625,40022007.4555058,-1786197.96926279,33379.354966959,3336.99980520351,14972.6867675781,20704.8441869917,19154.5146407901
1368.832,1397.53472,28.70272,25.4668799999999,0.406859189271927,0.00467968,0.406859189271927,0.00467968,0.0982042003205584,0.147937919759234,0.147937919759234,0.163830188848084,0.000163039600428113,0.000163039600428113,0.887263646093469,34713.7451171875,8773.8037109375,37111915.8993842,-1806376.64811077,35031.8878535697,4258.25499627748,32138.8244628906,22688.1589170743,21273.4146543432
1423.0016,1450.02496,27.0233599999999,27.6480000000001,0.321394115686417,0.01318912,0.294254332780838,0.00436224,0.0792070811719274,0.116861995872801,0.106993709419806,0.132138045258191,0.000488063660477455,0.000161424782114438,1.02311481621827,33569.3359375,8773.8037109375,38105042.3828225,-1795287.45644725,33857.753760124,4407.4567519765,27656.5551757812,21603.7047376118,20688.0353238096
1477.67296,1508.99712,31.3241599999999,26.07104,0.31544354557991,0.00474112,0.31544354557991,0.00474112,0.0739172166506421,0.114698311270978,0.114698311270978,0.123313173199012,0.000151356652500818,0.000151356652500818,0.832298136645967,33187.8662109375,8773.8037109375,47237643.6807676,-2098502.09571736,34907.4143629808,3229.59193344272,27656.5551757812,27228.2057445125,19384.0977280179
1535.06816,1563.4432,28.3750399999999,27.8118400000001,0.302843689918518,0.01384448,0.30122372508049,0.00457728,0.0790390142832714,0.110116882400836,0.109527847583532,0.1318576659056,0.000487910501623964,0.00016131360519668,0.980151569830392,33569.3359375,8773.8037109375,34447631.3964723,-1856950.9215329,34266.6867222239,2173.65943316961,16117.0959472656,25095.0648000234,24955.7910080454
1591.25504,1618.92352,27.66848,28.9996799999999,0.436633765697479,0.00444416,0.436633765697479,0.00444416,0.0994470862370009,0.1587642425123,0.1587642425123,0.165903646335063,0.000160621761658031,0.000160621761658031,1.0481125092524,34332.275390625,9536.7431640625,45198802.9788108,-1908018.20168214,34929.3584408968,3344.85449703199,27656.5551757812,22082.202145099,18190.2555211587
1647.9232,1676.67712,28.7539200000001,25.1084799999999,0.425813883543015,0.00407552,0.425813883543015,0.00407552,0.0968369109504771,0.154830029152548,0.154830029152548,0.161549193992679,0.000141737891737891,0.000141737891737891,0.873219373219365,33950.8056640625,8773.8037109375,25561458.9661721,-1547445.40664611,33709.1830408149,3096.0670405717,27656.5551757812,23361.2160547338,23361.2160547222
1701.7856,1731.34848,29.5628800000002,27.1155199999998,0.427824407815933,0.00380928,0.427824407815933,0.00380928,0.0957999943063531,0.155561075141931,0.155561075141931,0.159819346908012,0.000128853481122271,0.000128853481122271,0.917215102182185,33569.3359375,8773.8037109375,35438118.3410842,-1768176.84353896,33957.4399201766,3226.91520750578,27656.5551757812,22810.6248228141,21300.7646554393
1758.464,1790.24896,31.78496,24.1152000000002,0.602601408958435,0.0054272,0.602601408958435,0.0054272,0.116804209776459,0.219111676068626,0.219111676068626,0.194859850021329,0.000170747422680413,0.000170747422680413,0.758698453608254,35858.154296875,9155.2734375,41731348.5473187,-2002067.74661739,37136.8929871127,3223.88789060211,27656.5551757812,26549.6328032733,21475.1427699239
1814.36416,1846.50752,32.14336,24.7295999999999,0.53417980670929,0.0052224,0.53417980670929,0.0052224,0.114132158410767,0.194232922509082,0.194232922509082,0.190402172259846,0.000162472124880535,0.000162472124880535,0.769353297228413,35095.21484375,8773.8037109375,45795152.6322529,-2133709.85510358,37366.0356570513,3053.17148252282,27656.5551757812,28438.1684772963,21269.2541694522
1871.23712,1903.01184,31.7747199999999,23.5110400000001,0.649648904800415,0.00500736,0.649648904800415,0.00500736,0.130003257700845,0.23621859868035,0.23621859868035,0.216879300380972,0.000157589429584274,0.000157589429584274,0.739929100870131,36239.6240234375,9536.7431640625,40922713.4197583,-1987824.06593678,36879.9714960604,3065.95840488643,27656.5551757812,26433.7224459396,21845.6380990255
1926.52288,1956.72064,30.19776,24.4736,0.639533281326294,0.00498688,0.639533281326294,0.00498688,0.128744615889038,0.232540460559623,0.232540460559623,0.214779557956032,0.000165140725669718,0.000165140725669718,0.810444218379112,35476.6845703125,9155.2734375,42562487.4353865,-2047404.47669261,36951.2117826022,2878.51156995498,27561.1877441406,26229.5549208366,23014.0962902774
1981.19424,2013.15328,31.95904,27.136,0.594817101955414,0.00627712,0.594817101955414,0.00627712,0.133657021012175,0.216281227070153,0.216281227070153,0.222974729408931,0.000196411406600449,0.000196411406600449,0.849086831143864,35858.154296875,9155.2734375,36834155.1982662,-1942266.99977815,38135.235126202,2626.28304838993,27561.1877441406,26756.664769118,24451.3105439312
2040.28928,2073.67168,33.3824,23.7977599999999,0.676467895507812,0.00531456,0.676467895507812,0.00531456,0.132915517250426,0.245970242000474,0.245970242000474,0.221737707968683,0.00015920245398773,0.00015920245398773,0.712883435582821,36621.09375,9536.7431640625,46232181.0193419,-2153329.87246369,37974.4030180432,2131.50681508289,15640.2587890625,29784.3182467496,20362.8872063226
2097.46944,2129.85856,32.3891200000003,26.8492799999999,0.692237854003906,0.00595968,0.692237854003906,0.00595968,0.134515063959173,0.251704350793191,0.251704350793191,0.224406168569248,0.000184002529244387,0.000184002529244387,0.828959848245327,35858.154296875,9155.2734375,40617412.4022099,-2082993.91598772,38494.9252136752,2364.11535782344,27561.1877441406,28554.9920608008,24856.4365033729
2156.70784,2187.06944,30.3616000000002,27.3305599999999,0.644026398658752,0.00525312,0.644026398658752,0.00525312,0.155732604243469,0.234174201295792,0.234174201295792,0.259802553044875,0.000173018549747048,0.000173018549747048,0.900168634064072,36239.6240234375,9536.7431640625,44191197.1020986,-2076637.94263617,37444.0413254958,3132.728731359,26988.9831542969,26479.5409943174,22313.4227544142
2214.4,2248.6016,34.2015999999999,24.85248,0.639449834823608,0.00539648,0.639449834823608,0.00539648,0.152570945288939,0.232510118607558,0.232510118607558,0.254528082279846,0.000157784431137725,0.000157784431137725,0.72664670658683,36621.09375,9536.7431640625,37602021.1978008,-1921606.41444449,37361.4832685499,2189.75897398319,21076.2023925781,27363.6345796963,21737.0706090349
2273.45408,2307.328,33.87392,25.5692800000002,0.634503364562988,0.00613376,0.634503364562988,0.00613376,0.152932697727491,0.230711534380379,0.230711534380379,0.255131579585775,0.000181076178960097,0.000181076178960097,0.754836759371226,37002.5634765625,9536.7431640625,43656572.048905,-2183656.13487123,39220.8169231485,1364.7721506201,26988.9831542969,30736.5100146167,23875.5889605603
2332.89728,2365.09184,32.1945599999999,27.35104,0.662347197532654,0.00564224,0.662347197532654,0.00564224,0.155327777314616,0.240835820217519,0.240835820217519,0.259127196267994,0.000175254452926209,0.000175254452926209,0.849554707379138,37384.033203125,9155.2734375,41454927.3557547,-2139115.315699,38866.7440821982,2055.57351414308,26988.9831542969,29289.9660101138,25900.2714252991
2392.44288,2426.29632,33.8534399999999,27.0438400000003,0.652470409870148,0.00591872,0.652470409870148,0.00591872,0.175542165712593,0.237244525098169,0.237244525098169,0.292850062070871,0.000174833635813673,0.000174833635813673,0.798850574712655,37384.033203125,9536.7431640625,44632592.2903337,-2192355.30177698,39447.1835740757,2306.85107236777,20980.8349609375,30776.9608809372,23067.3452645053
2453.34016,2488.32,34.97984,26.6444799999999,0.645345747470856,0.00754688,0.645345747470856,0.00754688,0.166025423657511,0.234653929230778,0.234653929230778,0.276973657161374,0.000215749414519907,0.000215749414519907,0.761709601873535,37384.033203125,9536.7431640625,48781379.4803721,-2376143.76705953,41373.7012573977,2835.47257863073,20980.8349609375,34442.2977960408,23428.7593820313
2514.96448,2550.38464,35.4201600000001,24.6681599999997,0.715543508529663,0.01181696,0.678930401802063,0.00700416,0.177461546946452,0.260178511240046,0.246865633005941,0.296052089977907,0.000333622434229545,0.00019774501300954,0.696444058976572,37384.033203125,9536.7431640625,44858133.3662386,-2213148.95993781,39964.5913410657,2620.41201189027,20980.8349609375,32483.028671456,22111.6263543484
2575.0528,2612.9408,37.8879999999999,24.85248,0.727010548114777,0.0116736,0.602338671684265,0.00671744,0.165900644568317,0.264348037274481,0.219016142265264,0.276765493134986,0.000308108108108109,0.000177297297297298,0.655945945945948,36621.09375,9155.2734375,47012516.1989249,-2316762.43612888,40141.7325945929,2531.98088000265,20980.8349609375,36793.6764387499,20291.002601721
2637.79328,2673.26464,35.47136,27.00288,0.725756049156189,0.01140736,0.630196392536163,0.00666624,0.185687141611547,0.263891889370815,0.229145477870141,0.309774524690185,0.000321593533487298,0.000187933025404157,0.761258660508083,37384.033203125,9155.2734375,40270183.8118215,-2100086.87090296,39328.9650602294,2309.06854666936,20980.8349609375,30935.3885976999,23824.2922512189
2700.26752,2734.94016,34.6726400000002,30.1363200000001,0.718126833438873,0.01282048,0.648802101612091,0.00761856,0.177057215872586,0.261117833057539,0.23591069288535,0.295377560416317,0.000369757826343766,0.000219728292971056,0.869167158889541,37384.033203125,9536.7431640625,34275699.3405179,-1977755.44897729,40054.530084753,1616.90844884821,20980.8349609375,29691.589880091,27368.0323632755
2765.07648,2800.35328,35.2767999999996,28.7129600000003,0.786817789077759,0.01112064,0.539484679698944,0.00620544,0.180297723681293,0.286094526103788,0.196161825420383,0.300783571610657,0.000315239477503632,0.00017590711175617,0.813933236574763,38146.97265625,9155.2734375,45700932.4540239,-2285202.72132055,40092.9484918069,2240.00267623128,20980.8349609375,33392.0067383306,23741.994311088
2829.06624,2863.55456,34.4883199999999,29.36832,0.790057837963104,0.01183744,0.752384662628174,0.00699392,0.192717438113643,0.287272639084041,0.273574309694583,0.321502890685089,0.000343230403800476,0.000202790973871734,0.851543942992877,37002.5634765625,9536.7431640625,41239659.856229,-2091591.36096415,39373.6473379986,2095.14667220184,20980.8349609375,29957.4252211426,23083.1972629744
2892.92288,2928.7424,35.81952,28.1088,0.772833168506622,0.01221632,0.658324778079987,0.00744448,0.187079322078204,0.281009583375523,0.239373229763825,0.31209704437894,0.000341052029731275,0.000207833047455689,0.784734133790737,37765.5029296875,9536.7431640625,42076849.6322823,-2171749.73834795,40796.1201785233,3085.99472286025,20980.8349609375,32241.3910153325,23804.8356409938
2956.8512,2994.21696,37.3657600000001,27.3919999999998,0.830044090747833,0.01262592,0.712944507598877,0.00753664,0.189373178699393,0.301812025711944,0.259233489470129,0.315923794784862,0.000337900794738283,0.000201699095642641,0.733077555494649,37765.5029296875,9536.7431640625,42088384.9104415,-2190239.36945169,40925.2943265955,2723.70274338208,20980.8349609375,33912.8352193945,23076.1547518948
3021.60896,3058.96448,37.3555200000001,25.5590400000001,0.898425996303558,0.01231872,0.703093111515045,0.00738304,0.201657465753353,0.326676345171434,0.255651426973337,0.336417185712593,0.000329769736842105,0.000197642543859649,0.684210526315791,38528.4423828125,9536.7431640625,43954536.577096,-2215430.11007443,40455.8192370863,2061.98929606834,20980.8349609375,34409.0494866636,21422.8505546555
3084.52352,3122.87232,38.3487999999998,25.3440000000001,0.829137980937958,0.01334272,0.801452815532684,0.00851968,0.205045195480489,0.301482555458153,0.291415962675585,0.34206880141896,0.000347930574098801,0.000222162883845128,0.660881174899872,37765.5029296875,9536.7431640625,44017264.3642105,-2249837.55184786,41577.7391003024,2709.21527440239,26512.1459960938,35952.0993529869,21545.4405050724
3148.21632,3184.71168,36.4953599999999,30.0134400000002,0.868964016437531,0.01261568,0.67830365896225,0.00768,0.202260122155812,0.315963685538089,0.246637743273103,0.337422573587072,0.00034567901234568,0.000210437710437711,0.82239057239058,37384.033203125,9155.2734375,35595757.3681975,-2012239.89159922,39734.8638825816,2413.86933781283,20980.8349609375,30849.2604236294,26027.0277250923
3214.72512,3252.18304,37.4579199999998,29.3888000000002,0.836905896663666,0.01344512,0.728695034980774,0.00830464,0.211832743923965,0.304307044430327,0.264960532922578,0.353392200414933,0.000358939311098963,0.000221705850191362,0.784581738655011,38909.912109375,9536.7431640625,40112459.6163366,-2158439.28392484,41534.1183128824,2705.07548215854,20980.8349609375,33503.4579350966,24569.0235810271
3281.57184,3317.7088,36.1369599999998,31.2729600000002,0.916460335254669,0.01314816,0.851015150547028,0.00806912,0.225035424348342,0.333233804506283,0.309437305031285,0.375417710730849,0.000363842448285635,0.000223292717483708,0.865400963445746,38146.97265625,9155.2734375,29266583.9635305,-1861849.88225414,40010.1610005196,1484.7502437902,26416.7785644531,30159.9971509366,29062.9516240557
3348.98176,3387.16672,38.18496,29.1327999999999,1.01886343955994,0.00946176,1.01886343955994,0.00946176,0.235053439065577,0.370468559495887,0.370468559495887,0.392130369024995,0.000247787610619469,0.000247787610619469,0.76293912577098,38909.912109375,9536.7431640625,31098770.6444938,-1878123.17951557,40931.0863864037,2177.99519368037,20980.8349609375,30340.7770348679,26371.2156040414
3416.29952,3453.96224,37.6627199999998,27.1872000000003,0.868434906005859,0.01329152,0.763279676437378,0.0082432,0.211876731193409,0.315771295889168,0.277535841647606,0.353465582639282,0.000352909189777055,0.000218868950516586,0.721859706362165,38528.4423828125,9918.212890625,45287502.0532779,-2267791.00327533,41623.057194626,2434.52657681543,26416.7785644531,35608.5556109733,21171.7400240819
3481.14944,3518.83264,37.6831999999999,28.4364799999998,0.94766491651535,0.00833536,0.94766491651535,0.00833536,0.22788590239569,0.344580090790056,0.344580090790056,0.380173050678427,0.000221195652173913,0.000221195652173913,0.754619565217388,37765.5029296875,9536.7431640625,38207103.0827355,-2063566.25389315,40506.0595214301,2788.2951254812,26512.1459960938,32219.8401876111,23506.7932363195
3547.26912,3585.52576,38.2566400000001,28.9894399999998,0.952920734882355,0.00698368,0.952920734882355,0.00698368,0.220918719201333,0.346491156968107,0.346491156968107,0.368549974122181,0.00018254817987152,0.00018254817987152,0.757762312633827,38528.4423828125,9536.7431640625,33676735.6766462,-1896021.71151086,40071.8565910093,3248.89484911485,20980.8349609375,30126.4768715117,23247.143039125
3614.5152,3656.58112,42.06592,26.5011200000004,0.969631612300873,0.00666624,0.969631612300873,0.00666624,0.225031883286235,0.35256739294319,0.35256739294319,0.375411803316788,0.000158471275559883,0.000158471275559883,0.629990262901664,38146.97265625,9536.7431640625,28403312.8715495,-1719509.12005653,39050.3768979182,3488.48046128471,20980.8349609375,29976.8368406495,22071.8886568244
3683.08224,3723.8272,40.74496,29.5833599999996,0.975489139556885,0.00913408,0.975489139556885,0.00913408,0.23120860729566,0.35469724626846,0.35469724626846,0.38571618803377,0.000224176928876602,0.000224176928876602,0.726061824579031,38146.97265625,9155.2734375,28807721.1635906,-1757988.77649801,39859.8252770735,2905.7755625164,26416.7785644531,29836.5941284369,23803.9932319633
3753.41056,3793.4592,40.04864,30.3206400000004,1.05397272109985,0.00759808,1.05397272109985,0.00759808,0.236539114181302,0.383234632408118,0.383234632408118,0.394608862144248,0.000189721298900537,0.000189721298900537,0.757095372027624,38909.912109375,9536.7431640625,31207831.4561814,-1918357.83873481,41569.5727395871,2998.85514106455,26416.7785644531,32187.5313707728,26773.5823980102
3823.77984,3863.08096,39.3011199999996,28.0678400000002,0.933095037937164,0.01424384,0.876562356948853,0.00641024,0.223917840072232,0.339282342613694,0.318726515329101,0.373553289021685,0.000362428348097971,0.000163105784262638,0.714174048983857,38528.4423828125,9536.7431640625,35904062.1800456,-1948634.52753397,40196.7571627709,3266.51306253582,25749.2065429688,31752.5845814857,21126.8936548941
3891.1488,3930.2144,39.0655999999999,31.3139200000001,1.01216638088226,0.0072704,1.01216638088226,0.0072704,0.234540508537544,0.36803344446001,0.36803344446001,0.391274667283121,0.000186107470511141,0.000186107470511141,0.801572739187421,38146.97265625,9155.2734375,26811718.4438913,-1746052.92902249,39949.1094773815,2347.44412462262,26416.7785644531,29561.2148120709,27292.6759694799
3961.52832,4001.536,40.0076800000002,30.2387199999998,1.05301225185394,0.00717824,1.05301225185394,0.00717824,0.251154304614066,0.382885396539838,0.382885396539838,0.418990807120476,0.000179421551062195,0.000179421551062195,0.755822882006647,38909.912109375,9536.7431640625,25431618.0254034,-1711412.79936673,40269.1077626695,2580.67616240353,26416.7785644531,29821.075739396,27763.4400982191
4031.77472,4072.58112,40.8063999999999,31.4572800000005,1.09677684307098,0.00924672,1.09677684307098,0.00924672,0.247818939876693,0.398798623411642,0.398798623411642,0.413426549858391,0.000226599749058971,0.000226599749058971,0.770890840652461,38146.97265625,9155.2734375,27780712.198686,-1766614.62067664,40180.2241483474,2976.43165236011,26512.1459960938,30340.9601996302,25829.7887657541
4104.0384,4144.0256,39.9871999999996,32.1945599999999,0.985993981361389,0.00729088,0.985993981361389,0.00729088,0.231836001617541,0.358516907922752,0.358516907922752,0.386762845202206,0.000182330345710629,0.000182330345710629,0.805121638924462,37765.5029296875,9536.7431640625,27104418.4164353,-1732830.11660723,39752.1379756088,3023.25168905176,25749.2065429688,29439.8568611544,25951.7054562016
4176.22016,4216.76032,40.5401600000005,30.4435199999998,1.07992660999298,0.007168,1.07992660999298,0.007168,0.249297332511902,0.392671716376609,0.392671716376609,0.415892893903016,0.000176812326345035,0.000176812326345035,0.750947208891121,38528.4423828125,9536.7431640625,26317135.6820654,-1690254.83848775,39684.4578628316,3009.28458916445,25844.5739746094,29008.6221826159,25270.8687559535
4247.20384,4288.96256,41.7587199999998,31.7439999999997,1.06492269039154,0.01527808,1.03615868091583,0.00722944,0.247247808208231,0.387216146703858,0.376757275826723,0.412473753452575,0.00036586562040216,0.000173124080431585,0.760176557135847,38528.4423828125,9536.7431640625,23344703.7791793,-1657101.85687958,40412.1404025644,2638.3746463107,25653.8391113281,30323.7475497618,28490.1752010398
4320.70656,4361.44128,40.7347200000004,33.2287999999999,1.08660793304443,0.00771072,1.08660793304443,0.00771072,0.253748087946464,0.395101109787239,0.395101109787239,0.423317913413188,0.000189291101055805,0.000189291101055805,0.815736551030658,38146.97265625,9155.2734375,21812569.1928413,-1556867.60208077,39447.1188917517,2768.74566751968,26416.7785644531,28335.9590423486,27224.589953478
4394.67008,4436.7872,42.1171199999999,32.5427200000004,1.07034921646118,0.00715776,1.07034921646118,0.00715776,0.251890604905752,0.389189283846708,0.389189283846708,0.420219147817128,0.000169948942377827,0.000169948942377827,0.772672015560429,38146.97265625,9155.2734375,22627712.671979,-1539711.61697833,38985.3900766628,3430.65663594017,25749.2065429688,27675.1457546738,24710.0101503806
4469.32992,4513.26976,43.93984,28.0985599999995,1.13903570175171,0.00713728,1.13903570175171,0.00713728,0.24524247490826,0.414164351431239,0.414164351431239,0.409128335108298,0.000162432999300862,0.000162432999300862,0.639477977161488,38146.97265625,9155.2734375,22187850.9680069,-1542318.19710171,38853.5999116443,3235.66352863716,25749.2065429688,28673.7822305022,24930.9192909296
4541.36832,4590.29504,48.9267200000004,25.8764799999999,1.2829886674881,0.0072192,1.2829886674881,0.0072192,0.251921254090477,0.466507036211993,0.466507036211993,0.420270278641524,0.000147551276684804,0.000147551276684804,0.528882377563828,38909.912109375,9536.7431640625,25846285.1895767,-1706081.62564374,40177.4881339749,2894.20251369164,25701.5228271484,34706.6560537196,21601.5220077332
4616.17152,4658.96448,42.7929599999998,31.4060800000007,1.36970520019531,0.00795648,1.36970520019531,0.00795648,0.275386027777415,0.498038002688124,0.498038002688124,0.45941563384894,0.000185929648241207,0.000185929648241207,0.73390763340514,38909.912109375,9536.7431640625,23798359.2543528,-1657194.42232275,40682.6243681066,3038.54703658252,25749.2065429688,30363.4159608254,27335.8084931829
4690.37056,4737.30048,46.9299199999996,27.4431999999997,1.27564978599548,0.00800768,1.27564978599548,0.00800768,0.260488516275558,0.463838548219083,0.463838548219083,0.434562703783333,0.000170630591315734,0.000170630591315734,0.584769801440104,38146.97265625,9155.2734375,20015077.7377327,-1518401.33031988,40084.4373201069,2479.4949333479,25749.2065429688,30418.2465548151,27176.8976639157
4764.74368,4808.28416,43.5404800000006,34.6214399999999,1.2652599811554,0.00786432,1.2652599811554,0.00786432,0.286633118417304,0.460060715112997,0.460060715112997,0.478178710962851,0.000180620884289744,0.000180620884289744,0.795155221072424,38528.4423828125,9155.2734375,18162691.7337057,-1446388.39230081,39731.0871370032,2576.42754273959,25653.8391113281,29047.5674861979,28544.097030955
4842.9056,4889.1904,46.2848000000004,28.2111999999997,1.27627015113831,0.00761856,1.27627015113831,0.00761856,0.280649217867728,0.464064118959871,0.464064118959871,0.468196006008428,0.000164601769911503,0.000164601769911503,0.609513274336273,38146.97265625,9155.2734375,23036250.7603838,-1615533.71631789,40194.5462324089,2853.2441155761,25653.8391113281,31224.266939948,25424.49322192
4917.4016,4961.29024,43.8886400000001,32.5734400000001,1.19062983989716,0.00743424,1.19062983989716,0.00743424,0.279653975126279,0.432924476974099,0.432924476974099,0.466535681849696,0.000169388707419505,0.000169388707419505,0.742183854409707,38146.97265625,9155.2734375,18774063.5928226,-1441438.62892768,38990.1596624978,2691.2269468444,25653.8391113281,28235.5838019471,27099.9409488468
4993.86368,5038.32576,44.4620799999993,35.3587200000002,1.21452414989471,0.00761856,1.21452414989471,0.00761856,0.305111180927551,0.441612678219957,0.441612678219957,0.509004932862921,0.00017134960847536,0.00017134960847536,0.795255642561048,38146.97265625,9155.2734375,18475445.5460285,-1486818.87106029,39835.2700455182,2029.38911376317,25653.8391113281,30242.7923014144,29583.3843934365
5073.68448,5119.51872,45.8342400000001,32.9113600000001,1.34066271781921,0.00755712,1.34066271781921,0.00755712,0.292796172826486,0.487477876382379,0.487477876382379,0.488460291225625,0.000164879356568364,0.000164879356568364,0.71805183199285,37765.5029296875,9536.7431640625,21834791.1215415,-1538175.86777534,39563.1728792129,2961.59008704315,25653.8391113281,29548.1590886318,24631.0827495388
5152.43008,5197.09696,44.6668799999998,36.6387199999999,1.34682321548462,0.0078848,1.34682321548462,0.0078848,0.321921772563316,0.489717892666472,0.489717892666472,0.537049378959376,0.000176524530032096,0.000176524530032096,0.820265933058233,38146.97265625,9155.2734375,15458414.7249407,-1341979.64742366,38722.6630054999,1739.15248220592,25653.8391113281,29149.6338408207,29100.4942923203
5233.73568,5280.21504,46.4793600000003,34.49856,1.31340765953064,0.00677888,1.31340765953064,0.00677888,0.313565748251881,0.477567674689888,0.477567674689888,0.523109353619391,0.000145847102886097,0.000145847102886097,0.742233972240577,37765.5029296875,9155.2734375,17676040.8598841,-1408063.55569359,38486.7050004492,2003.45482445407,25653.8391113281,28822.9850247751,27259.7955425057
5314.7136,5363.57888,48.86528,34.0070400000004,1.36361753940582,0.00779264,1.36361753940582,0.00779264,0.330327125492629,0.49582447059362,0.49582447059362,0.551071697284348,0.000159471919530595,0.000159471919530595,0.695934618608559,37765.5029296875,9155.2734375,17436701.1125796,-1368656.006229,38787.903573349,2795.47969825623,25653.8391113281,28470.7176071889,25244.1322224163
5397.58592,5445.9904,48.4044799999992,35.6352000000006,1.53344202041626,0.00768,1.53344202041626,0.00768,0.34636832963349,0.557574287501612,0.557574287501612,0.577832604609793,0.000158662999788452,0.000158662999788452,0.736196319018429,37765.5029296875,9536.7431640625,18128569.4202779,-1398298.33314493,38741.7381813391,2612.70837778977,25653.8391113281,28718.2084309003,25208.7800478507
5481.6256,5530.66496,49.0393599999998,37.7036799999996,1.35931289196014,0.00800768,1.35931289196014,0.00800768,0.328699489023525,0.494259259323475,0.494259259323475,0.548356375645976,0.000163290874921696,0.000163290874921696,0.768845270411355,37765.5029296875,9155.2734375,15490966.1184796,-1315439.10502274,38501.415175465,2345.4928594249,25701.5228271484,28596.5577384443,27254.7051863195
5568.36864,5617.2544,48.8857600000001,35.6556799999998,1.44440042972565,0.00923648,1.44440042972565,0.00923648,0.355032888795539,0.525197907549632,0.525197907549632,0.592287346455563,0.000188940092165898,0.000188940092165898,0.729367406786757,38146.97265625,9536.7431640625,17116798.7930501,-1386770.93006254,39722.2727416498,2535.05622202354,25653.8391113281,29289.4644187036,26887.3250356345
5652.91008,5701.25312,48.3430400000007,37.6319999999996,1.4708389043808,0.00781312,1.4708389043808,0.00781312,0.343216239572477,0.534811191568336,0.534811191568336,0.572574097251898,0.000161618301207369,0.000161618301207369,0.778436771870348,37765.5029296875,9155.2734375,16623350.9113889,-1362186.76969023,38816.2038769499,2329.65413640956,25653.8391113281,28808.982793478,27002.6552855481
5738.88512,5790.88384,51.9987200000005,34.6521599999996,1.95132529735565,0.00940032,1.95132529735565,0.00940032,0.387720594712338,0.709520671711869,0.709520671711869,0.646818955244996,0.000180779834580542,0.000180779834580542,0.666404096100814,37765.5029296875,9155.2734375,14547118.1202031,-1261810.89987252,39215.6860138897,3392.1301443177,25653.8391113281,28445.4445479045,26279.0807669715
5825.536,5875.54816,50.0121600000002,37.9801600000001,1.70282423496246,0.00913408,1.70282423496246,0.00913408,0.374610161848346,0.619163292063655,0.619163292063655,0.62494733789078,0.000182637182637182,0.000182637182637182,0.759418509418507,37765.5029296875,9155.2734375,10793221.7908296,-1070052.3684535,37490.9592390508,3233.20751423751,25653.8391113281,26523.6617027468,26519.449628805
5913.52832,5964.98432,51.4559999999992,37.4886400000005,1.890021443367,0.00897024,1.890021443367,0.00897024,0.388695197804502,0.687229999972259,0.687229999972259,0.648444847091984,0.000174328358208958,0.000174328358208958,0.728557213930369,38528.4423828125,9155.2734375,12731958.5248631,-1182019.13312314,38300.7567934043,2409.35393411072,25653.8391113281,27757.2742286446,27111.316103428
6002.47296,6055.51616,53.0432000000001,37.4579199999998,1.78635311126709,0.00929792,1.78635311126709,0.00929792,0.389848992080836,0.649535195970866,0.649535195970866,0.650369676514418,0.000175289575289575,0.000175289575289575,0.706177606177602,38146.97265625,9155.2734375,12581900.1840159,-1179213.07591155,38332.0663052781,2507.53642842521,25653.8391113281,28110.637384197,27149.0388931745
6092.97408,6144.99328,52.0191999999997,38.8403200000002,1.63872385025024,0.00859136,1.63872385025024,0.00859136,0.383958434725805,0.595855774819023,0.595855774819023,0.640542692324892,0.000165157480314961,0.000165157480314961,0.746653543307095,37384.033203125,9155.2734375,13667728.894333,-1202169.78632127,37952.1173882568,2650.81739074363,25224.6856689453,27318.4290580048,25551.0748588521
6183.8336,6237.80864,53.9750400000003,40.2841600000002,1.8670140504837,0.00928768,1.8670140504837,0.00928768,0.387793741892566,0.678864290331216,0.678864290331216,0.646940983796843,0.000172073610320621,0.000172073610320621,0.746347941567064,37765.5029296875,9155.2734375,13108918.0234109,-1203885.01398066,38548.5470240946,2179.76195058329,25224.6856689453,28491.2278197069,26789.4661100553
6278.0928,6333.55264,55.4598399999995,37.7446399999999,1.93203675746918,0.00889856,1.93203675746918,0.00889856,0.422237179768532,0.702507172837468,0.702507172837468,0.704401610871625,0.000160450516986707,0.000160450516986707,0.680576070901038,38909.912109375,9155.2734375,11889998.8997076,-1113783.05932645,38028.9562996884,3428.44226837084,25653.8391113281,26967.1741723938,25199.0447391928
6371.29728,6426.55232,55.25504,40.6323200000006,1.75963795185089,0.00831488,1.75963795185089,0.00831488,0.403720036754362,0.639821306708241,0.639821306708241,0.673510192510334,0.000150481838398814,0.000150481838398814,0.735359525574511,38528.4423828125,9155.2734375,10411075.5010853,-1017468.84938667,37013.8543352768,3549.74027349371,25224.6856689453,25284.31974392,24434.0249117693
6467.18464,6524.40576,57.2211199999992,37.3964800000003,1.96674239635468,0.00892928,1.96674239635468,0.00892928,0.410801971790577,0.715126477392992,0.715126477392992,0.685324705032259,0.000156048675733717,0.000156048675733717,0.653543307086629,38909.912109375,9155.2734375,12127414.8495061,-1128479.34067041,38083.5200172796,3514.10128235855,25653.8391113281,27639.0080776745,24864.5839728083
6561.80224,6618.65472,56.8524800000005,44.34944,1.96111273765564,0.00937984,1.96111273765564,0.00937984,0.431293426948537,0.713079479269685,0.713079479269685,0.719509790368144,0.000164985590778097,0.000164985590778097,0.780079250720454,38909.912109375,9155.2734375,10108001.3972762,-1038352.42419107,37698.1551782259,3135.30027487706,27179.7180175781,26971.0049890125,26361.783007477
6663.00416,6721.20832,58.2041599999993,44.6566400000002,1.89412641525269,0.0100352,1.89412641525269,0.0100352,0.433477165546371,0.688722607285675,0.688722607285675,0.723152835224782,0.00017241379310345,0.00017241379310345,0.767241379310356,38146.97265625,8773.8037109375,8184203.47585783,-954414.802091328,37680.9044013669,2969.28538692029,25653.8391113281,27825.0873365442,27825.0873364118
6765.86496,6824.0896,58.2246400000004,39.1782400000002,2.26926422119141,0.00950272,2.26926422119141,0.00950272,0.458579351996733,0.825126326550144,0.825126326550144,0.765029821476272,0.000163207879001054,0.000163207879001054,0.672880759760815,38909.912109375,9155.2734375,12539577.4985435,-1162956.93496595,38649.7645770699,2555.03099386455,25653.8391113281,28725.7846696679,25202.2180625829
6863.26784,6927.26784,64,39.6390399999991,2.18209910392761,0.01032192,2.18209910392761,0.01032192,0.459325657134437,0.793432250408836,0.793432250408836,0.766274852862396,0.00016128,0.00016128,0.619359999999986,38909.912109375,9155.2734375,12141673.0438209,-1151770.80251728,38876.9582540047,2786.6579696109,25224.6856689453,30647.9991673867,23981.0385737009
6966.90688,7028.16256,61.2556800000002,42.5881600000002,2.10873961448669,0.01014784,2.10873961448669,0.01014784,0.467551873689866,0.766758033508612,0.766758033508612,0.779998325049757,0.000165663657639585,0.000165663657639585,0.695252423938484,39291.3818359375,9155.2734375,10975807.3345447,-1088395.2463088,38602.6492597122,2432.48972752273,25224.6856689453,28478.0196385039,25486.3263971341
7070.75072,7130.9824,60.2316799999999,47.2883200000006,1.9504908323288,0.0097792,1.9504908323288,0.0097792,0.447315925477294,0.709217252191209,0.709217252191209,0.746239491859689,0.000162359741584495,0.000162359741584495,0.785107106426397,37384.033203125,9155.2734375,9069404.51219631,-979758.081708636,37308.7361606594,2301.01072974022,26893.6157226562,26811.1225977366,26109.9882486329
7178.27072,7240.0896,61.8188799999998,46.9811199999995,2.22056198120117,0.01088512,2.22056198120117,0.01088512,0.470702673530643,0.807417723028952,0.807417723028952,0.785254679984191,0.000176080834851748,0.000176080834851748,0.759980122577433,38909.912109375,9155.2734375,10061625.4091756,-1066201.96615417,38947.767140914,2038.83941541591,27132.0343017578,29031.0376765952,27460.1661001851
7287.07072,7352.3712,65.3004799999999,44.8102400000007,2.14492750167847,0.01017856,2.14492750167847,0.01017856,0.453237466969899,0.779916297824118,0.779916297824118,0.75611816566222,0.000155872667398464,0.000155872667398464,0.686216089070108,38909.912109375,9155.2734375,8784951.09636791,-977860.68529911,37723.6275651336,2258.62470167551,24795.5322265625,28028.870799498,26394.3992896918
7397.18144,7462.97344,65.7919999999995,44.8000000000002,2.26317811012268,0.01082368,2.26317811012268,0.01082368,0.488663665877277,0.822913357949037,0.822913357949037,0.815218294151842,0.000164513618677044,0.000164513618677044,0.680933852140086,39291.3818359375,9155.2734375,9349026.61256266,-1012039.23557864,38732.5138680546,2491.42274662995,26893.6157226562,28660.99935738,26116.0078613371
7507.77344,7574.31296,66.5395200000003,47.0323199999993,2.19593238830566,0.00975872,2.19593238830566,0.00975872,0.488130853525738,0.798462165839747,0.798462165839747,0.814329424349041,0.000146660510926438,0.000146660510926438,0.706832871652804,38909.912109375,9155.2734375,9037240.21944098,-949701.754322943,37514.6637054081,3265.45636850989,22220.6115722656,26720.7754043066,23180.2480202908
7621.34528,7690.5472,69.2019200000004,46.4384,2.28145480155945,0.01058816,2.28145480155945,0.01058816,0.481565360520187,0.829558938981814,0.829558938981814,0.803376471670142,0.000153003847292097,0.000153003847292097,0.671056525599286,38909.912109375,9155.2734375,8992371.15618268,-984427.269903425,38512.7386547894,2511.57299689914,27132.0343017578,28823.7795009344,25060.6394064759
7736.9856,7805.3888,68.4031999999997,50.59584,2.35517454147339,0.01065984,2.35517454147339,0.01065984,0.507287257284023,0.856364146423672,0.856364146423672,0.84628729616232,0.000155838323353294,0.000155838323353294,0.739670658682637,39672.8515625,9155.2734375,7613672.39924575,-894729.694472527,37928.065595705,3097.34604179063,22077.5604248047,26994.6371371193,25578.018057626
7855.98464,7927.37792,71.3932800000002,48.86528,2.20902347564697,0.01178624,2.20902347564697,0.01178624,0.490607930443817,0.803222211279855,0.803222211279855,0.818461833940029,0.000165088927137119,0.000165088927137119,0.684452094090646,38909.912109375,9155.2734375,7170660.68221116,-875234.921505285,38184.4677667624,2974.37484400557,26893.6157226562,27477.5806803662,25937.0312423235
7976.2432,8048.90624,72.6630400000004,45.7215999999999,2.35841917991638,0.01104896,2.35841917991638,0.01104896,0.48234653936604,0.857543928211288,0.857543928211288,0.804679681486244,0.00015205749718151,0.00015205749718151,0.629227733934606,38909.912109375,9155.2734375,6608252.3193251,-832256.685428959,37574.9411470444,3093.65870018028,24795.5322265625,26824.7964775879,25583.2745379737
8094.62784,8166.35904,71.7312000000002,49.5104000000001,2.27179098129272,0.01092608,2.27179098129272,0.01092608,0.487526123356543,0.826045080858702,0.826045080858702,0.813320576891418,0.00015231977159172,0.00015231977159172,0.690221270521056,38909.912109375,8773.8037109375,7698686.03701196,-891441.542579336,37694.7107008688,2719.4045612936,17976.7608642578,27279.0054447902,24331.6214869248
8215.86944,8292.10624,76.2367999999988,48.2099200000011,2.08266425132751,0.01127424,2.08266425132751,0.01127424,0.484661191621631,0.757276780327041,0.757276780327041,0.80854112442772,0.000147884486232373,0.000147884486232373,0.632370718603115,39672.8515625,9155.2734375,6537893.13172174,-815990.598862692,37567.6347203108,3299.14344274542,27465.8203125,26711.7114454495,24209.9524410563
8340.31616,8414.67904,74.3628800000006,52.8691199999994,2.22402429580688,0.012544,2.22402429580688,0.012544,0.499615701488933,0.808676653965814,0.808676653965814,0.833489142615265,0.000168686312310657,0.000168686312310657,0.710961167722377,38909.912109375,9155.2734375,7521236.4929281,-888958.564992109,38452.1226220828,2402.68201951266,22172.9278564453,28020.1672916898,24514.3003154632
8467.54816,8547.88096,80.3328000000001,50.3398399999987,2.3268895149231,0.01169408,2.3268895149231,0.01169408,0.498207906934428,0.846079438351395,0.846079438351395,0.831140574560427,0.000145570427023582,0.000145570427023582,0.626641172721462,38909.912109375,8773.8037109375,6185437.41795503,-784100.50452426,36995.6416468467,3261.58902285444,19311.9049072266,26626.3681164619,23072.1422901259
8598.2208,8675.90144,77.6806400000005,55.0604800000001,2.37206745147705,0.01204224,2.37206745147705,0.01204224,0.503065857665187,0.862506571199905,0.862506571199905,0.839244901901181,0.000155022409702082,0.000155022409702082,0.708805694700761,38528.4423828125,9155.2734375,6457632.27348082,-794150.965921222,37376.9020794688,3505.56722361699,17976.7608642578,26108.8290352393,22722.9821915964
8730.96192,8812.38016,81.4182400000009,52.5721599999997,2.22518515586853,0.01308672,2.22518515586853,0.01308672,0.525107645981758,0.809098753864698,0.809098753864698,0.876016346815615,0.00016073449880518,0.00016073449880518,0.645704942774483,39291.3818359375,9155.2734375,5548797.87076781,-743104.966053232,37414.5996876252,3034.71230361374,22077.5604248047,26039.2687799797,23719.7068856782
8864.95232,8946.49344,81.5411199999999,56.02304,2.31099462509155,0.01150976,2.31099462509155,0.01150976,0.514794026534532,0.840299903321872,0.840299903321872,0.858810542825247,0.000141152831847294,0.000141152831847294,0.687052618359916,39291.3818359375,9155.2734375,5183911.27122192,-702764.977349524,36512.5390636178,3548.69312972267,27465.8203125,24799.0604388684,22836.6544671573
9002.51648,9087.98976,85.4732800000002,56.8627199999992,2.446608543396,0.0120832,2.446608543396,0.0120832,0.520223858122169,0.889610430141383,0.889610430141383,0.867868916413262,0.000141368156223793,0.000141368156223793,0.665268958907381,39672.8515625,9155.2734375,5412419.89302232,-732274.630519141,37360.1323542662,3541.86762493948,19741.0583496094,26488.1371320716,23048.49814019
9144.85248,9229.94688,85.0944,55.0502400000005,2.60439848899841,0.01230848,2.60439848899841,0.01230848,0.5607172530326,0.946984374068069,0.946984374068069,0.935422447867325,0.000144645006016847,0.000144645006016847,0.646931407942244,39291.3818359375,9155.2734375,5759839.60106191,-760890.61484588,37876.2927909893,3062.36910151599,19264.2211914062,27217.7210066419,23040.203984504
9284.99712,9378.97984,93.98272,56.1766399999997,2.73751354217529,0.0139264,2.73751354217529,0.0139264,0.54596313299337,0.995386289460142,0.995386289460142,0.910808732115613,0.00014818043146655,0.00014818043146655,0.597733711048155,39291.3818359375,9155.2734375,4387778.15162889,-668495.348338959,37306.590564572,3050.9831672362,19741.0583496094,26853.1021235886,24070.8563980644
9435.15648,9529.55904,94.4025600000004,53.7702399999998,2.59709739685059,0.01252352,2.59709739685059,0.01252352,0.560785191911892,0.944329626644881,0.944329626644881,0.935535787616421,0.000132660809198394,0.000132660809198394,0.569584553639219,39672.8515625,9155.2734375,4551444.88739072,-672922.165606319,37105.3526905544,3150.33435416018,19741.0583496094,26781.2942998373,22963.8113318935
9583.32928,9687.95136,104.622079999999,50.40128,2.75020217895508,0.013312,2.75020217895508,0.013312,0.558264496354609,1,1,0.931330610772354,0.000127238915532936,0.000127238915532936,0.481746109425472,40054.3212890625,9155.2734375,3752068.16798031,-608059.213010435,36521.2680847664,3433.19612674242,19288.0630493164,26723.8496369805,22547.1083293967
9738.35264,9838.46912,100.116480000001,59.5763200000001,2.59743356704712,0.01301504,2.59743356704712,0.01301504,0.563054398635964,0.944451861366061,0.944451861366061,0.939321415572522,0.000129998977191367,0.000129998977191367,0.595070062391324,39291.3818359375,9155.2734375,3961583.46040624,-620091.455123507,36823.172030143,3439.63467759455,19717.2164916992,26157.1030188209,22373.1963637696
9898.04544,9998.4384,100.392959999999,62.1670400000003,2.56510376930237,0.01465344,2.56510376930237,0.01465344,0.59942676628189,0.932696435531501,0.932696435531501,1,0.000145960832313343,0.000145960832313343,0.619237046103639,39672.8515625,9155.2734375,4198110.68413688,-637447.883321091,37227.1163385294,3291.42162060109,19288.0630493164,26711.9741171688,21683.5868342999
10060.60544,10161.9712,101.365760000001,63.3855999999996,2.61091995239258,0.01227776,2.61091995239258,0.01227776,0.572350185386666,0.949355640967669,0.949355640967669,0.954829209474289,0.000121123345792504,0.000121123345792504,0.625315688453372,38909.912109375,8773.8037109375,3573456.39957252,-573056.631064596,35765.0155101802,3309.96824149417,19717.2164916992,24578.0784165685,21370.99460339
10225.3568,10333.3376,107.980800000001,55.3062399999999,2.62659502029419,0.01362944,2.62659502029419,0.01362944,0.560513739927117,0.955055246626322,0.955055246626322,0.93508293499114,0.000126220957799904,0.000126220957799904,0.5121858700806,39291.3818359375,8773.8037109375,3456455.21441715,-569955.020645995,36096.0659619175,3316.54430130526,17738.3422851562,25749.8057809007,21242.4388095612
10388.64384,10493.57312,104.929279999998,63.8464000000004,2.37223529815674,0.01319936,2.37223529815674,0.01319936,0.568531076404016,0.862567601869203,0.862567601869203,0.948457940793147,0.000125792914999514,0.000125792914999514,0.608470771933261,38909.912109375,8773.8037109375,3623899.16507537,-581518.33423045,36234.7290744533,2869.61473472329,19717.2164916992,25538.8090798543,21118.6129499123
10557.41952,10668.30848,110.88896,63.8464000000004,2.70465850830078,0.01441792,2.70465850830078,0.01441792,0.565885422745842,0.98343988271015,0.98343988271015,0.944044301284547,0.000130021239264936,0.000130021239264936,0.575768769046082,38909.912109375,8773.8037109375,3137547.48014351,-537029.11170944,36094.6298978302,3902.3084755169,19288.0630493164,24989.3281676773,20970.1818054669
10732.15488,10845.46048,113.3056,69.9494400000003,2.28732180595398,0.0150528,2.28732180595398,0.0150528,0.563282418676185,0.831692238285926,0.831692238285926,0.939701812400037,0.000132851333032084,0.000132851333032084,0.617352010845011,38528.4423828125,8773.8037109375,2916997.8727977,-505141.640639184,35481.1722913745,3497.19113736465,19764.9002075195,23951.6495331081,19786.4942094958
10915.40992,11032.17664,116.76672,68.0447999999997,2.18343472480774,0.01410048,2.18343472480774,0.01410048,0.557038574553706,0.793917895024475,0.793917895024475,0.929285453849337,0.000120757695343331,0.000120757695343331,0.582741383846355,38528.4423828125,9155.2734375,2993781.27719288,-526456.692618323,36111.1734034548,3181.43564792661,18000.602722168,25634.7273605885,20654.009491016
11100.22144,11219.53792,119.316480000001,70.2464,2.37137007713318,0.01406976,2.37137007713318,0.01406976,0.520335930489134,0.862252999171925,0.862252999171925,0.868055882316804,0.000117919670442841,0.000117919670442841,0.588740130449702,38528.4423828125,9155.2734375,2860147.64505986,-507771.676887979,35502.2744943766,3099.20353987572,17356.8725585938,25205.9519267121,19867.2591300631
11289.78432,11413.0944,123.310079999999,68.4032000000007,2.13373517990112,0.01333248,2.13373517990112,0.01333248,0.540504946787074,0.775846661830448,0.775846661830448,0.901703055637147,0.000108121574489288,0.000108121574489288,0.554725128716169,38528.4423828125,8773.8037109375,2672167.62868403,-486683.133916813,35036.1884578181,2799.73233808201,17356.8725585938,24938.2885669469,19381.6231044764
11481.4976,11608.9344,127.436799999999,73.2160000000003,2.01307272911072,0.0141824,2.01307272911072,0.0141824,0.503894937993665,0.731972632599532,0.731972632599532,0.840628023868892,0.0001112896745681,0.0001112896745681,0.574527922860592,37384.033203125,8773.8037109375,2242287.88884277,-437796.244660283,34701.6428308717,3303.18209604417,19931.7932128906,23362.5522072667,19376.2877343231
11682.1504,11806.38208,124.231679999999,68.1881599999997,1.96642684936523,0.01451008,1.96642684936523,0.01451008,0.512429672510132,0.715011741468537,0.715011741468537,0.854866184385825,0.000116798549291132,0.000116798549291132,0.548878997692056,38146.97265625,8773.8037109375,2423388.25137265,-455563.107295553,35043.1430876676,3311.71307689011,17976.7608642578,23625.7632525646,19193.9825894311
11874.57024,12014.68416,140.113920000002,63.5289599999996,1.87417232990265,0.01600512,1.87417232990265,0.01600512,0.461939792807589,0.681467109670726,0.681467109670726,0.770635912161379,0.000114229335672,0.000114229335672,0.453409340056997,38146.97265625,8773.8037109375,1993752.67605817,-426139.053079401,35263.3250746924,3450.2820947179,19764.9002075195,24974.0425744159,20566.8389419634
12078.21312,12215.27552,137.062399999999,71.0758400000013,1.93723857402802,0.04107264,1.77445375919342,0.01783808,0.460845044060456,0.704398603437969,0.645208476951906,0.768809586063324,0.000299663802764291,0.000130145685468809,0.518565558460978,37765.5029296875,8773.8037109375,2493219.00432575,-493609.883245297,37174.2089977822,2973.06522406213,19717.2164916992,28045.1919313515,20817.4900003368
12286.35136,12426.35264,140.001279999999,76.5440000000017,1.7806978225708,0.04414464,1.67366755008698,0.0162304,0.459934768773324,0.64747887853371,0.608561640629226,0.767291009752862,0.000315315974253953,0.000115930368636631,0.546737858396741,37002.5634765625,8773.8037109375,2244299.21561913,-451018.559086799,35728.442887761,2816.99377280559,17738.3422851562,26164.6594112507,19154.1065897685
12502.89664,12660.6336,157.736959999998,59.0540799999999,1.83571517467499,0.0139776,1.83571517467499,0.0139776,0.432554353033417,0.667483717641609,0.667483717641609,0.721613343555637,8.86133471825509e-05,8.86133471825509e-05,0.374383277070894,38146.97265625,8773.8037109375,1447990.82962671,-347045.002333906,33288.1809968904,3697.6252675587,17952.9190063477,22874.3033834567,18714.438319134
12719.68768,12860.84608,141.1584,76.0627199999999,1.55724358558655,0.04409344,1.47997725009918,0.01724416,0.422621791234427,0.566228765835031,0.538133982084724,0.705043242990058,0.000312368516503445,0.000122161770039898,0.538846572361261,37384.033203125,8773.8037109375,2148169.11600471,-437409.428255326,35341.7685095743,2790.39394560954,17380.7144165039,25592.3469925332,18940.2548072978
12936.9088,13073.2544,136.345600000001,73.7792000000009,1.66944849491119,0.05793792,1.47150683403015,0.01355776,0.405625696637387,0.607027551532771,0.535054057221801,0.676689329629693,0.00042493428464138,9.94367254975587e-05,0.541119038678187,37765.5029296875,8773.8037109375,2142499.30019877,-415807.666876199,34544.6422790332,3121.63159505099,19311.9049072266,23484.9233441958,16864.2210799485
13147.0336,13299.72224,152.688639999998,57.0163200000006,1.65937757492065,0.01568768,1.65937757492065,0.01568768,0.385497889094917,0.603365668029223,0.603365668029223,0.643110903248573,0.00010274294145262,0.00010274294145262,0.373415599222059,38909.912109375,8773.8037109375,1791873.46637294,-398852.004287585,34970.1507728738,3176.80844288794,19931.7932128906,25265.3609107579,19124.7532320508
13356.73856,13487.52384,130.78528,74.352640000001,1.40975069999695,0.0597504,1.07091164588928,0.02347008,0.361723039232399,0.512598932101993,0.389393788603632,0.603448260203805,0.000456858753523332,0.000179455057939242,0.568509238960233,37765.5029296875,8773.8037109375,2433175.12470989,-473840.90073892,36785.2968050424,2495.76676900332,18358.2305908203,25785.8675642321,20352.4666401568
13561.87648,13690.65472,128.77824,78.2438399999992,1.46419787406921,0.0570368,1.16814291477203,0.01758208,0.358950615113106,0.532396448985989,0.424748014422657,0.598823134541683,0.000442907124681935,0.00013652989821883,0.607585877862591,37765.5029296875,8773.8037109375,2403562.30472366,-461306.350907115,36146.4552216941,2834.81740818044,17976.7608642578,24722.422517011,19545.9390629664
13768.89856,13896.96,128.061439999999,109.465600000001,1.2716760635376,0.0526336,1.00001811981201,0.01632256,0.318041404557951,0.462393664461703,0.363616219732602,0.530575914270046,0.000411002718695028,0.000127458819766513,0.854789700943561,37002.5634765625,8773.8037109375,2583797.78294858,-481202.769232835,35693.1338431147,2568.35588379363,18024.4445800781,25559.3280251612,19249.9273058702
14006.4256,14091.06944,84.6438399999988,0,0.74029940366745,0.03987456,0.432007491588593,0.02071552,0.189208377234076,0.269179993140985,0.157082084689763,0.31564886300906,0.000471086377933711,0.000244737478828941,0,30136.1083984375,9155.2734375,1856834.64137986,-372858.328576479,30164.3772123253,1748.04598117696,18787.3840332031,18256.721022,18256.7210219469
