note.starts,note.ends,note.durs,INI,pk.amps,pk.times,qpk.amps,qpk.times,note.rmss,rel.pk.amps,rel.qpk.amps,rel.note.rmss,rel.pk.tm,rel.qpk.tm,rel.INI,max.Hz,min.Hz,FMa,FMb,FMc,FM.resid,note.DF,arcL,chordL
998.42048,1016.1664,17.74592,36.3008000000001,0.228768467903137,0.00536576,0.0948139503598213,0.00442368,0.0509639980565487,0.0798264461799216,0.0330843703018927,0.0886539066012445,0.000302365839584536,0.00024927870744374,2.04558568955569,41961.669921875,9918.212890625,111784818.276132,-3308761.71394446,34965.7876150949,7517.12412985039,17547.607421875,25454.6959138499,23514.0054188685
1052.4672,1077.63712,25.16992,35.9423999999999,0.305911958217621,0.01159168,0.247600540518761,0.00236544,0.0725814513018791,0.106744887930941,0.0863977077042326,0.126258328429411,0.00046053702196908,9.39788445890966e-05,1.42799023596419,31661.9873046875,9536.7431640625,40042903.8045482,-1812998.21857943,32771.2220030946,2589.80520594735,28514.8620605469,20778.207545428,20264.844582227
1113.57952,1139.43552,25.856,35.5532800000001,0.336589008569717,0.00656384,0.325225532054901,0.00274432,0.0934416411647276,0.117449334795214,0.113484164443106,0.162545460410956,0.000253861386138614,0.000106138613861386,1.3750495049505,32424.9267578125,9918.212890625,42395392.7835899,-1798058.3849,33497.5007292512,3101.94653406827,29563.9038085938,19981.419003982,18147.8896685847
1174.9888,1200.128,25.1391999999998,36.4851200000001,0.345340102910995,0.00673792,0.337520331144333,0.00256,0.0935986246758725,0.120502940774449,0.117774310400725,0.162818539487671,0.000268024439918535,0.000101832993890021,1.45132382892058,32424.9267578125,8773.8037109375,34149033.5667341,-1669720.3729019,33153.1871448864,3113.09532623102,29563.9038085938,20426.6253526947,20393.949452108
1236.61312,1262.3872,25.7740799999999,31.9488000000001,0.407555848360062,0.006912,0.350319057703018,0.00463872,0.106856908184519,0.142212496733605,0.12224029675878,0.185881852271024,0.000268176400476759,0.000179976162097736,1.23957091775925,32424.9267578125,8773.8037109375,22019802.7554385,-1414705.43560643,32265.1553463626,3557.7568628795,23746.4904785156,21834.905643349,21834.9056433458
1294.336,1321.6256,27.2896000000001,30.50496,0.513453423976898,0.00845824,0.442473113536835,0.00615424,0.125006283578101,0.179164386117857,0.154396523732308,0.217453414400593,0.000309943714821763,0.000225515947467166,1.11782363977486,35476.6845703125,9918.212890625,24910647.6742843,-1477752.20260825,34755.5323147895,3797.87158623716,25939.94140625,21775.7524709959,21775.7524709876
1352.13056,1379.00032,26.86976,36.2188799999999,0.499768495559692,0.00755712,0.467186093330383,0.00608256,0.119729073102673,0.174389168572428,0.163019868415765,0.208273496371308,0.00028125,0.000226371951219512,1.34794207317073,34332.275390625,9536.7431640625,31073970.8339616,-1653682.9505616,34887.7866412205,3632.58108303021,25939.94140625,22003.391872802,21999.1541627443
1415.2192,1442.67264,27.45344,35.2256,0.348523169755936,0.01357824,0.313136219978333,0.00621568,0.0943238466471486,0.12161363979916,0.109265721103086,0.164080092021978,0.000494591570309586,0.000226408056695263,1.28310331965684,30517.578125,9536.7431640625,15094862.6635564,-1128590.13476346,31847.8757146386,3346.47042365639,25939.94140625,19606.8138611864,19606.8138611837
1477.89824,1503.97952,26.0812800000001,31.16032,0.529851198196411,0.00695296,0.441678524017334,0.0056832,0.11766083711986,0.184886223804678,0.154119259745296,0.204675717416718,0.00026658814291323,0.000217903415783274,1.19473890851982,33569.3359375,9536.7431640625,26206221.3149159,-1537125.20456906,33912.1632761769,3454.15348337953,23746.4904785156,22263.8519500132,22263.8519500075
1535.13984,1561.25184,26.1119999999999,33.04448,0.526509582996368,0.00673792,0.466287851333618,0.00546816,0.1266811039981,0.183720200932885,0.162706435943762,0.220366831297824,0.000258039215686276,0.000209411764705884,1.26549019607844,33950.8056640625,9536.7431640625,48137489.5388851,-1929678.7837917,35062.5174386161,3869.7490527325,23746.4904785156,21111.4675431883,17565.8728983588
1594.29632,1621.88288,27.58656,31.4777600000002,0.592235803604126,0.00772096,0.465548634529114,0.00617472,0.133686214476265,0.206654701740821,0.162448493706351,0.232552500274844,0.000279881217520416,0.000223830734966593,1.14105419450632,33950.8056640625,9155.2734375,42706913.3554991,-1902533.5018431,35636.8867776139,3680.87028579804,24032.5927734375,22393.9964839648,19983.6123151709
1653.36064,1682.49344,29.1327999999999,29.6857600000001,0.581561148166656,0.00804864,0.521715760231018,0.00666624,0.141687495558029,0.202929888546158,0.18204744489932,0.246471047735072,0.00027627416520211,0.000228822495606328,1.01898066783832,34332.275390625,8773.8037109375,19859890.1299407,-1429686.64148782,34869.6501358696,3001.071298797,23651.123046875,24795.2883262953,24795.2883262915
1712.1792,1740.91264,28.73344,27.9244799999999,0.666985332965851,0.00792576,0.50304651260376,0.00681984,0.143092909552531,0.232737794997776,0.175532999510072,0.248915821413668,0.000275837491090521,0.000237348538845332,0.971846044191017,35476.6845703125,9536.7431640625,36296958.2867288,-1917220.99392142,36993.5167636796,1985.44173101656,24032.5927734375,25513.0189066476,25121.2018215588
1768.83712,1797.64224,28.80512,28.0678400000002,0.777625143527985,0.0080384,0.637397646903992,0.00689152,0.164137607323422,0.271344439366852,0.222413470799366,0.285523912257756,0.000279061500177746,0.000239246356203342,0.974404550302174,35476.6845703125,9536.7431640625,28523516.4429389,-1639165.1998345,36008.9328449234,3118.17244539405,24032.5927734375,23549.6841055159,23549.3921276352
1825.71008,1853.83936,28.1292799999999,30.8326400000001,0.743966102600098,0.00807936,0.600499331951141,0.00656384,0.187793401715778,0.259599457011,0.209538176491059,0.326674109781725,0.000287222424463052,0.000233345467783037,1.09610484164544,35858.154296875,9536.7431640625,43051703.1146995,-1978251.11834756,36745.8629985101,2935.4431053698,24032.5927734375,23869.0579681371,21581.8442855785
1884.672,1915.0336,30.3616,29.3068800000001,0.809509873390198,0.0078848,0.710943162441254,0.00743424,0.211797101076477,0.282470293797914,0.248076435593516,0.368429501869421,0.000259696458684655,0.000244856661045532,0.96526138279933,34713.7451171875,9155.2734375,43752373.7722073,-1971795.13205014,36349.2232102614,3172.14139959513,24032.5927734375,24896.8575199225,19534.7463625472
1944.34048,1973.74976,29.4092799999999,31.82592,0.645734369754791,0.00821248,0.575690388679504,0.0043008,0.178790493903886,0.225322486032392,0.20088134632121,0.311013192688652,0.000279247910863511,0.000146239554317549,1.08217270194987,34713.7451171875,9155.2734375,21953704.3039938,-1543554.76189138,35304.1939113451,2040.58674364811,19168.8537597656,26406.9490988941,26406.9490988898
2005.57568,2035.46624,29.8905600000001,28.8972799999999,0.771104276180267,0.00869376,0.554752767086029,0.00540672,0.192394487060112,0.269069048570428,0.193575374748349,0.334677881187733,0.000290853031860226,0.000180883864337101,0.966769441589581,34713.7451171875,9536.7431640625,26015954.5578453,-1556011.39852955,35543.0271314538,2765.05321047719,19168.8537597656,23266.2125344095,23266.2125343553
2064.36352,2095.37024,31.0067200000003,30.2079999999996,0.690016090869904,0.00827392,0.655526638031006,0.0046592,0.20310843877481,0.240774145344315,0.22873939913976,0.353315227370646,0.000266842800528399,0.000150264200792601,0.974240422721246,35095.21484375,9155.2734375,22150451.4672858,-1469760.25085857,35261.5943321815,2816.0807268515,19168.8537597656,24276.6309410923,24276.6309410813
2125.57824,2156.43136,30.8531200000002,30.95552,0.802347481250763,0.00955392,0.779325246810913,0.00530432,0.228499471303467,0.279971049405194,0.271937673235396,0.397483940818263,0.000309658148025222,0.000171921672751409,1.00331895121141,36239.6240234375,9155.2734375,27073711.6722593,-1596035.39119764,37087.5138502855,3588.62189143884,19168.8537597656,23573.5780341401,23470.798830548
2187.38688,2216.86784,29.4809599999999,31.0272,0.810426115989685,0.00438272,0.810426115989685,0.00438272,0.236146767951903,0.282790007398421,0.282790007398421,0.41078671824303,0.000148662730114624,0.000148662730114624,1.05244876693297,36239.6240234375,9536.7431640625,28805617.1550119,-1733945.74312034,36305.9665845788,2086.69877215351,19168.8537597656,26082.6454014144,26082.6454013973
2247.89504,2278.7072,30.8121599999999,30.5152000000003,0.82203871011734,0.00929792,0.724308431148529,0.00528384,0.222550440696644,0.286842104825296,0.252740111111915,0.387135364884327,0.00030176138251911,0.000171485543369891,0.990362246593563,35858.154296875,9155.2734375,27438272.5924767,-1712558.66885661,37395.9174522987,2852.73382062317,19168.8537597656,26718.0319422179,26718.0319421959
2309.2224,2340.21888,30.9964799999998,30.2284800000002,0.890313267707825,0.0096768,0.812149047851562,0.00674816,0.233373483857884,0.310665822083666,0.283391207069007,0.405962479988074,0.000312190287413283,0.000217707300958046,0.975222993062452,36239.6240234375,9155.2734375,20562248.5694866,-1539182.48748786,37292.3337496244,2109.88632330222,19168.8537597656,27953.4055648656,27953.4055648614
2370.44736,2401.51552,31.0681599999998,30.3001600000002,0.922946512699127,0.00529408,0.922946512699127,0.00529408,0.253988204385853,0.322052863308584,0.322052863308584,0.441822608274507,0.000170402109426501,0.000170402109426501,0.975280158207001,36239.6240234375,9536.7431640625,27767390.0898953,-1683380.06571293,37474.118746244,2930.82133754222,26988.9831542969,25529.3281057941,25497.5875755398
2431.81568,2463.77472,31.9590399999997,30.5971199999999,0.929330110549927,0.00533504,0.929330110549927,0.00533504,0.255600372055989,0.324280355300561,0.324280355300561,0.444627038215328,0.000166933675104135,0.000166933675104135,0.957385453380332,35476.6845703125,9155.2734375,21086398.657968,-1549644.32199232,36881.0148320647,2086.08591516484,19168.8537597656,27987.9139983816,27987.9139983757
2494.37184,2526.33088,31.9590400000002,32.8601600000002,0.986920952796936,0.00636928,0.986920952796936,0.00636928,0.273568896178852,0.344376098001578,0.344376098001578,0.475884002348773,0.000199295097725087,0.000199295097725087,1.02819609099648,36239.6240234375,9155.2734375,21837274.1335599,-1499833.61907461,36638.17837707,3994.72223070496,19168.8537597656,25629.0823796537,25629.0823796431
2559.19104,2591.05792,31.86688,29.4911999999999,0.987846255302429,0.00508928,0.987846255302429,0.00508928,0.261034996750884,0.344698972964775,0.344698972964775,0.454080784555627,0.000159704370179948,0.000159704370179948,0.925449871465293,36621.09375,9536.7431640625,32671334.5671001,-1833031.92062688,37986.6901625935,3036.26170000808,26988.9831542969,26185.986560704,25235.3320032039
2620.54912,2654.3616,33.8124800000001,29.1123199999997,0.971922516822815,0.00689152,0.971922516822815,0.00689152,0.266202435285633,0.339142545261354,0.339142545261354,0.463069749917389,0.0002038158691702,0.0002038158691702,0.860993337371281,36239.6240234375,9536.7431640625,13989623.4604782,-1264762.21068584,36302.0378736932,3464.26975304142,26988.9831542969,26770.637030664,26770.6370306607
2683.47392,2718.38208,34.90816,30.53568,1.15995645523071,0.0078848,1.15995645523071,0.0078848,0.27520166802817,0.404755088816405,0.404755088816405,0.47872427408079,0.000225872689938399,0.000225872689938399,0.874743326488706,36621.09375,9155.2734375,20842332.626831,-1520496.54327208,38298.1407361795,3782.06986353163,28514.8620605469,27679.6945357113,27679.6945356955
2748.91776,2784.44032,35.5225600000003,32.8703999999998,0.913295149803162,0.00503808,0.913295149803162,0.00503808,0.262820996150851,0.318685117710428,0.318685117710428,0.457187601721321,0.000141827616027672,0.000141827616027672,0.925338714326881,36239.6240234375,9155.2734375,20892348.9897779,-1438609.1648031,36531.3638020032,3887.57883942228,26512.1459960938,24789.9805204377,24740.0223967718
2817.31072,2850.77504,33.46432,30.5151999999998,1.05859065055847,0.00708608,1.05859065055847,0.00708608,0.28468313568027,0.369384515129741,0.369384515129741,0.495217665096528,0.000211750305997552,0.000211750305997552,0.911872705018353,37002.5634765625,9536.7431640625,22285795.5126222,-1592132.32997719,37521.9026036897,1951.00354999145,26988.9831542969,28322.6389188052,28322.6389187939
2881.29024,2915.34848,34.0582400000003,33.59744,1.00296449661255,0.00740352,1.00296449661255,0.00740352,0.286182881346793,0.349974330566891,0.349974330566891,0.497826532479696,0.000217378232110642,0.000217378232110642,0.986470234515927,36239.6240234375,9536.7431640625,19520404.8285742,-1514650.04435098,38083.6272559905,2081.57921265249,26988.9831542969,28943.3534838465,28943.3534838396
2948.94592,2983.99744,35.05152,31.9795199999999,1.12033176422119,0.00766976,1.12033176422119,0.00766976,0.28773107405115,0.390928453121109,0.390928453121109,0.500519675416805,0.00021881390593047,0.00021881390593047,0.912357581069234,36239.6240234375,9155.2734375,19002478.3786205,-1423682.28548396,37204.8865006671,2845.35006499102,26607.5134277344,26555.6111130121,26555.6111129991
3015.97696,3049.59488,33.6179200000001,34.3756800000001,1.10101652145386,0.00749568,1.10101652145386,0.00749568,0.29897540485348,0.384188594252659,0.384188594252659,0.520079637169357,0.000222966798659761,0.000222966798659761,1.02254035942735,37002.5634765625,9536.7431640625,15670547.2096054,-1329295.24622849,36819.0481258108,3596.80551085058,26607.5134277344,26977.8443850892,26977.844385085
3083.97056,3119.43168,35.4611199999999,33.8227199999997,1.33597588539124,0.00811008,1.33597588539124,0.00811008,0.324432613410972,0.466175291072071,0.466175291072071,0.564363466457635,0.000228703436326885,0.000228703436326885,0.953797285590521,36621.09375,9536.7431640625,15507409.7267229,-1348237.91743734,37630.6731125404,3419.88954902107,27561.1877441406,28309.5979232786,28309.5979232735
3153.2544,3187.24096,33.9865600000003,34.8569600000001,1.19930469989777,0.00738304,1.19930469989777,0.00738304,0.326069417568984,0.418485261352765,0.418485261352765,0.567210752551398,0.00021723410665863,0.00021723410665863,1.02561012353118,37002.5634765625,9536.7431640625,16592344.1042881,-1378107.23831074,36768.7444256048,3388.7006364097,26607.5134277344,27671.5356347401,27671.5356347353
3222.09792,3258.04032,35.9423999999999,35.9116800000002,1.26096272468567,0.0066048,1.26096272468567,0.0066048,0.323768334025374,0.440000206320512,0.440000206320512,0.563207925980951,0.000183760683760684,0.000183760683760684,0.999145299145306,37002.5634765625,9155.2734375,12943486.8223951,-1215845.57176256,36746.0579707705,3599.23422502463,27942.6574707031,26979.2852418896,26979.2852418856
3293.952,3328.67584,34.7238399999997,38.2566400000001,1.11388349533081,0.00699392,1.11388349533081,0.00699392,0.302392146679019,0.388678394823086,0.388678394823086,0.526023195803548,0.000201415511648483,0.000201415511648483,1.1017398997346,35476.6845703125,9155.2734375,12508765.163138,-1176088.34978585,34855.9349824251,3413.93150372332,26512.1459960938,25755.9218273429,25755.9218273395
3366.93248,3402.17856,35.2460799999999,38.5331200000001,1.3709636926651,0.0058368,1.3709636926651,0.0058368,0.32191181508078,0.478383933023037,0.478383933023037,0.559978437255697,0.00016560139453806,0.00016560139453806,1.09325973271354,35858.154296875,9155.2734375,14578601.1923747,-1230279.23851132,35513.6414075328,3776.1110559486,26512.1459960938,25251.7260370449,25251.7260370385
3440.71168,3475.79392,35.0822400000002,38.6764800000001,1.11515712738037,0.00684032,1.11515712738037,0.00684032,0.299782005802177,0.389122815862354,0.389122815862354,0.521482751679544,0.000194979568009339,0.000194979568009339,1.10245183887916,35476.6845703125,9155.2734375,13559576.2276647,-1172098.53580046,34698.2942360897,3747.79725879974,26512.1459960938,24431.209780238,24431.2097802324
3514.4704,3550.67904,36.2086399999998,37.82656,1.48136019706726,0.00638976,1.48136019706726,0.00638976,0.336600833596334,0.516905678165125,0.516905678165125,0.585530570628299,0.000176470588235295,0.000176470588235295,1.04468325791856,36621.09375,9155.2734375,14039639.823425,-1263638.17617453,36621.5635403037,3456.46836761087,26512.1459960938,27347.7308529902,27347.7308529851
3588.5056,3623.14752,34.64192,35.88096,1.32464909553528,0.00543744,1.32464909553528,0.00543744,0.332002306171418,0.462222922159014,0.462222922159014,0.577531248825103,0.000156961276973101,0.000156961276973101,1.03576707064735,37002.5634765625,9155.2734375,14027953.7573158,-1239054.13345893,35400.0565518952,3572.45435734601,26512.1459960938,26088.7912096922,26088.7912096878
3659.02848,3695.63648,36.6080000000002,40.192,1.47841584682465,0.00731136,1.47841584682465,0.00731136,0.347721781528398,0.515878276887618,0.515878276887618,0.604875902958634,0.000199720279720279,0.000199720279720279,1.09790209790209,37384.033203125,9536.7431640625,9084747.79318347,-1051648.67387927,36366.9371957262,4063.52591408272,28514.8620605469,26323.8692898314,26323.8692898293
3735.82848,3771.35104,35.5225599999999,39.4751999999999,1.23060989379883,0.00709632,1.23060989379883,0.00709632,0.317885524100259,0.429408892563834,0.429408892563834,0.552974543563125,0.0001997693859902,0.0001997693859902,1.11127125972903,35476.6845703125,9155.2734375,9122143.20473243,-1052494.18114276,34458.6489823064,3896.66386464641,26512.1459960938,25876.4905987093,25876.4905987074
3810.82624,3848.81664,37.9904000000001,37.7856000000002,1.42271685600281,0.00801792,1.42271685600281,0.00801792,0.337600749044949,0.496442676632613,0.496442676632613,0.587269963418721,0.000211051212938005,0.000211051212938005,0.994609164420486,36621.09375,9536.7431640625,10548069.4519624,-1171198.83543467,37323.2696159795,3122.51449691474,28514.8620605469,29270.5948484529,29270.5948484502
3886.60224,3924.75648,38.1542399999998,36.4646400000001,1.42853963375092,0.00703488,1.42853963375092,0.00703488,0.335819628168176,0.498474476114366,0.498474476114366,0.584171632638632,0.00018438003220612,0.00018438003220612,0.955716586151376,37384.033203125,9536.7431640625,14281352.9069452,-1203008.42748312,36949.6499338458,4229.03429801716,26512.1459960938,25109.8494672602,25109.8494672478
3961.22112,3999.27296,38.0518399999996,38.1440000000002,1.35011386871338,0.00713728,1.35011386871338,0.00713728,0.337673229954018,0.47110859755046,0.47110859755046,0.587396046849927,0.000187567276641552,0.000187567276641552,1.00242195909582,37384.033203125,9155.2734375,14241657.9791619,-1283016.2124734,37383.4179293725,3138.7007497555,27847.2900390625,28200.0253859676,28200.0253859606
4037.41696,4074.77248,37.3555200000001,39.3830400000002,1.46901547908783,0.0070144,1.46901547908783,0.0070144,0.351511607938316,0.51259811351505,0.51259811351505,0.61146845710258,0.000187774122807017,0.000187774122807017,1.05427631578948,37384.033203125,9155.2734375,14592051.4774964,-1275025.98107468,37288.3899591125,3560.02939351479,27847.2900390625,27267.0010148222,27267.0010148147
4114.15552,4152.32,38.1644799999995,39.3625600000005,1.31937456130981,0.00899072,1.31937456130981,0.00899072,0.321469414690515,0.460382426716909,0.460382426716909,0.559208864137918,0.000235578213039982,0.000235578213039982,1.03139254091766,37002.5634765625,9536.7431640625,12677016.2423679,-1162810.00457822,36628.3232165921,3376.23495765147,26512.1459960938,25913.6159617646,25913.6159617575
4191.68256,4230.37952,38.6969600000002,37.8368,1.37854051589966,0.0077312,1.37854051589966,0.0077312,0.342592973857634,0.481027788960405,0.481027788960405,0.595954137525021,0.000199788303784069,0.000199788303784069,0.977771897327331,37384.033203125,9155.2734375,13148944.8282367,-1254560.14226669,37810.2640951833,3059.08941204963,26512.1459960938,28857.7142357231,28857.7142357174
4268.21632,4307.6608,39.4444799999992,40.8473600000007,1.41419267654419,0.00750592,1.41419267654419,0.00750592,0.341573072572477,0.49346825030971,0.49346825030971,0.59417997857508,0.000190290758047771,0.000190290758047771,1.03556593977159,37002.5634765625,9155.2734375,12807027.1548301,-1174154.44102692,36985.7832833119,3495.85151946203,26512.1459960938,26387.8804160932,26387.8804160842
4348.50816,4387.96288,39.4547199999997,39.2294400000001,1.30221891403198,0.0075264,1.30221891403198,0.0075264,0.328064070245973,0.454396136881347,0.454396136881347,0.570680530411672,0.0001907604464054,0.0001907604464054,0.994290163508963,36239.6240234375,9155.2734375,16601701.8673724,-1263751.21142934,35565.3399246529,3531.88052819244,26512.1459960938,24082.0028212061,24017.4970997432
4427.19232,4466.56512,39.3728000000001,40.5708800000002,1.41264724731445,0.00817152,1.41264724731445,0.00817152,0.340629461250675,0.492928988389729,0.492928988389729,0.592538529058146,0.000207542262678803,0.000207542262678803,1.03042912873862,37002.5634765625,9536.7431640625,12237264.6055357,-1182966.67121653,37432.9754334391,3262.82080827516,27847.2900390625,27606.2898793063,27606.2898793
4507.136,4547.57376,40.4377599999998,42.7110400000001,1.65997993946075,0.00731136,1.65997993946075,0.00731136,0.371610527881357,0.579233233109817,0.579233233109817,0.646431329706083,0.000180805267156243,0.000180805267156243,1.05621676373766,38528.4423828125,9155.2734375,15695133.8702191,-1247819.00532382,37437.589986583,3603.64790676941,26035.3088378906,24808.9187423483,24794.1274057421
4590.2848,4632.18688,41.9020799999998,39.0348800000002,1.53670275211334,0.00772096,1.53670275211334,0.00772096,0.357346778071486,0.536216903756389,0.536216903756389,0.621618968202876,0.000184261974584556,0.000184261974584556,0.931573802541552,37384.033203125,8773.8037109375,8223253.60011081,-1027372.87138308,36634.735882601,3660.65205673895,26512.1459960938,28610.8006120942,28610.8006120911
4671.22176,4713.30816,42.0863999999992,38.8812800000005,1.52748560905457,0.00772096,1.52748560905457,0.00772096,0.362511409787937,0.533000674784547,0.533000674784547,0.6306030509923,0.000183454987834553,0.000183454987834553,0.923844282238472,38146.97265625,9155.2734375,12693119.458021,-1155027.11726469,37667.0027252733,4171.61912506797,26512.1459960938,26128.0542067431,26128.054206726
4752.18944,4794.05056,41.8611199999996,42.0864000000001,1.54236435890198,0.00995328,1.54236435890198,0.00995328,0.377717488377692,0.538192464259755,0.538192464259755,0.657054630979637,0.000237769080234836,0.000237769080234836,1.00538160469669,37765.5029296875,9536.7431640625,13056659.4279489,-1189092.545127,37551.1812016288,3219.86458974054,26512.1459960938,26896.8646038321,26896.8646038165
4836.13696,4878.2336,42.0966399999998,41.5641600000008,1.55832493305206,0.0081408,1.55832493305206,0.0081408,0.374178612800117,0.543761745398325,0.543761745398325,0.650898615814195,0.000193383604962297,0.000193383604962297,0.987351009486768,38528.4423828125,9155.2734375,13934558.8661475,-1255343.85168356,38580.6066922508,3224.98748782152,26512.1459960938,28151.9488172391,28151.9488172216
4919.79776,4963.19488,43.3971199999996,42.6393600000001,1.58784914016724,0.0075264,1.58784914016724,0.0075264,0.381033605172159,0.554063919259462,0.554063919259462,0.662823148360266,0.000173430863614914,0.000173430863614914,0.98253893345919,37384.033203125,9155.2734375,9622922.38367167,-1011822.23553787,36704.0126597514,3942.17385123539,26512.1459960938,25787.2247861746,25787.2247861658
5005.83424,5050.90048,45.0662400000001,40.4992000000002,1.44753992557526,0.00794624,1.44753992557526,0.00794624,0.352980857321003,0.505104436032447,0.505104436032447,0.614024274984101,0.00017632356282663,0.00017632356282663,0.898659395591913,37765.5029296875,9155.2734375,15038162.2362492,-1205368.57194645,37901.005689702,4173.12341542236,27465.8203125,24528.1199485162,23779.4333319368
5091.39968,5136.9984,45.59872,44.2675199999994,1.74956595897675,0.00764928,1.74956595897675,0.00764928,0.397444318886048,0.610493369748904,0.610493369748904,0.691370239175954,0.000167752077251291,0.000167752077251291,0.970806198068706,38528.4423828125,9155.2734375,14709601.1996359,-1225129.26740808,38082.4615596344,3646.87383425188,27179.7180175781,25739.6497895642,25279.4871938179
5181.26592,5226.0352,44.7692800000004,41.1750400000001,1.56089448928833,0.0087552,1.56089448928833,0.0087552,0.385323415783986,0.544658366092954,0.544658366092954,0.670285444958267,0.000195562671546201,0.000195562671546201,0.919716376944183,38528.4423828125,9155.2734375,11929822.0108002,-1114619.68021928,37868.7992365971,3992.45673739841,27751.9226074219,25989.9163086076,25989.9163085796
5267.21024,5311.93856,44.7283199999993,43.6121600000006,1.68566834926605,0.00753664,1.68566834926605,0.00753664,0.408735200142151,0.588196944243462,0.588196944243462,0.711011177298854,0.000168498168498171,0.000168498168498171,0.975045787545817,38146.97265625,9155.2734375,10748530.4698602,-1042736.53000029,36973.4009260377,4043.22293898458,27179.7180175781,25136.100107085,25136.1001070654
5355.55072,5400.27904,44.7283200000002,42.4960000000001,1.82959532737732,0.00886784,1.82959532737732,0.00886784,0.405611201221889,0.638418809509013,0.638418809509013,0.705576856620324,0.000198260073260073,0.000198260073260073,0.950091575091574,38909.912109375,9536.7431640625,10855503.830618,-1050601.6289116,37501.8616900941,3905.88116424938,27465.8203125,25273.8794438196,25273.8794437997
5442.77504,5490.47296,47.6979199999996,42.1068800000003,1.87046337127686,0.0083456,1.87046337127686,0.0083456,0.404772210698193,0.65267930063669,0.65267930063669,0.704117399153024,0.000174967797337915,0.000174967797337915,0.882782310004307,38528.4423828125,9536.7431640625,14285113.7042678,-1166571.97876615,37806.0333054936,4040.64440023224,27799.6063232422,24490.0869945148,23143.1151191746
5532.57984,5580.0832,47.5033599999997,43.5609599999998,1.93518388271332,0.00910336,1.93518388271332,0.00910336,0.446597764195593,0.675262869387552,0.675262869387552,0.776874617085369,0.000191636128475966,0.000191636128475966,0.917007975856867,38528.4423828125,9536.7431640625,12245953.3492202,-1117064.72825912,38388.9444261245,3379.04532457507,27179.7180175781,25518.3252657689,25430.4866391005
5623.64416,5671.18848,47.54432,44.6771200000003,2.04205250740051,0.00897024,2.04205250740051,0.00897024,0.437849313387158,0.712553596536744,0.712553596536744,0.761656338095247,0.00018867111781176,0.00018867111781176,0.939694163256522,38146.97265625,9155.2734375,10118863.2426926,-1043812.68034843,37591.1513542578,3169.73675282628,27465.8203125,26754.0545653814,26754.0545653606
5715.8656,5766.67648,50.81088,45.5577599999997,2.07227206230164,0.00904192,2.07227206230164,0.00904192,0.42147136549111,0.723098404984371,0.723098404984371,0.733166244726097,0.00017795243853285,0.00017795243853285,0.896614268440139,38146.97265625,9155.2734375,11160778.5929688,-1045174.97382542,37297.075282342,3409.505012367,22602.0812988281,24646.8570391558,24291.9699708473
5812.23424,5860.7104,48.4761600000002,45.4246400000002,2.24188184738159,0.01005568,2.24188184738159,0.01005568,0.456141497148668,0.782282026330324,0.782282026330324,0.793476321074729,0.000207435572454583,0.000207435572454583,0.937051119560626,38146.97265625,9155.2734375,11574332.0237705,-1063914.93059642,37887.8036517389,3349.31390231306,27465.8203125,24522.0912453635,24375.5467322125
5906.13504,5955.91168,49.77664,45.18912,1.96592473983765,0.00893952,1.96592473983765,0.00893952,0.45135742159455,0.68598958098051,0.68598958098051,0.78515423090281,0.000179592676404032,0.000179592676404032,0.907837893437564,38528.4423828125,9155.2734375,13840837.0652106,-1145544.68531875,37921.4885263791,3458.98065840239,22602.0812988281,24678.0965625182,22727.7311636763
6001.1008,6053.71392,52.61312,46.8787199999997,2.17364978790283,0.0100352,2.17364978790283,0.0100352,0.456841037288686,0.758473138358785,0.758473138358785,0.794693199039605,0.000190735694822888,0.000190735694822888,0.891008174386916,38528.4423828125,9155.2734375,10366408.9737678,-1051142.19906314,38165.2100064381,3262.40776602977,27465.8203125,26684.1242565127,26608.1952132882
6100.59264,6152.31488,51.7222400000001,45.95712,2.10909390449524,0.00986112,2.10909390449524,0.00986112,0.457036905579743,0.735947014895759,0.735947014895759,0.795033919741349,0.000190655315779053,0.000190655315779053,0.888536923381508,38528.4423828125,9155.2734375,11150937.2897503,-1091371.67743723,38446.7653281182,2452.89623191275,27132.0343017578,26790.4060708173,26617.3106680042
6198.272,6249.99424,51.7222400000001,47.0425599999999,2.29781317710876,0.01048576,2.29781317710876,0.01048576,0.447895363082063,0.801798698899588,0.801798698899588,0.779131842084854,0.000202732132251039,0.000202732132251039,0.909522866759054,38528.4423828125,9155.2734375,11858833.8705041,-1103204.69245259,38563.399364724,3397.06727017981,27084.3505859375,25978.930841652,25335.5827783823
6297.0368,6351.94368,54.9068800000005,44.7487999999994,2.43426537513733,0.01077248,2.43426537513733,0.01077248,0.464881973372092,0.849412315154916,0.849412315154916,0.808680727956269,0.000196195449459155,0.000196195449459155,0.814994405072716,38146.97265625,9155.2734375,7837748.78748238,-934859.065951079,37673.1022287805,2937.85664288219,27465.8203125,27701.2201336739,27701.2201336475
6396.69248,6450.13504,53.4425600000004,50.18624,2.23278832435608,0.01045504,2.23278832435608,0.01045504,0.470581321567286,0.779108933320455,0.779108933320455,0.818594971380109,0.00019563134700134,0.00019563134700134,0.939068787123963,38146.97265625,9155.2734375,10451873.0263886,-1000001.19627815,37861.7899565283,3338.95304881238,26988.9831542969,24247.4794354852,23590.9539257918
6500.32128,6555.12576,54.8044799999998,47.8003200000003,2.06423997879028,0.01076224,2.06423997879028,0.01076224,0.469411830659382,0.72029569057181,0.72029569057181,0.816560595317123,0.00019637518684604,0.00019637518684604,0.872197309417049,38146.97265625,9155.2734375,14376771.1102575,-1218320.24675567,39581.1421386571,2287.75913950278,26988.9831542969,28033.3553114315,23588.3294838552
6602.92608,6658.22208,55.2959999999994,49.8073600000007,2.32223534584045,0.01097728,2.32223534584045,0.01097728,0.477569052625222,0.810320568000371,0.810320568000371,0.830750408162708,0.000198518518518521,0.000198518518518521,0.900740740740764,38528.4423828125,9155.2734375,12319908.9825883,-1127297.21357092,39079.2749900899,2535.32118292007,26750.5645751953,26909.9291354154,24665.0863917315
6708.02944,6764.9024,56.8729599999997,51.1692800000001,2.26781845092773,0.01125376,2.26781845092773,0.01125376,0.473308294068269,0.791332342162936,0.791332342162936,0.823338648772492,0.000197875405113433,0.000197875405113433,0.899711919337421,38528.4423828125,9155.2734375,9205570.69560594,-987654.644303324,38363.1890941514,2446.90551684279,27465.8203125,26587.0272682568,26395.115549055
6816.07168,6875.2896,59.21792,46.8275199999998,2.27651858329773,0.0114688,2.27651858329773,0.0114688,0.471415936623638,0.794368165477038,0.794368165477038,0.820046817547509,0.000193671104962822,0.000193671104962822,0.790766038388376,38528.4423828125,9155.2734375,10290173.6692877,-1019364.55801593,38579.5667367771,2657.30508642137,26750.5645751953,26210.6568039043,24279.4583451171
6922.11712,6982.72768,60.6105600000001,49.9302399999997,2.41379356384277,0.01094656,2.41379356384277,0.01094656,0.480318511712387,0.842268883380908,0.842268883380908,0.835533201868316,0.00018060483189728,0.00018060483189728,0.823787801993574,38528.4423828125,9155.2734375,11584516.7118564,-1069062.61021568,38629.6486367984,3223.64654381948,22602.0812988281,27089.4148402395,22239.1396979595
7032.65792,7094.09792,61.4400000000005,47.3907199999994,2.6206967830658,0.01133568,2.6206967830658,0.01133568,0.510665467266427,0.914465671885661,0.914465671885661,0.888322941015836,0.000184499999999998,0.000184499999999998,0.771333333333317,38909.912109375,9155.2734375,10200292.3746412,-1011954.35347116,38595.485314565,2364.84272380924,26750.5645751953,26527.554390041,23669.6610800331
7141.48864,7205.62176,64.1331200000004,50.2886399999998,2.30553698539734,0.01291264,2.30553698539734,0.01291264,0.514533277784742,0.80449384378692,0.80449384378692,0.895051151625639,0.000201341210282611,0.000201341210282611,0.784129011655747,39291.3818359375,9155.2734375,9209511.39415058,-969195.80079494,39160.2258579213,2202.63818633253,26750.5645751953,26720.0855589031,24278.3045443055
7255.9104,7318.43584,62.5254400000003,51.7222400000001,2.38244223594666,0.01263616,2.38244223594666,0.01263616,0.528968132001338,0.831329154178244,0.831329154178244,0.920161156066435,0.000202096298722567,0.000202096298722567,0.82721912872584,38146.97265625,9155.2734375,6950186.03051934,-859755.442885446,38021.0487210021,1832.23192962217,27465.8203125,26591.6388370483,26585.3170874718
7370.15808,7436.07296,65.9148800000003,54.1081599999998,2.73396325111389,0.01210368,2.73396325111389,0.01210368,0.521792203427766,0.953988861853692,0.953988861853692,0.907678342201778,0.000183625912692247,0.000183625912692247,0.820879291595457,38909.912109375,9155.2734375,10419174.6979503,-1019987.71506519,39293.0753752341,2786.4574961106,22459.0301513672,27962.5632590298,21963.435544423
7490.18112,7555.09248,64.9113600000001,51.6403199999995,2.5048828125,0.01206272,2.5048828125,0.01206272,0.515680463736894,0.874053556645338,0.874053556645338,0.897046727328775,0.000185833727717305,0.000185833727717305,0.795551348793177,38146.97265625,9155.2734375,9840939.38278762,-963128.970804185,38538.005017587,2929.46827502005,22602.0812988281,26077.1713279617,21053.3642500692
7606.7328,7675.7504,69.0176000000001,54.7532799999999,2.23723959922791,0.0133632,2.23723959922791,0.0133632,0.522598819527197,0.780662160726508,0.780662160726508,0.909081483067271,0.000193620178041543,0.000193620178041543,0.793323442136496,38909.912109375,9155.2734375,7328358.35093519,-844729.325443733,38354.3927305559,3463.06021436783,26988.9831542969,25292.2916331254,23393.0751962497
7730.50368,7798.75328,68.2496000000001,56.2995200000005,2.66524410247803,0.0135168,2.66524410247803,0.0135168,0.53340279041673,0.930010009040665,0.930010009040665,0.927875421193954,0.000198049512378094,0.000198049512378094,0.824906226556645,39672.8515625,8773.8037109375,8032547.88963458,-898521.442039765,39014.6763319739,3157.81231204136,22459.0301513672,26346.3136941588,23908.0574824032
7855.0528,7925.248,70.1951999999992,55.2038400000001,2.3941535949707,0.01294336,2.3941535949707,0.01294336,0.512240697451499,0.835415714618133,0.835415714618133,0.891063116728657,0.000184390955506931,0.000184390955506931,0.786433260393884,39291.3818359375,9536.7431640625,9627666.78973629,-970914.833662869,39368.1161503427,2495.61158931359,22459.0301513672,28242.0749047904,20714.5219409405
7980.45184,8050.176,69.7241600000007,54.9990399999997,2.41617178916931,0.01329152,2.41617178916931,0.01329152,0.542576769846428,0.843098741087141,0.843098741087141,0.943833924186983,0.000190630048465265,0.000190630048465265,0.78880892935819,37765.5029296875,9155.2734375,7658350.17195936,-854943.648539111,37831.2830629115,2364.28116197846,22411.3464355469,25341.5432174544,22379.4762965398
8105.17504,8178.60608,73.4310399999995,56.8012799999997,2.41687965393066,0.01248256,2.41687965393066,0.01248256,0.55576722227374,0.843345743345768,0.843345743345768,0.966779242099868,0.000169990238460467,0.000169990238460467,0.773532282805746,38528.4423828125,9155.2734375,7079997.8924493,-809127.814903109,37439.4424759057,2801.80785568514,22459.0301513672,24996.1164302926,21238.9154463414
8235.40736,8311.47008,76.0627199999999,56.9344000000001,2.71451926231384,0.013312,2.71451926231384,0.013312,0.552467735644311,0.947204078357536,0.947204078357536,0.961039653554383,0.000175013462574044,0.000175013462574044,0.748519116855145,39291.3818359375,9155.2734375,7774336.38142695,-873841.288028009,38689.5733298312,2902.28659121235,15926.3610839844,27622.1847682743,21488.0315246222
8368.40448,8445.89056,77.4860800000006,57.5897600000008,2.49245095252991,0.01165312,2.49245095252991,0.01165312,0.553037848297654,0.869715584677807,0.869715584677807,0.962031387245794,0.00015038985066737,0.00015038985066737,0.743227170609228,38528.4423828125,9155.2734375,6650389.98985401,-787571.186018695,37593.2867977116,3056.12164703458,22459.0301513672,25537.7508827469,21096.246641941
8503.48032,8584.40704,80.9267199999995,57.0367999999999,2.57790923118591,0.0157696,2.57790923118591,0.0157696,0.540641953505039,0.899535387836391,0.899535387836391,0.940468234018215,0.000194862710363155,0.000194862710363155,0.704795647222576,38909.912109375,9155.2734375,7237952.52536067,-856138.526674018,39281.7315601167,2119.20919863241,22411.3464355469,28751.8503070544,21882.1617832067
8641.44384,8721.7152,80.2713600000006,61.3068800000001,2.8658230304718,0.0113152,2.8658230304718,0.0113152,0.574864662036599,1,1,1,0.000140961857379767,0.000140961857379767,0.763745375685669,39291.3818359375,9155.2734375,6156256.70525698,-758021.727055353,37504.7440536194,2871.92957446522,22459.0301513672,25488.0703479051,21179.6488120078
8783.02208,8866.70336,83.6812799999989,58.1734400000005,2.73063397407532,0.01175552,2.73063397407532,0.01175552,0.569349472807529,0.95282714425872,0.95282714425872,0.990406108440322,0.000140479686735195,0.000140479686735195,0.695178658835062,38909.912109375,9155.2734375,5799070.65641762,-722698.208702141,37128.7585972072,3294.77719266342,28228.759765625,25164.4552581874,19867.9905289933
8924.8768,9012.25472,87.3779200000008,60.6822400000001,2.67842102050781,0.01276928,2.67842102050781,0.01276928,0.543805141836319,0.934607961492606,0.934607961492606,0.945970726239731,0.000146138521035977,0.000146138521035977,0.694480253134883,37765.5029296875,9155.2734375,5725833.90479717,-722764.520792388,37464.5587437553,3056.8568503186,22411.3464355469,26179.3376168631,19437.4860236538
9072.93696,9160.74496,87.8079999999991,59.0848000000005,2.45203757286072,0.01251328,2.45203757286072,0.01251328,0.549512601434702,0.855613744040935,0.855613744040935,0.955899079772826,0.000142507288629739,0.000142507288629739,0.672886297376107,39291.3818359375,9155.2734375,5135190.63261752,-689192.203817555,37174.6569164138,3228.19880417552,15926.3610839844,25325.1258728947,20923.0118321962
9219.82976,9311.46752,91.6377599999996,60.2009600000001,2.59268808364868,0.0133632,2.59268808364868,0.0133632,0.560988267336445,0.904692319128249,0.904692319128249,0.975861458154353,0.000145826349312773,0.000145826349312773,0.656944910045819,38146.97265625,9155.2734375,5037586.91259182,-674053.426839571,36782.5084049217,3105.24879140981,15830.9936523438,25630.0830691983,19465.7155556921
9371.66848,9467.62752,95.9590399999997,63.0988799999996,2.57832455635071,0.01296384,2.57832455635071,0.01296384,0.559407299835371,0.89968031135762,0.89968031135762,0.973111302151593,0.000135097641660442,0.000135097641660442,0.657560559171911,38528.4423828125,9155.2734375,4601212.69635241,-654268.634400743,37040.9383543186,3123.75710832789,28228.759765625,26102.4347767774,20414.3915393263
9530.7264,9628.928,98.2016000000003,61.7369600000002,2.48779106140137,0.01369088,2.48779106140137,0.01369088,0.548776713537356,0.868089562736119,0.868089562736119,0.954618973434859,0.00013941605839416,0.00013941605839416,0.628675703858185,38146.97265625,9155.2734375,4106537.53275001,-599441.750848364,35901.9490031453,3229.91553951978,23961.067199707,24486.498944114,19264.5215941777
9690.66496,9787.47392,96.8089600000003,64.0511999999999,2.38608884811401,0.01419264,2.38608884811401,0.01419264,0.558566160910565,0.832601602661135,0.832601602661135,0.971648107454905,0.000146604611804527,0.000146604611804527,0.66162470911783,37765.5029296875,9155.2734375,5098248.37496584,-685603.130917357,37095.2991469317,2461.62838378651,23579.5974731445,27507.8380807457,18591.8711076365
9851.52512,9950.464,98.9388799999997,64.2457599999998,2.34230208396912,0.01158144,2.34230208396912,0.01158144,0.546983737985673,0.817322653584615,0.817322653584615,0.951500020975109,0.00011705651003933,0.00011705651003933,0.649347961084661,37765.5029296875,9155.2734375,3970690.90783485,-594161.078470436,36024.3290003069,3004.09896318944,28228.759765625,24537.2273960922,19916.9275712854
10014.70976,10118.20544,103.49568,63.9692800000012,2.28117942810059,0.01563648,2.28117942810059,0.01563648,0.515355028386231,0.795994520193745,0.795994520193745,0.896480619560887,0.000151083407539329,0.000151083407539329,0.618086474720502,38909.912109375,9155.2734375,3829718.85583613,-600675.251911278,36886.2715451526,3027.64444174088,24390.2206420898,25960.8785040785,21145.8124588695
10182.17472,10282.72128,100.546559999999,63.1705600000005,2.28619527816772,0.01590272,2.28619527816772,0.01590272,0.522112854477282,0.797744750411663,0.797744750411663,0.908236127487066,0.00015816274569712,0.00015816274569712,0.628271718097578,37765.5029296875,8773.8037109375,3644484.76377466,-582405.70980047,36700.4470170109,3089.07466709242,15926.3610839844,24821.067055189,21714.5683797461
10345.89184,10452.0192,106.12736,58.4499199999991,2.2533106803894,0.01298432,2.2533106803894,0.01298432,0.519871253433359,0.786270002170525,0.786270002170525,0.904336773096449,0.000122346584330374,0.000122346584330374,0.550752605171738,38528.4423828125,9155.2734375,3463677.28563687,-570508.384244837,36841.7774805395,3116.92849681379,24390.2206420898,25449.6262431706,21535.0941187083
10510.46912,10609.60256,99.1334399999996,63.7132799999999,2.25353860855103,0.01632256,2.25353860855103,0.01632256,0.533187950608228,0.786349535400315,0.786349535400315,0.927501698781203,0.000164652411940916,0.000164652411940916,0.642702200185933,37765.5029296875,9155.2734375,3256314.26662361,-531955.957105571,35996.0782978586,3707.71938451918,15926.3610839844,22717.1346427486,20733.3943767381
10673.31584,10783.98976,110.673920000001,61.286399999999,2.42235159873962,0.01212416,2.42235159873962,0.01212416,0.526466394067954,0.845255123217023,0.845255123217023,0.915809283184703,0.000109548482605476,0.000109548482605476,0.553756476683924,37765.5029296875,9155.2734375,2655477.46273895,-479732.716914755,34935.8501476614,3489.70927005088,24390.2206420898,22766.0236894137,20567.7095392609
10845.27616,10962.15552,116.879360000001,67.3689599999998,2.13021636009216,0.03196928,2.11967539787292,0.01850368,0.485258550546398,0.743317482427191,0.739639320130651,0.844126596384009,0.000273523742772032,0.000158314350797265,0.576397406693528,37384.033203125,9155.2734375,2783115.55608799,-505566.221431551,36506.3915930084,3181.90860336111,15926.3610839844,24848.5593003609,21070.7137302837
11029.52448,11150.42816,120.903679999999,63.2934400000013,2.27548909187317,0.0159744,2.27548909187317,0.0159744,0.523745596891226,0.794008934842901,0.794008934842901,0.911076348015077,0.000132125010586941,0.000132125010586941,0.523503006690959,37384.033203125,8773.8037109375,2391091.24146768,-457917.598433183,35136.7751043906,3424.7036150172,17619.1329956055,23436.2033238589,20411.6687357409
11213.7216,11332.7104,118.988799999999,66.3347200000007,2.15640664100647,0.01846272,2.15640664100647,0.01846272,0.478348666332175,0.752456316415135,0.752456316415135,0.832106577289875,0.000155163511187609,0.000155163511187609,0.557487091222041,37765.5029296875,8773.8037109375,2013649.61048814,-410341.159661053,35036.8505576414,4191.72836616874,24390.2206420898,21493.5502599735,20316.0773767126
11399.04512,11512.2176,113.172479999999,62.5663999999997,1.76784980297089,0.03125248,1.63241970539093,0.01581056,0.466199890840499,0.616873332433177,0.569616367805581,0.810973297939156,0.000276149113282666,0.000139703221136447,0.552841114730366,38528.4423828125,8773.8037109375,2415023.3798177,-496954.873151168,37074.8775925978,1803.59255620283,18978.1188964844,25820.8228821506,25309.9712900307
11574.784,11689.6768,114.8928,64.3174400000007,1.91163790225983,0.01754112,1.91163790225983,0.01754112,0.472557405326264,0.667046737336434,0.667046737336434,0.822032447867144,0.000152673796791444,0.000152673796791444,0.559803921568635,38528.4423828125,8773.8037109375,2256313.89816731,-477030.37449253,36808.6464517897,2335.95155601147,18453.5980224609,25403.7214506114,25023.2098537713
11753.99424,11877.50912,123.514880000001,62.1875199999995,2.12454056739807,0.01524736,2.12454056739807,0.01524736,0.477048577899775,0.741336971895402,0.741336971895402,0.829845021625982,0.000123445531420991,0.000123445531420991,0.503482009616972,38146.97265625,8773.8037109375,2292018.97219285,-472371.793283794,36208.8197738143,2620.63138782471,23460.3881835938,25298.4767066012,23378.0744921948
11939.69664,12061.81888,122.122240000001,64.3993599999994,1.84169483184814,0.01590272,1.84169483184814,0.01590272,0.480184233128266,0.642640809382059,0.642640809382059,0.835299618917426,0.000130219688076471,0.000130219688076471,0.527335233942639,37765.5029296875,8773.8037109375,1955929.60583838,-438592.053588963,36483.2808696409,2997.19023267644,28228.759765625,24782.8954221404,24391.4198990389
12126.21824,12244.6848,118.466560000001,63.7951999999987,1.78032505512238,0.01743872,1.78032505512238,0.01743872,0.433833605322351,0.62122644566412,0.62122644566412,0.75467085380651,0.000147203734117036,0.000147203734117036,0.538508081943109,37384.033203125,9155.2734375,2345324.0223924,-475562.712001311,36946.8801730735,2742.3114679211,16307.8308105469,24791.8282807209,23423.237028874
12308.48,12418.34496,109.864960000001,64.1638399999993,1.55045866966248,0.01584128,1.55045866966248,0.01584128,0.41948271716607,0.541016892242374,0.541016892242374,0.729706911675436,0.000144188647590641,0.000144188647590641,0.584024606207464,36621.09375,9155.2734375,1671896.70592571,-399054.564911023,34630.4472475423,2730.3947015775,18453.5980224609,23661.8032269251,23661.8032268013
12482.5088,12592.87552,110.36672,56.7500799999998,1.50007367134094,0.03125248,1.36929786205292,0.02669568,0.408855790532823,0.523435555995928,0.477802658256776,0.71122094909148,0.000283169419187233,0.000241881610688439,0.514195583596213,36239.6240234375,9155.2734375,1282019.60032468,-358016.314675454,33732.8358165295,1845.5227533109,16331.672668457,23897.0454929132,23897.0454928634
12649.6256,12758.99904,109.373440000001,62.7199999999993,1.45001673698425,0.01713152,1.45001673698425,0.01713152,0.400592571445881,0.505968694356377,0.505968694356377,0.696846750027534,0.00015663327403801,0.00015663327403801,0.573448179009444,36621.09375,9155.2734375,2326063.79362046,-470315.537430906,36555.2628252314,2492.70684096368,18453.5980224609,23933.0691654024,23614.375228275
12821.71904,12934.58432,112.86528,63.1193600000006,1.45580554008484,0.0379904,1.41392505168915,0.01785856,0.413225388323869,0.507988638728041,0.49337486531971,0.718822038668922,0.000336599528216295,0.00015822899655235,0.559245146071499,37765.5029296875,8773.8037109375,2262498.79710056,-476197.495585824,36357.4199831703,1566.38677619959,20146.369934082,25188.4874607904,24925.1611388739
12997.70368,13111.38816,113.68448,68.6284799999994,1.39813530445099,0.04035584,1.31657695770264,0.01590272,0.392447461874755,0.487865192506605,0.459406231195612,0.682678007175487,0.000354981084489281,0.000139884705458476,0.603675013511074,37384.033203125,9155.2734375,2120237.20582361,-455053.420360901,36179.5369318526,1650.82357968191,16307.8308105469,24502.4412278706,24330.224475078
13180.01664,13296.9472,116.930560000001,70.3078399999995,1.3262836933136,0.03800064,1.13598549365997,0.01757184,0.364314778657649,0.462793298543369,0.39639066389698,0.633740083043154,0.00032498467466503,0.000150275856029424,0.60127857080304,37384.033203125,8773.8037109375,2286998.84395816,-474320.085470491,36535.8143973681,1869.12095794114,16307.8308105469,24993.7027383971,24192.9363636763
13367.25504,13474.75456,107.499519999999,67.8912,1.29349482059479,0.03172352,1.2281938791275,0.01294336,0.353639835431189,0.451351952594867,0.428565848647432,0.615170593680839,0.000295103829300821,0.000120403886454563,0.631548866450756,37002.5634765625,8773.8037109375,1879385.26607005,-446324.485764852,36306.4401241718,1319.57714701642,19955.6350708008,26261.2159553865,26261.2159552929
13542.64576,13651.03616,108.3904,65.9456000000009,1.25601518154144,0.03151872,1.12953865528107,0.01447936,0.317376790545686,0.438273811113404,0.394141104761486,0.552089581261266,0.000290788852149267,0.000133585262163439,0.608408124704778,36239.6240234375,8773.8037109375,1650635.74544188,-423265.921868634,35746.6525148981,525.189500475785,19121.1700439453,26485.5034960749,26485.503496014
13716.98176,13819.32032,102.33856,68.7308799999992,1.39783442020416,0.038656,0.936460912227631,0.02542592,0.348871697311289,0.487760201987782,0.326768576520742,0.606876227311182,0.000377726635981588,0.000248449069441665,0.671602961777057,35858.154296875,8773.8037109375,1555723.35183617,-394460.645588145,34139.8772978749,1575.67647607862,19955.6350708008,24075.1624100496,24075.1624100025
13888.0512,13991.68,103.6288,65.6691200000005,1.19146323204041,0.03750912,0.929169952869415,0.01243136,0.317653590456433,0.415749060347336,0.324224469895633,0.552571085742281,0.000361956521739129,0.0001199604743083,0.633695652173915,34332.275390625,8773.8037109375,1550911.80787768,-377878.1660929,33216.8770353322,1561.3558669608,20146.369934082,22503.9303657614,22503.9303656935
14057.34912,14151.28064,93.9315200000001,67.4918399999988,1.14200305938721,0.02890752,1.07246375083923,0.0142336,0.32777453422475,0.398490432676577,0.374225393346313,0.570176870958686,0.0003077510083942,0.000151531669028671,0.718521748610037,34332.275390625,9155.2734375,1431718.65960981,-388838.75221363,33528.7138604535,1285.52221363002,20170.2117919922,23891.9745297996,23891.9745297788
14218.77248,14308.85376,90.0812800000003,69.5295999999998,1.26465785503387,0.03574784,0.896237015724182,0.00688128,0.315660458111124,0.441289584732548,0.312732854120666,0.54910395255958,0.000396839831760826,7.638967829942e-05,0.771854041150388,32806.396484375,9155.2734375,1027185.18055212,-351721.263561621,32367.1406517399,1269.05711974352,23460.3881835938,23348.2667464566,23348.2667464486
14378.38336,14432.49152,54.1081599999998,0,1.04893434047699,0.02541568,0.797133445739746,0.00305152,0.300366111891051,0.366015043261169,0.278151664378422,0.522498827509992,0.000469719909159729,5.63966691900078e-05,0,30899.0478515625,11444.091796875,2045616.85758756,-494499.111785592,31593.4932689154,884.693105133672,20980.8349609375,20767.4989495897,20767.4989495877
