note.starts,note.ends,note.durs,INI,pk.amps,pk.times,qpk.amps,qpk.times,note.rmss,rel.pk.amps,rel.qpk.amps,rel.note.rmss,rel.pk.tm,rel.qpk.tm,rel.INI,max.Hz,min.Hz,FMa,FMb,FMc,FM.resid,note.DF,arcL,chordL
999.13728,1022.2592,23.1219199999999,30.67904,0.223762288689613,0.00763904,0.121874287724495,0.00355328,0.0542158315559591,0.122219879072875,0.066568235402894,0.124964169304792,0.000330380868024802,0.000153675819309124,1.32683790965456,41198.73046875,9536.7431640625,17773307.1924641,-1323807.55136695,30433.92248321,5749.35615247817,20599.365234375,21106.9502080259,21106.9502080249
1052.93824,1081.42592,28.48768,26.5318400000001,0.293751806020737,0.00350208,0.293751806020737,0.00350208,0.0781778046149954,0.160448440260164,0.160448440260164,0.180195048778357,0.000122933141624731,0.000122933141624731,0.931344356578007,31280.517578125,9536.7431640625,22301628.5155505,-1397900.03275775,31973.7219527776,1092.19461241277,26893.6157226562,21724.0887540774,21724.0887540692
1107.95776,1134.76608,26.8083200000001,29.15328,0.459432631731033,0.00487424,0.459432631731033,0.00487424,0.106173618321337,0.250943986232591,0.250943986232591,0.244723683743842,0.000181818181818181,0.000181818181818181,1.08747135217723,34713.7451171875,9536.7431640625,27414910.1358448,-1539998.19406356,34329.4752175898,3212.88176956569,26893.6157226562,21582.0516982063,21582.0516981948
1163.91936,1190.0928,26.1734399999998,27.07456,0.450679033994675,0.00393216,0.450679033994675,0.00393216,0.104427883604203,0.24616273527625,0.24616273527625,0.240699872202224,0.000150234741784039,0.000150234741784039,1.03442879499218,32424.9267578125,9536.7431640625,49908180.1682714,-2013601.79091415,34053.356616528,3178.91272591798,26893.6157226562,22107.1873641345,18513.3386670874
1217.16736,1245.05088,27.8835200000001,26.03008,0.394668877124786,0.00333824,0.394668877124786,0.00333824,0.104766394851029,0.215569758061103,0.215569758061103,0.241480119881657,0.00011972089607051,0.00011972089607051,0.93352919573999,31280.517578125,9155.2734375,23445703.6256244,-1338841.93524003,31055.8575415329,3511.38741768179,26893.6157226562,19102.8096452167,19102.809645197
1271.08096,1299.56864,28.48768,24.95488,0.434056311845779,0.0036864,0.434056311845779,0.0036864,0.106899865569082,0.237083336317661,0.237083336317661,0.246397639144317,0.000129403306973401,0.000129403306973401,0.875988497483826,32043.45703125,8773.8037109375,13932640.7240509,-1216185.96992583,31428.6575015826,3039.64229917326,26893.6157226562,23339.3112465378,23339.3112465362
1324.52352,1352.97024,28.4467200000001,26.6649599999998,0.408226191997528,0.01354752,0.398099929094315,0.00448512,0.104967885149406,0.222974819003243,0.217443812707506,0.241944542671772,0.000476241900647946,0.000157667386609071,0.937365010799126,31661.9873046875,8773.8037109375,27442130.3799922,-1495844.03587584,32807.5273234854,3675.44524531272,26893.6157226562,20423.2545134025,20345.2488018019
1379.6352,1409.80224,30.16704,26.48064,0.563149213790894,0.01415168,0.464671462774277,0.00479232,0.117047467914054,0.30759440839015,0.253805457217439,0.269787240688395,0.000469110658520026,0.000158859470468432,0.877800407331974,33950.8056640625,8773.8037109375,16734358.9072034,-1240810.26541291,33026.0350153996,3445.71107351531,26798.2482910156,22202.4645258188,22202.4645258142
1436.28288,1463.20384,26.9209599999999,32.0204800000001,0.461590528488159,0.0042496,0.461590528488159,0.0042496,0.125263058788861,0.252122638284517,0.252122638284517,0.288723674190455,0.000157854697603652,0.000157854697603652,1.18942563712439,33187.8662109375,9155.2734375,30974988.127971,-1650332.23466546,33886.1862863275,3781.62678826087,25177.001953125,21984.6713786939,21979.7744254809
1495.22432,1523.99872,28.7744,29.4911999999999,0.424253314733505,0.01343488,0.415447741746902,0.00470016,0.121991689140275,0.231728899121696,0.226919259070674,0.281183367625157,0.000466903914590747,0.000163345195729537,1.02491103202847,32806.396484375,9155.2734375,37033554.590475,-1792058.91107778,34334.9140152159,2405.00172354528,25177.001953125,22456.0974864329,20902.8923393592
1553.48992,1581.35296,27.86304,29.8598400000001,0.520955860614777,0.01311744,0.371767967939377,0.00512,0.114010646820776,0.284548225974589,0.203061187614802,0.262787554169579,0.000470782800441015,0.000183755972069093,1.07166482910695,32043.45703125,8773.8037109375,24386039.3325345,-1422406.57548424,32084.1672392231,3433.48316679825,20885.4675292969,20700.494106996,20700.4941069829
1611.2128,1641.6768,30.4639999999999,29.3068800000001,0.422226876020432,0.01357824,0.41669175028801,0.00546816,0.122042970590898,0.230622049992154,0.227598741633844,0.281301568226236,0.000445714285714287,0.000179495798319328,0.962016806722694,32424.9267578125,8773.8037109375,29387660.8464172,-1636056.47639016,33112.1591421274,2274.81146482251,25177.001953125,22973.449177743,22567.4502112009
1670.98368,1699.1232,28.1395199999999,28.03712,0.431801706552505,0.01265664,0.422199010848999,0.00482304,0.114499283994533,0.235851861666974,0.230606829921324,0.263913832910631,0.000449781659388647,0.000171397379912664,0.996360989810772,32043.45703125,8773.8037109375,27990659.5423565,-1535592.70324864,32345.7680200871,3489.22063134237,19645.6909179688,21075.0723896638,21046.9252604155
1727.16032,1755.21792,28.0576000000001,31.0476799999999,0.489717245101929,0.013056,0.406791657209396,0.00507904,0.118006303737875,0.267485566163845,0.22219127022316,0.271997298503331,0.000465328467153283,0.000181021897810218,1.10656934306569,31661.9873046875,8773.8037109375,34620026.2760724,-1754713.65149961,33040.4801802202,2295.93168984434,25177.001953125,22489.6023125698,21979.1679301981
1786.2656,1817.6,31.3344,27.5968,0.531962215900421,0.0141824,0.461371123790741,0.00273408,0.132941507246721,0.290559942336279,0.252002798539655,0.306422027338388,0.000452614379084968,8.72549019607844e-05,0.880718954248368,33950.8056640625,9155.2734375,45289943.2088651,-2028144.09439643,35657.7359713041,2707.01461377092,25177.001953125,26328.5124232387,19082.9910795774
1845.1968,1873.94048,28.74368,30.16704,0.527326047420502,0.0141824,0.462376534938812,0.00653312,0.140885936694854,0.288027648113265,0.252551958228963,0.324733450369163,0.000493409333808336,0.000227288920555753,1.04951905949412,33569.3359375,9155.2734375,38600780.7686585,-1894193.47137625,35213.9529503381,2273.97820115808,25177.001953125,23921.1821215846,22554.1591271757
1904.10752,1934.336,30.22848,29.6959999999999,0.542367935180664,0.009728,0.539824843406677,0.0068608,0.147323254239281,0.296243588850378,0.294854541701692,0.339571072820091,0.000321815718157182,0.000226964769647697,0.982384823848236,34332.275390625,9536.7431640625,47241019.2448436,-2104171.54666708,36263.3925217849,2529.03932845255,25177.001953125,26422.2610206965,20438.9063818912
1964.032,1996.06272,32.03072,28.3750400000001,0.5766521692276,0.00789504,0.5766521692276,0.00789504,0.149292767904018,0.314969777985559,0.314969777985559,0.344110681122406,0.000246483375959079,0.000246483375959079,0.885869565217396,34713.7451171875,9155.2734375,38447299.7639608,-1990549.5082538,37390.1628021501,1798.67079497073,25558.4716796875,27215.7527689332,24313.0722361963
2024.43776,2056.2944,31.8566400000002,29.5116799999996,0.579013645648956,0.00720896,0.579013645648956,0.00720896,0.150377778578803,0.316259626084369,0.316259626084369,0.34661156423662,0.000226293796207006,0.000226293796207006,0.926390228222419,33950.8056640625,9155.2734375,39375579.8848849,-1964005.64683055,36385.4302300347,2496.15069156587,25558.4716796875,26374.6143330548,22606.4903169695
2085.80608,2116.13696,30.33088,31.1808000000001,0.605153560638428,0.00743424,0.605153560638428,0.00743424,0.156135532172543,0.330537354774479,0.330537354774479,0.359882833425965,0.00024510465901418,0.00024510465901418,1.02802160702229,34332.275390625,9155.2734375,37944715.7792989,-1911737.62140819,36240.2108999399,2733.44232031271,25558.4716796875,25081.7789234346,23076.9770844212
2147.31776,2179.25632,31.9385600000001,28.93824,0.609790921211243,0.00713728,0.609790921211243,0.00713728,0.15780187215467,0.333070300123519,0.333070300123519,0.363723644968825,0.000223469060596345,0.000223469060596345,0.906059634498234,34713.7451171875,9155.2734375,44157253.9300003,-2081962.14139628,37073.1190738515,2721.23175905938,25558.4716796875,27629.7160598534,21451.3114459783
2208.19456,2239.32416,31.1296000000002,31.9078399999999,0.485506802797318,0.01363968,0.456464320421219,0.00751616,0.149355848047727,0.265185805322434,0.249322682430862,0.344256076988006,0.000438157894736839,0.000241447368421051,1.02499999999999,34332.275390625,9536.7431640625,39840095.008022,-1986465.62171697,36795.8362285908,2256.48741594427,18024.4445800781,26292.7945349918,23230.7566230937
2271.232,2302.60736,31.37536,32.3686400000001,0.527486443519592,0.01363968,0.520175576210022,0.00479232,0.155579310769412,0.2881152571199,0.284122031435062,0.358600777177873,0.000434725848563969,0.000152741514360313,1.03165796344648,34332.275390625,9155.2734375,42277252.2709571,-2059178.29901374,37964.0139066256,2724.28461117696,18119.8120117188,27158.5976377811,22989.1746008672
2334.976,2366.47424,31.4982399999999,31.8463999999999,0.623142421245575,0.00809984,0.557133316993713,0.00770048,0.168475639296014,0.340362944157479,0.304308500906042,0.388326024124334,0.000257152145643694,0.000244473342002602,1.0110533159948,34713.7451171875,9536.7431640625,40171837.9441664,-1953457.53614886,36989.000108507,2951.62221469743,18024.4445800781,25821.5034763553,21674.4222323041
2398.32064,2431.00672,32.6860799999999,33.1673599999999,0.575199067592621,0.0133632,0.559781551361084,0.0078848,0.160583576343867,0.31417608791764,0.305754977370115,0.370135302657703,0.000408834586466166,0.000241228070175439,1.01472431077694,34713.7451171875,9155.2734375,34622785.6657537,-1885688.11510651,36906.5765641694,2320.7025762493,18024.4445800781,26705.403756819,24645.466868317
2464.17408,2497.35168,33.1776000000004,32.0716799999996,0.65023273229599,0.01348608,0.626336216926575,0.0073728,0.173250203348858,0.355159783070854,0.342107408446797,0.399331101673321,0.000406481481481476,0.000222222222222219,0.966666666666641,33569.3359375,9536.7431640625,39915161.1234283,-1895688.12450592,35633.8836334564,2999.78527049094,18024.4445800781,26058.2967759305,18957.643309166
2529.42336,2563.4816,34.0582400000003,30.8735999999999,0.578522861003876,0.0140288,0.55721652507782,0.00756736,0.153894673810862,0.315991557499963,0.304353949502572,0.354717792225627,0.000411906193625974,0.000222188815393865,0.90649428743234,32806.396484375,9536.7431640625,20896322.252255,-1456852.82207216,34316.2061530592,1015.55805880869,18024.4445800781,25378.867534122,25378.8675340997
2594.3552,2629.29408,34.9388800000002,30.5663999999997,0.635672509670258,0.01555456,0.611402094364166,0.0084992,0.173229943193462,0.347206929804057,0.333950329502325,0.399284403256708,0.00044519343493552,0.000243259085580304,0.874853458382168,34713.7451171875,9918.212890625,32443324.1746172,-1791290.46305664,36992.7500791085,2147.46179796736,18024.4445800781,26469.8862976576,22981.2947411028
2659.86048,2695.30112,35.4406400000003,31.7030399999999,0.657292783260345,0.01581056,0.555130481719971,0.00864256,0.170619565703368,0.359016011840076,0.303214544071791,0.393267643110091,0.000446113839930653,0.000243860156024269,0.894539150534517,34713.7451171875,9536.7431640625,36210444.445534,-1891660.14015638,37816.7100727852,2917.32825366102,18024.4445800781,27851.0304784541,21559.9169164493
2727.00416,2761.33888,34.3347199999998,30.5152000000003,0.678879737854004,0.01386496,0.635399878025055,0.00841728,0.178439887241605,0.370806894903702,0.347058017282187,0.411293005014087,0.000403817476886372,0.000245153593796601,0.888756337608125,34713.7451171875,9918.212890625,39397000.9521524,-1928407.23373778,37235.3706714816,3061.17662952704,18024.4445800781,27428.6967246132,19767.2618122677
2791.85408,2826.62912,34.77504,34.7340799999997,0.752999782562256,0.01564672,0.57933634519577,0.0065536,0.188477418578017,0.411291567071515,0.31643588589928,0.434428899628759,0.000449941107184924,0.000188457008244994,0.998822143698461,34332.275390625,9536.7431640625,21490208.1319173,-1517877.92150095,36556.7846773228,1891.01694636547,18119.8120117188,26796.0835242601,26796.0835242341
2861.3632,2897.47968,36.1164800000001,33.4028800000001,0.711784183979034,0.00928768,0.576961874961853,0.00638976,0.187905238745581,0.388779438221488,0.3151389405268,0.433110060179078,0.000257159058690104,0.000176920895945562,0.924865324638502,34713.7451171875,9536.7431640625,30411818.4422183,-1708034.95580551,37291.9543036099,2939.07419732515,18119.8120117188,25945.6034513931,22019.0304643943
2930.88256,2965.90336,35.0207999999998,33.2902400000003,0.784390032291412,0.01478656,0.652464747428894,0.00835584,0.187396973196839,0.428437050112612,0.356378918883371,0.431938539236542,0.000422222222222225,0.000238596491228072,0.950584795321651,33187.8662109375,9536.7431640625,33419344.4160459,-1760232.16291112,36036.0482251899,2984.62115421373,18024.4445800781,25699.2756882712,20657.3685972363
2999.1936,3034.8288,35.6351999999997,35.4611200000004,0.753927826881409,0.01574912,0.656382441520691,0.0088064,0.193820593348248,0.411798468681815,0.358518779451244,0.446744590035961,0.000441954022988509,0.000247126436781611,0.995114942528755,34332.275390625,9536.7431640625,30063573.6721683,-1674763.01961434,36401.7016781962,2985.18638492635,18119.8120117188,25144.607513896,21503.7606465807
3070.28992,3108.27008,37.9801599999996,31.1808000000001,0.782970070838928,0.01472512,0.612022459506989,0.00852992,0.18856191480829,0.427661461348183,0.334289175485626,0.434623658261476,0.000387705581019147,0.000224588837961717,0.820976004313842,35095.21484375,9536.7431640625,32128388.4626769,-1758612.97104416,36556.7658183572,3100.9479570974,18119.8120117188,27683.1959192721,20447.4409009659
3139.45088,3177.8816,38.4307200000003,34.9593599999998,0.762484788894653,0.01645568,0.661290228366852,0.0067584,0.207115021126827,0.416472316400367,0.361199432739007,0.477387431362077,0.000428190780708763,0.000175859312549959,0.909672262190237,35095.21484375,9918.212890625,23818059.3068965,-1481724.25671872,36430.2050682806,3321.64427352408,18119.8120117188,24322.7751836391,21766.3561660306
3212.84096,3248.7936,35.95264,36.3008,0.857954382896423,0.00929792,0.652244985103607,0.00777216,0.205437768762123,0.468618199883969,0.356258883800701,0.473521467446107,0.000258615778980348,0.000216177727143264,1.00968385075477,35476.6845703125,9536.7431640625,24257936.0291872,-1519643.0710851,35199.0385008563,2546.8693350795,18119.8120117188,24319.6093713349,23279.5583808297
3285.0944,3322.39872,37.3043200000002,35.47136,0.895172357559204,0.01545216,0.60725724697113,0.00891904,0.191461633660733,0.488946810166161,0.331686396870428,0.441307332517012,0.000414219050233322,0.000239088663189678,0.950864671973643,34332.275390625,9536.7431640625,25863450.7246223,-1601233.27687494,36255.5787083304,2689.27413510225,18119.8120117188,25825.9885404159,23741.0226478949
3357.87008,3394.9184,37.0483199999999,36.1471999999999,1.05005168914795,0.01563648,0.609582006931305,0.00647168,0.210877053161383,0.573542535784259,0.332956190287674,0.486058684658471,0.000422056384742953,0.000174682144831399,0.975677169707021,33950.8056640625,9536.7431640625,26506410.5425453,-1559167.17575996,35821.2378717238,3068.75949570762,18119.8120117188,24474.4688012555,21382.408098529
3431.0656,3469.93664,38.87104,34.4576000000002,1.0098876953125,0.01678336,0.716029584407806,0.00710656,0.219308979901362,0.551604797757001,0.391098293333576,0.505493759072349,0.000431770284510011,0.000182824025289779,0.886459430979984,35858.154296875,9536.7431640625,20117609.9279815,-1432166.11732309,36601.8664452337,2474.87607348739,18119.8120117188,25704.7934809958,25272.9277872677
3504.39424,3542.9888,38.59456,33.4233599999998,1.0619170665741,0.0160768,0.679771959781647,0.00676864,0.212548666635467,0.580023453559413,0.371294230176957,0.489911651277123,0.000416556115680552,0.000175378084372513,0.866012204828861,35095.21484375,9536.7431640625,22106766.8646808,-1461870.01483874,36102.8794319399,2773.84622455795,26798.2482910156,24843.7440879365,23491.3151226744
3576.41216,3615.81568,39.4035200000003,36.16768,1.06392061710358,0.01652736,0.649832546710968,0.00677888,0.205508991690927,0.581117801069279,0.354941200064331,0.473685631932345,0.000419438669438666,0.000172037422037421,0.917879417879411,35476.6845703125,9536.7431640625,25455475.07796,-1559673.14110176,36805.675875756,3204.28709427182,18119.8120117188,25847.5950316723,21933.4894636205
3651.98336,3690.752,38.7686399999998,36.6080000000002,1.00897228717804,0.01645568,0.860219895839691,0.00741376,0.22095382033467,0.551104798082564,0.469855632337783,0.509285015472706,0.000424458531431593,0.00019123085050185,0.944268357105134,35095.21484375,9536.7431640625,22606261.3726213,-1483251.8840821,36684.1593096333,3109.68720560535,26798.2482910156,25133.6193963625,23526.2791212908
3727.36,3765.74976,38.38976,36.4543999999996,1.12524950504303,0.0170496,0.810411036014557,0.00825344,0.224183855558989,0.614615890991085,0.44264982898175,0.516730048723109,0.000444118431581755,0.000214990664177114,0.949586556415034,35858.154296875,9536.7431640625,19114210.3645688,-1389040.48868329,36820.5962642546,2835.48643630819,26798.2482910156,25316.2680112637,25154.9109781002
3802.20416,3841.21856,39.0144,38.3078400000004,1.0552636384964,0.01693696,0.83704000711441,0.00722944,0.232062554335533,0.576389323877247,0.45719468212353,0.534889966583951,0.000434120734908136,0.000185301837270341,0.981889763779537,35858.154296875,9536.7431640625,21405489.8071748,-1458134.3372523,36833.2093761813,2798.83904169971,26798.2482910156,25357.3607897332,24306.439205821
3879.5264,3918.63296,39.1065599999997,39.3216000000002,1.1635605096817,0.01729536,0.776802599430084,0.00745472,0.226677041641829,0.635541518725408,0.424292763190023,0.522476689857677,0.000442262372348786,0.000190625818277037,1.00549882168108,35095.21484375,9536.7431640625,16031237.6400615,-1283055.23417521,35897.0703617219,2473.71388681934,18119.8120117188,25658.9354956022,25658.935495573
3957.95456,3997.184,39.2294400000001,37.6524799999997,1.09006786346436,0.01769472,0.753598809242249,0.00804864,0.240305425280839,0.595399534184442,0.411618757898973,0.553889278976745,0.000451057165231009,0.000205168363351605,0.959801618376395,36239.6240234375,9536.7431640625,27585769.5356668,-1634132.32914457,38091.2903816469,3019.65900237773,26798.2482910156,26748.5523406823,21653.0047457018
4034.83648,4076.07296,41.23648,36.5875199999996,1.13446342945099,0.0182272,0.800468146800995,0.00869376,0.234752255296754,0.6196485742619,0.437218982146776,0.541089562470446,0.00044201638937174,0.000210826918301465,0.88726098832877,36621.09375,9536.7431640625,18252750.2398967,-1375950.79676726,37833.7773409757,2980.78635542901,26798.2482910156,26160.2682456235,25701.5279630261
4112.66048,4153.11872,40.4582400000008,38.0006399999993,1.11718809604645,0.01763328,0.795563161373138,0.00764928,0.226569637104944,0.610212716361039,0.434539859005171,0.522229128982078,0.000435839028094144,0.000189066059225509,0.939255884586144,35476.6845703125,9536.7431640625,18315199.5833539,-1355890.40993732,36663.6035729014,2788.12127789507,18692.0166015625,25311.5332135716,24877.3538240491
4191.11936,4231.48544,40.3660800000007,39.3727999999992,1.11757838726044,0.01770496,0.791018068790436,0.0076288,0.228422250298822,0.610425895021556,0.43205731081045,0.526499288862906,0.000438609842719424,0.000188990360223234,0.975393201420562,35095.21484375,9536.7431640625,16287350.1160375,-1252798.64746486,35686.9963257194,2788.42566848677,26798.2482910156,24150.081121903,24031.6296492304
4270.85824,4311.99232,41.1340800000007,42.2809600000001,1.07288146018982,0.01803264,0.861604332923889,0.00780288,0.235960359590924,0.58601225028503,0.470611817546674,0.543874168833972,0.000438386855862576,0.000189693801344283,1.02788150360964,35476.6845703125,9536.7431640625,16578175.0162351,-1269768.82001844,35814.2954780456,2772.52780038491,26798.2482910156,24447.2843405301,24180.2922487286
4354.27328,4394.88512,40.6118399999996,40.7859200000003,1.09221923351288,0.0183808,0.754433631896973,0.00806912,0.231422038583139,0.596574621321382,0.412074741454134,0.533413617026499,0.000452597075138683,0.000198688855269795,1.00428643469492,35476.6845703125,9536.7431640625,18615517.7743613,-1360658.15241279,36932.2264998539,2779.57734726345,26512.1459960938,25171.2386017903,24555.8565846312
4435.67104,4477.97248,42.3014400000002,43.7043199999998,1.02553796768188,0.0185344,0.825406730175018,0.00869376,0.228413966971819,0.560153040660867,0.450840538585403,0.526480196301781,0.000438150568869521,0.00020551924473493,1.03316388283708,35095.21484375,9536.7431640625,16114088.7140787,-1247639.62760738,36334.9185998973,2915.58739289102,26798.2482910156,24357.2953992494,23942.2119375216
4521.6768,4563.75296,42.0761599999996,40.8985600000005,1.08527183532715,0.01885184,0.872838497161865,0.0082944,0.246382979954805,0.592779923961503,0.476747964091702,0.567897670058098,0.000448040885860311,0.000197128255049892,0.97201265514726,35476.6845703125,9536.7431640625,13638733.7730264,-1177471.88387425,36175.8028850745,2560.94687053575,26798.2482910156,25397.436915485,25397.4369154524
4604.65152,4648.84736,44.1958399999994,39.2908800000005,1.10181784629822,0.01988608,0.989946305751801,0.00894976,0.248871162738756,0.601817422960397,0.540712729057996,0.573632778895337,0.00044995366079704,0.000202502316960151,0.88901760889715,36239.6240234375,9536.7431640625,14075688.5252164,-1227232.82482745,37006.623938638,2137.18928544875,26798.2482910156,26755.1311712055,26744.9334448676
4688.13824,4731.392,43.2537599999996,42.0966399999998,1.10673189163208,0.01931264,0.902265071868896,0.00817152,0.250666502615332,0.60450149465979,0.492820879788462,0.577770927289584,0.000446496212121216,0.000188920454545456,0.973248106060609,36239.6240234375,9536.7431640625,15188880.0606026,-1223978.37625365,36568.0940344888,2911.81257239346,26798.2482910156,24791.461421488,24524.9772272572
4773.48864,4816.72192,43.2332800000004,41.4207999999999,1.18458306789398,0.01998848,0.888568460941315,0.00850944,0.258247197956079,0.647024126172597,0.485339734770325,0.595243965493038,0.000462340123164373,0.000196826148744669,0.958076740881088,36239.6240234375,9536.7431640625,15600071.2401354,-1224426.54540658,36501.0284120751,2862.40085476056,26798.2482910156,24274.090196151,23777.6251278111
4858.14272,4902.13376,43.9910399999999,40.88832,1.17203629016876,0.01987584,0.910692036151886,0.00818176,0.263473585118638,0.640171024761672,0.497423722214011,0.607290467621484,0.000451815642458102,0.00018598696461825,0.92946927374302,35858.154296875,9536.7431640625,14128697.6459491,-1158600.36750039,36038.5242964373,2851.26629469428,25367.7368164062,23878.5357613821,23626.0155294531
4943.02208,4989.62432,46.6022400000002,41.5334400000002,1.1766494512558,0.02033664,0.886095762252808,0.00555008,0.262798492797542,0.642690752252408,0.483989136613402,0.605734421192082,0.000436387607119313,0.000119094704460558,0.891232696110745,35858.154296875,9536.7431640625,13366462.1811131,-1128780.15060897,36206.6591786457,2968.60491655296,25367.7368164062,24087.1816413251,23574.8183152991
5031.15776,5076.21376,45.0559999999996,44.0832,1.18746721744537,0.02096128,0.937389671802521,0.00872448,0.270092196003137,0.648599460476976,0.51200608021482,0.622545960111336,0.000465227272727277,0.000193636363636365,0.978409090909101,36239.6240234375,9536.7431640625,12824577.7639961,-1120172.68121552,36366.97697977,2724.55085301528,26798.2482910156,24485.1339699991,24436.0542629893
5120.29696,5168.32256,48.0255999999999,43.1513600000008,1.2221497297287,0.01846272,0.94896000623703,0.00886784,0.277127692938436,0.66754319081704,0.518325844298838,0.638762349400849,0.000384434968017058,0.000184648187633262,0.898507462686584,36239.6240234375,9536.7431640625,14460394.7220208,-1138342.23830963,36451.3754101156,3091.75311082237,18739.7003173828,23488.6934683546,21317.2722178483
5211.47392,5257.84064,46.36672,43.10016,1.28515553474426,0.0187392,0.949283003807068,0.00951296,0.267974079687695,0.701957219717919,0.518502266895255,0.617663831805754,0.000404151943462898,0.000205167844522968,0.929549469964664,36239.6240234375,9536.7431640625,16104075.3666576,-1217473.88577279,36918.3652035825,3056.22682158649,26798.2482910156,24192.173048702,21828.5584000823
5300.9408,5346.85696,45.9161599999998,42.83392,1.3110556602478,0.02138112,0.956474542617798,0.009472,0.279297140384843,0.716103974408143,0.522430314865012,0.643762792817655,0.000465655664585194,0.000206289027653882,0.932872435325608,36239.6240234375,9536.7431640625,13946852.9865481,-1151585.1148265,36655.8673654252,2953.90875236529,26798.2482910156,24070.62254441,23472.3034142449
5389.69088,5436.32384,46.6329599999999,45.2915199999998,1.26033985614777,0.02148352,0.950740337371826,0.0096256,0.281421663622969,0.688402794372448,0.519298268460562,0.6486596886874,0.000460693895476505,0.000206411945542381,0.971234079929729,36239.6240234375,9536.7431640625,14324416.6698093,-1180180.38115245,37329.2274529361,2885.78688032902,26798.2482910156,24732.231603059,23884.9559076406
5481.61536,5529.11872,47.5033600000006,45.4246399999993,1.24550414085388,0.01912832,0.947163105010986,0.0100352,0.285598458957085,0.680299465881322,0.51734436948537,0.65828694597193,0.000402672989868501,0.000211252425091612,0.956240569088138,36239.6240234375,9536.7431640625,11706226.6509906,-1074140.44911047,36493.6171612133,2679.28346886951,26845.9320068359,24671.152414225,24609.3698036988
5574.54336,5623.79776,49.2544000000007,44.7590399999999,1.43594467639923,0.01974272,0.926526308059692,0.01036288,0.295364370653178,0.784318866832357,0.506072466419803,0.680796773960949,0.000400831600831595,0.000210395010395007,0.908731808731794,36239.6240234375,9536.7431640625,12935796.9586938,-1097067.49316123,37043.4903905459,2806.3614160768,22935.8673095703,23867.2044004636,22653.2104997531
5668.5568,5717.71904,49.1622399999997,48.7936,1.25474119186401,0.02020352,0.944178760051727,0.01040384,0.284424440083773,0.685344780997017,0.515714308038607,0.655580904414674,0.000410956050822748,0.000211622578629454,0.992501562174553,36239.6240234375,9536.7431640625,11790830.1125299,-1070711.15474154,36952.7561944506,2886.87772163226,26798.2482910156,24474.0072612916,24140.9967646761
5766.51264,5815.40864,48.8959999999997,46.5408000000007,1.28081226348877,0.01871872,0.919652998447418,0.00897024,0.275479026831317,0.699584907159196,0.502318236542365,0.6349622750568,0.000382827225130892,0.0001834554973822,0.951832460733003,35858.154296875,9536.7431640625,15455533.8995444,-1188089.27972798,36877.0800138775,2984.0584488607,18739.7003173828,24523.6421519778,21141.4321632795
5861.94944,5913.87648,51.9270399999996,43.9808000000003,1.33362424373627,0.02000896,1.16618001461029,0.0059392,0.300046246802933,0.728431027196883,0.636972303052283,0.691588211573376,0.000385328337605998,0.000114375862748966,0.846972983632432,36621.09375,9536.7431640625,11674029.0109268,-1054825.30669188,36765.1085404984,3059.72644668259,22935.8673095703,24359.3045804269,23295.8999696608
5957.85728,6010.63424,52.7769600000001,45.2710399999996,1.39515554904938,0.01970176,1.03436589241028,0.00564224,0.295759101362417,0.762039678317699,0.564974889324854,0.681706604056022,0.000373302289483895,0.000106907256499806,0.857780364765222,36239.6240234375,9536.7431640625,11884001.4223307,-1035385.09975394,36213.999000885,2966.29280191236,18739.7003173828,23560.9040213645,21542.6912212984
6055.90528,6108.65152,52.7462400000004,38.6662399999996,1.44747650623322,0.01987584,1.11730909347534,0.00615424,0.318774014959391,0.790617599545774,0.610278805652555,0.734754569506831,0.000376820034944668,0.000116676373519704,0.733061541448249,37002.5634765625,9536.7431640625,11884693.4389511,-1087138.98948362,37281.6258452041,2798.33540470527,22935.8673095703,25445.1041425802,24277.3060176689
6147.31776,6202.18368,54.8659200000002,41.0726400000003,1.34688103199005,0.02414592,1.1997332572937,0.00882688,0.325730506203817,0.735671939268173,0.655299221709063,0.750788855520476,0.000440089585666292,0.000160880925718551,0.748600223964169,37765.5029296875,9536.7431640625,10604903.0654024,-1065830.1620494,39440.5824689482,2575.6179867984,21314.6209716797,27005.7079975073,26554.1395770581
6243.25632,6299.45344,56.1971199999998,43.7248,1.33149445056915,0.02632704,1.12946152687073,0.0119296,0.323313348672911,0.727267725440991,0.616916514574479,0.745217455538964,0.000468476676384841,0.000212281341107872,0.778061224489798,38146.97265625,9155.2734375,7084929.0703772,-929779.600583634,40235.7815183999,2585.86340382336,25272.3693847656,29875.9058323708,29875.9058323552
6343.17824,6397.97248,54.7942400000002,43.4483199999995,1.38891899585724,0.02402304,1.38550078868866,0.00904192,0.337089937588326,0.758633247406402,0.756766208642917,0.776971648737892,0.000438422724724349,0.00016501588488133,0.792935899831796,38528.4423828125,9536.7431640625,9802808.61939381,-1051379.38590669,39770.264022122,2448.10667852029,24032.5927734375,28204.2354896235,28177.4961547293
6441.4208,6495.82592,54.4051200000004,43.53024,1.51826429367065,0.02157568,1.2641544342041,0.0066048,0.362131201991141,0.82928217913649,0.690486332539177,0.83469022861819,0.000396574440052698,0.000121400338791642,0.800112930547709,37765.5029296875,9536.7431640625,9596509.0282588,-978010.134566433,37191.5125407614,2516.70865748288,22935.8673095703,25032.1430731408,24803.8877299947
6539.35616,6595.0208,55.66464,43.2332799999995,1.57897293567657,0.02187264,1.19273900985718,0.00946176,0.343665471999417,0.862441488187597,0.651478935096409,0.792127852596334,0.000392935982339956,0.000169977924944812,0.776674025018387,37002.5634765625,9536.7431640625,9330439.12281081,-960264.968439453,37102.8370551445,2562.89884526025,22983.5510253906,24872.0585372978,24541.9516026735
6638.25408,6694.25664,56.0025599999999,44.6054400000003,1.41367447376251,0.02235392,1.06788849830627,0.00838656,0.328128952601651,0.772154790887622,0.583285074042796,0.756317127486903,0.000399158895593345,0.000149753154141525,0.796489303346139,36621.09375,9155.2734375,11662094.7593854,-1040321.88772551,37410.9162000639,2640.07245234314,22935.8673095703,24716.1477809485,21685.0159390627
6738.86208,6793.6768,54.8147200000003,48.1484799999998,1.36342942714691,0.02358272,1.11140131950378,0.00970752,0.331310951462789,0.744710740519117,0.607051955298896,0.763651439863916,0.000430226041472069,0.000177096954978516,0.87838595180272,37002.5634765625,9536.7431640625,10882763.4661482,-1024092.1999489,37748.624248038,2573.17906335378,21314.6209716797,24748.2800420189,23436.3935441122
6841.82528,6900.23424,58.4089599999998,46.4793600000003,1.36106050014496,0.02393088,1.12995076179504,0.01010688,0.332084920592591,0.743416822882652,0.617183736695054,0.76543539127806,0.000409712482468445,0.000173036465638149,0.795757363253865,36621.09375,9536.7431640625,10540010.92508,-990082.774939289,37636.1819869238,2739.92012779841,21171.5698242188,24630.6959144725,21871.3342748327
6946.7136,7008.93184,62.2182400000002,45.2710399999996,1.381831407547,0.02656256,1.19702935218811,0.01266688,0.337050890687756,0.754761977626007,0.653822337659632,0.776881648024934,0.000426925608953258,0.00020358788676761,0.727616853192882,36621.09375,9155.2734375,8404486.1789763,-928020.378594316,38773.0890390824,2700.71795242439,21314.6209716797,26030.9059635336,25205.1092857344
7054.20288,7115.91936,61.71648,41.7791999999999,1.33678925037384,0.02561024,1.23053765296936,0.01149952,0.329522062882989,0.730159766792703,0.672124708865276,0.759528161313393,0.000414965986394558,0.00018632818981251,0.676953708312592,37002.5634765625,9536.7431640625,8349518.93621017,-920448.061249865,38379.649726712,2709.77917332288,21171.5698242188,25730.8100854585,25004.1321036306
7157.69856,7220.40832,62.7097599999997,42.83392,1.44400131702423,0.01427456,1.44400131702423,0.01427456,0.357684460286214,0.788719436958304,0.788719436958304,0.82444076149168,0.000227629000653169,0.000227629000653169,0.683050293925542,37384.033203125,9536.7431640625,7075211.61797407,-880979.469899834,39452.7279600805,2611.7669633219,21314.6209716797,27425.5279883324,27422.6423870245
7263.24224,7326.94528,63.7030400000003,40.2227199999998,1.42901790142059,0.02876416,1.33948314189911,0.01519616,0.357069715063921,0.780535433952706,0.731631181383526,0.823023811426853,0.000451535122970581,0.00023854685741842,0.631409741199157,36621.09375,9155.2734375,5877651.30683906,-807119.445094899,38815.0438398015,2599.99822218583,21314.6209716797,27563.9989193627,27563.9989193245
7367.168,7429.7344,62.5664000000006,47.6569599999993,1.47603487968445,0.02869248,1.40397500991821,0.0147968,0.359953854239729,0.806216300158679,0.76685690398691,0.82967157548249,0.000458592471358424,0.000236497545008181,0.761702127659557,36239.6240234375,9536.7431640625,7468366.26284949,-868503.583771544,39209.5410093969,2539.00557883946,21314.6209716797,25395.7470865749,25103.8165417963
7477.39136,7542.4768,65.0854400000007,46.5715199999995,1.50938665866852,0.02751488,1.36667311191559,0.01329152,0.358248798311734,0.824433178517269,0.746482454432573,0.825741526056981,0.00042275015733165,0.000204216488357455,0.715544367526731,37765.5029296875,9536.7431640625,7860961.34575065,-905827.495506587,39577.7775691106,2655.36242537041,21171.5698242188,26533.5131322236,25656.2487686031
7589.04832,7653.38624,64.3379199999999,47.9129600000006,1.61388289928436,0.02640896,1.23356258869171,0.01164288,0.369378125554272,0.881509453373191,0.673776941153183,0.851393943328299,0.000410472704122235,0.000180964507400923,0.744707942065902,37384.033203125,9536.7431640625,9793266.12519684,-984943.405734437,39045.3424928415,2468.60347960949,21314.6209716797,26698.3818734367,22831.2781190207
7701.2992,7765.4528,64.1535999999996,49.0393599999998,1.45415925979614,0.01353728,1.45415925979614,0.01353728,0.35144564594974,0.79426774692815,0.79426774692815,0.810060676770495,0.00021101356743815,0.00021101356743815,0.76440542697526,37765.5029296875,9536.7431640625,8430957.25399876,-936933.263250641,39860.5731355042,2491.88883061471,21314.6209716797,26652.2750855596,25408.4826093618
7814.49216,7878.88128,64.3891199999998,47.0937600000007,1.49961519241333,0.01275904,1.49961519241333,0.01275904,0.36331139378831,0.81909596360466,0.81909596360466,0.837410498386649,0.000198155216284988,0.000198155216284988,0.731393129771005,37384.033203125,9536.7431640625,10841565.1765213,-1032956.66324067,39710.9294908619,2195.34477163053,21314.6209716797,27646.2544088071,21562.4882727489
7925.97504,7989.79072,63.8156799999997,51.3843200000001,1.46062457561493,0.02794496,1.1989221572876,0.01250304,0.346705888408921,0.797799128923604,0.654856195561795,0.799135826098725,0.000437901155327345,0.000195924261874199,0.805198973042368,37002.5634765625,9155.2734375,6961189.95900445,-832465.594966826,38175.6218112245,2442.32442884376,21314.6209716797,25000.5784250751,24775.322525158
8041.17504,8108.9024,67.7273599999999,48.52736,1.4974377155304,0.02929664,1.20777499675751,0.0120832,0.364668049401986,0.817906616807777,0.6596916527597,0.840537506438177,0.000432567281524041,0.00017840943453281,0.716510432416089,37765.5029296875,9155.2734375,8227911.41835191,-881014.335511997,38513.8781257953,2439.35481339539,21314.6209716797,25240.497009638,21927.3841228266
8157.42976,8226.59072,69.1609600000002,47.1859199999999,1.38810014724731,0.01675264,1.38810014724731,0.01675264,0.339174952396568,0.758185988939973,0.758185988939973,0.781777480097894,0.000242226828546046,0.000242226828546046,0.682262363044119,37384.033203125,9536.7431640625,6796793.38576062,-852241.791979069,40427.5029369461,2577.76749602466,21314.6209716797,26999.6431081966,26431.177446582
8273.77664,8340.91008,67.1334399999996,49.2134399999995,1.43080759048462,0.02860032,1.32147121429443,0.012544,0.360715208386559,0.781512969453725,0.721792992711946,0.831426450133951,0.000426021964612571,0.000186851738865163,0.733068944478338,37384.033203125,9155.2734375,8136496.03132945,-895899.620835097,38840.7818714739,2391.75722266479,21171.5698242188,25848.7450876475,23474.4595163885
8390.12352,8457.92256,67.7990400000017,48.3123199999991,1.45228922367096,0.01447936,1.45228922367096,0.01447936,0.357419205887861,0.793246325533061,0.793246325533061,0.823829366358686,0.000213562905905447,0.000213562905905447,0.712581181090438,37765.5029296875,9155.2734375,8558502.31681215,-935154.053021035,39994.8954293851,2451.33861550427,21314.6209716797,27028.7174846452,24061.5953607257
8506.23488,8574.65856,68.4236799999999,50.4422400000003,1.67324531078339,0.02615296,1.11979460716248,0.01088512,0.382677086554484,0.913933445804502,0.611636403414244,0.882047233452474,0.000382220891948519,0.000159084106554924,0.73720442981144,37002.5634765625,9155.2734375,7298773.77344259,-815608.47824134,36947.6004284815,2423.95281845547,22983.5510253906,23934.9439694202,21635.5345794389
8625.1008,8696.08448,70.9836799999994,52.5312000000013,1.57855045795441,0.02736128,1.12144720554352,0.01084416,0.359524927033786,0.862210729124411,0.612539059422412,0.828682924558129,0.000385458742065785,0.000152769763416043,0.740046162723625,36621.09375,9536.7431640625,8554122.11196341,-884625.371445115,37724.9310298563,2154.41264774306,22983.5510253906,26049.3489332314,19692.4561066835
8748.61568,8822.41536,73.7996800000001,53.360639999999,1.53529024124146,0.02751488,1.2085098028183,0.0119296,0.356947073382776,0.838581821472964,0.660093006841381,0.822741129867488,0.000372831968919106,0.000161648397391425,0.723047037602316,36621.09375,8773.8037109375,7405720.99461709,-821340.133488547,37136.8388489534,2397.89707084044,21553.0395507812,25265.6724060347,20280.1737550797
8875.776,8947.97824,72.2022400000005,57.6819199999991,1.50613522529602,0.027136,1.19488167762756,0.0113152,0.357785710016846,0.822657232284651,0.652649269013368,0.824674135916045,0.000375833215146785,0.000156715359523471,0.798893773932757,36621.09375,9155.2734375,7723002.380584,-829743.275694745,37156.9514058246,2188.2449132209,22983.5510253906,24924.8939203288,19648.0493104182
9005.66016,9078.89664,73.2364800000014,56.2995199999987,1.57780730724335,0.02924544,1.18252336978912,0.01195008,0.3527924885458,0.861804817160557,0.645899110626963,0.813165066417773,0.000399328859060395,0.000163171140939594,0.768736017897059,36239.6240234375,8773.8037109375,7288834.27182687,-808739.029295302,37233.7373946657,2266.71581327776,22983.5510253906,24732.253164976,20134.9394226452
9135.19616,9210.14272,74.9465600000003,58.6956800000007,1.61952412128448,0.02771968,1.26353871822357,0.00954368,0.385549804234913,0.884590711947707,0.690150025947372,0.888668671661193,0.000369859270392128,0.000127339800519196,0.783167099330516,36621.09375,8773.8037109375,6905139.05117797,-771046.621702953,36251.2174926258,2217.67754351407,22983.5510253906,24047.3680819778,19001.2166082354
9268.8384,9345.95584,77.11744,57.2108799999987,1.62421143054962,0.02663424,1.04510533809662,0.00986112,0.370803831350217,0.887150939477185,0.570840818569593,0.85468010781845,0.000345372460496614,0.000127871464612933,0.741866949940231,35858.154296875,10299.6826171875,7485058.48823126,-809002.095012527,36457.3129715937,1845.13922256786,21314.6209716797,25845.6081578438,17873.7825389657
9403.16672,9485.6192,82.4524799999999,59.8016000000007,1.60018301010132,0.02946048,1.05787229537964,0.01150976,0.354371695749364,0.874026517758486,0.577814182957297,0.816805042245679,0.000357302533532042,0.000139592647789369,0.725285643318439,35858.154296875,9155.2734375,6506815.05066369,-764558.039195168,36983.8742546109,2083.66479015981,22935.8673095703,26114.5294879601,18803.7004392621
9545.4208,9623.93088,78.51008,61.859840000001,1.46404206752777,0.02727936,1.10284626483917,0.00971776,0.376473993456496,0.799665777011475,0.602379149381984,0.867749483996945,0.000347463153775923,0.000123777227077084,0.787922264249393,36621.09375,9918.212890625,7442060.60014402,-809031.01088261,36545.43525135,1769.32354581099,21553.0395507812,26329.6575785372,17645.4731902274
9685.79072,9769.04192,83.2511999999988,58.5216,1.6745742559433,0.02853888,1.13131439685822,0.00989184,0.385459229186809,0.914659321096939,0.617928559754812,0.888459901725894,0.000342804428044285,0.000118819188191884,0.702952029520306,36621.09375,8773.8037109375,6186664.22736622,-730010.93962965,36351.9975355455,2135.21031101407,21314.6209716797,25173.7692353829,17895.9875387927
9827.56352,9911.87968,84.3161600000003,59.4534399999993,1.72540986537933,0.02731008,1.13779056072235,0.01114112,0.396960723920918,0.942425939298125,0.621465866997091,0.914970142258273,0.000323900898712654,0.000132135049793538,0.705125091085731,36621.09375,8773.8037109375,6506249.8115592,-759508.687006268,36587.911736628,2134.88447139229,17595.2911376953,26546.2649095053,17784.5282806978
9971.33312,10056.15104,84.8179200000013,60.8665599999986,1.66424572467804,0.02924544,1.33308589458466,0.01270784,0.37861042864806,0.909017834992945,0.728136978684087,0.872673836189379,0.00034480260775081,0.000149824942653626,0.717614390921136,36239.6240234375,9155.2734375,6242283.45979898,-757717.913495925,37224.8359841825,2001.63063009258,21553.0395507812,26627.1314023044,19360.5735666907
10117.0176,10200.50432,83.4867200000008,50.7392,1.78746807575226,0.0291328,1.3701673746109,0.01284096,0.404647066912302,0.976322388121899,0.74839103503644,0.932686691822188,0.000348951306267628,0.000153808414080705,0.607751747822881,37384.033203125,9536.7431640625,6224752.74943444,-768443.174887121,37625.0193669246,2039.96600832299,18739.7003173828,26663.9421599047,20768.0717305056
10251.24352,10336.0512,84.8076799999999,52.9817600000006,1.66555416584015,0.03331072,1.22515034675598,0.01465344,0.398080696626993,0.909732510917756,0.669182140134041,0.91755161071208,0.000392779521854625,0.000172784351605893,0.624728326491193,38146.97265625,9155.2734375,6287634.35509094,-795548.772357823,39567.0784202825,2040.65592711399,22983.5510253906,28082.9671378471,22245.8253671826
10389.03296,10480.2304,91.1974399999999,58.1529599999994,1.81388187408447,0.03426304,1.26467943191528,0.01449984,0.411262053992826,0.990749713016205,0.690773088440495,0.94793383166595,0.000375701774084887,0.000158993936671907,0.637660004491349,37002.5634765625,9155.2734375,4800157.12397926,-660310.142715444,37695.8994158637,2576.22769354799,22983.5510253906,25120.3538130756,20295.8171257277
10538.38336,10627.46112,89.0777600000001,57.5897600000008,1.83081746101379,0.030464,1.26775920391083,0.01150976,0.433851013915235,1,0.692455272525542,1,0.000341993332566961,0.00012921025405219,0.646511093229114,37002.5634765625,9918.212890625,5868938.68510049,-731637.204623765,37491.4914271585,1674.05933340214,21553.0395507812,27000.4281614581,18603.4708852076
10685.05088,10779.2896,94.2387199999994,58.9107199999999,1.71329307556152,0.032768,1.27604568004608,0.01422336,0.397585890942436,0.935807699044342,0.696981379749069,0.91641111393165,0.000347712702379661,0.000150929044876672,0.625122242746933,36239.6240234375,9155.2734375,4362822.0620607,-632935.317823192,37457.0211245516,2717.8817830792,18739.7003173828,25010.4698420681,20901.0691671749
10838.20032,10929.27488,91.0745600000009,56.1356799999994,1.61563611030579,0.03377152,1.11392498016357,0.0139264,0.399563490319172,0.882467064417851,0.608430389093379,0.920969359304617,0.000370811783224642,0.000152912075556553,0.616370586912513,36621.09375,9155.2734375,4900089.97465056,-670417.37628649,37453.4448307685,2070.15054067565,22983.5510253906,25448.5694874712,20413.8014122705
10985.41056,11078.30784,92.8972799999992,53.2992000000013,1.49791347980499,0.03603456,1.09826910495758,0.01590272,0.382904053598028,0.818166481204271,0.599879085897196,0.882570378578946,0.000387896825396829,0.000171186067019402,0.573743386243405,37384.033203125,9155.2734375,4520584.23431612,-664021.859094546,38527.7063810248,2040.72288123902,17547.607421875,26094.977405142,22673.6137502657
11131.60704,11226.3168,94.7097599999997,56.9856,1.34590256214142,0.03977216,1.20998680591583,0.01594368,0.364480404666603,0.735137495027025,0.660899751986097,0.840104996822284,0.000419937290517895,0.000168342523516056,0.601686668829064,36239.6240234375,9155.2734375,4219138.11726654,-638850.004177025,39103.7964635494,2388.11207746073,22959.7091674805,25706.7048801094,22659.9205493693
11283.3024,11378.30912,95.0067199999994,57.0060799999992,1.45130932331085,0.03579904,1.17014110088348,0.01224704,0.372795885420906,0.792711099940682,0.639135864607459,0.859271670375174,0.000376805345979739,0.0001289070920457,0.600021556369903,37002.5634765625,9155.2734375,4134266.73660416,-630786.659792333,38078.2205411479,2094.92019704115,17547.607421875,25509.2754012682,22611.9354505065
11435.3152,11527.95648,92.6412800000016,51.7836799999986,1.35328662395477,0.03931136,1.14851105213165,0.01705984,0.349983909447191,0.739170699849785,0.627321443338037,0.806691463709639,0.000424339560075155,0.00018414944180391,0.558969824251108,35476.6845703125,9155.2734375,3002990.41285407,-538045.635836164,37101.8501177226,2150.31470239803,18739.7003173828,24128.5019935215,24072.3511828451
11579.74016,11676.76416,97.0240000000013,53.5859199999995,1.59198558330536,0.04554752,0.940286338329315,0.0158208,0.361408348029101,0.86954904964901,0.513588251342459,0.83302409453332,0.000469445910290231,0.000163060686015829,0.552295514511861,37002.5634765625,9155.2734375,3119841.32160999,-544252.374549479,37001.749952607,2260.31748705702,18739.7003173828,24035.6473616302,23436.427615239
11730.35008,11832.85248,102.502399999999,60.6924799999997,1.71135413646698,0.04550656,0.969403862953186,0.02122752,0.357359738693412,0.93474864256502,0.529492362617292,0.823692298119723,0.000443956043956047,0.000207092907092908,0.592107892107893,37002.5634765625,9155.2734375,3158309.75627577,-560562.935849689,38025.4138315221,2173.80635704127,18739.7003173828,25471.1720208491,24275.5004923914
11893.54496,11992.40192,98.856960000001,61.3785599999992,1.5378075838089,0.04265984,0.969564735889435,0.01790976,0.348828158939658,0.839956804299515,0.529580232074338,0.804027529615988,0.000431530971617978,0.000181168427594778,0.620882535736468,37002.5634765625,9155.2734375,4009328.46071308,-612389.87084815,37623.2114523403,2284.10513580598,18739.7003173828,25411.5613847198,21357.0425709077
12053.78048,12158.50496,104.724480000001,62.9350400000003,1.52688324451447,0.04405248,1.19425189495087,0.02460672,0.356697177810567,0.833989885408331,0.652305279134471,0.822165135887542,0.000420651217365793,0.000234966265767085,0.600958247775495,37002.5634765625,8773.8037109375,3689911.0923842,-583687.277517162,37361.7420351602,2730.79728306788,18763.542175293,25506.8917106596,20658.2920253678
12221.44,12322.17088,100.730879999999,61.6243200000008,1.50241303443909,0.04621312,1.09565424919128,0.02501632,0.328859990836442,0.820624156384844,0.598450840961817,0.75800212581892,0.000458778082748809,0.000248348073599677,0.611771881671254,36239.6240234375,9155.2734375,3702947.85012758,-592957.96720502,37566.4251195798,2183.90538795183,18739.7003173828,25319.1301561509,22156.4391722616
12383.7952,12488.89856,105.103359999999,60.0473600000005,1.57311487197876,0.04614144,1.12913501262665,0.02573312,0.327693162299966,0.859241789789172,0.616738171156289,0.755312657547438,0.000439010132501952,0.000244836321122371,0.571317225253322,37384.033203125,9155.2734375,3297268.46553032,-570733.093344519,37928.796601017,2085.70995029201,18739.7003173828,25832.8903885603,23561.976525386
12548.94592,12651.93984,102.993919999999,63.3139200000005,1.4758734703064,0.04738048,0.844210624694824,0.01943552,0.31937902728782,0.806128137694923,0.461111302831552,0.736149085847751,0.000460031815470277,0.000188705508053293,0.614734539669926,36621.09375,8773.8037109375,3165589.45376757,-538466.203302434,37594.655283281,2968.13709506181,18763.542175293,23917.5411700829,21878.9712713156
12715.25376,12819.80416,104.5504,66.7443199999998,1.56068396568298,0.04506624,0.793626844882965,0.02497536,0.296881043965246,0.852451977827857,0.433482235003103,0.684292613001132,0.000431047992164544,0.000238883447600392,0.638393731635649,36621.09375,8773.8037109375,3642609.70433727,-585662.809681023,37810.5763174331,2658.88240038592,18763.542175293,25667.0642610871,21414.6933473479
12886.54848,12985.30304,98.7545600000012,60.7129599999989,1.34164428710938,0.04525056,1.04043734073639,0.02409472,0.294400844707594,0.732811607753869,0.568291139281717,0.678575905702766,0.000458212360016585,0.000243985897967645,0.614786395686419,36239.6240234375,8773.8037109375,3236025.21272348,-534672.184474661,36335.919105052,2985.85926857262,18739.7003173828,22928.4993783482,21242.0997772194
13046.016,13149.42976,103.413760000001,63.5494399999989,1.41864132881165,0.04560896,1.00291645526886,0.02579456,0.303659130142983,0.774867707469913,0.547797077876626,0.699915686268999,0.000441033765719373,0.0002494306366967,0.614516288741441,37384.033203125,8773.8037109375,3560097.05998372,-578728.299337924,37622.4204848979,2643.22634600106,18763.542175293,25263.6047318867,21775.3469582151
13212.9792,13313.77152,100.79232,61.4604799999997,1.28550207614899,0.04608,0.780289888381958,0.02427904,0.301790498282049,0.702146502053326,0.426197534706645,0.695608604342255,0.000457177689728739,0.000240881844965965,0.609773443055973,36621.09375,8773.8037109375,3649627.62374707,-591211.970982915,37790.7512579267,2205.93947187508,18763.542175293,25373.2027170894,22512.7242078074
13375.232,13472.70656,97.4745600000006,57.3747199999998,1.19095587730408,0.0459264,0.891805231571198,0.0243712,0.277454995131938,0.650504980788527,0.487107672152838,0.639516760899276,0.000471162937283325,0.000250026263262946,0.588612249185833,36239.6240234375,9155.2734375,3483979.67731776,-546178.532045656,36235.4625355114,2761.77477026949,18739.7003173828,22675.5986284228,20136.211356904
13530.08128,13628.04736,97.9660800000001,66.7955199999997,1.49108362197876,0.03475456,1.18727016448975,0.01483776,0.322609006154185,0.814435984870436,0.648491829345078,0.743593989196521,0.000354761158147799,0.000151458137347131,0.681822932998846,37384.033203125,8773.8037109375,2504593.99193698,-513946.305125723,37230.2563159497,2886.64118860889,22149.0859985352,26311.8326060242,26311.8326058974
13694.84288,13772.91264,78.0697600000003,64.768,1.11024785041809,0.03259392,1.05087327957153,0.01534976,0.299020032460695,0.606421925757308,0.573991291840544,0.689222850402552,0.00041749737670514,0.000196615949632738,0.829616998950679,35476.6845703125,9155.2734375,1692973.78022618,-440899.084969723,33938.6615722915,2496.57791272258,26321.4111328125,24102.4011415181,24102.4011415094
13837.68064,13913.66144,75.9807999999994,53.6985600000007,1.10222291946411,0.02704384,1.09486901760101,0.01168384,0.318502824990153,0.602038675583621,0.598021944249287,0.734129493246689,0.000355929919137469,0.000153773584905662,0.706738544474409,31661.9873046875,9536.7431640625,2045294.03944613,-434524.749401544,31953.2732180445,2379.107892212,26321.4111328125,21207.887939789,21207.8879397715
13967.36,14057.50272,90.1427199999998,81.2851200000005,1.19915461540222,0.03674112,1.15399754047394,0.01948672,0.296705876587455,0.654983165136629,0.630318185754535,0.683888862929856,0.0004075883221629,0.000216176303532887,0.901738043848695,36239.6240234375,9155.2734375,1701108.91001291,-453332.384904975,36363.7593649533,2503.70771544593,26369.0948486328,27041.8966111434,27041.8966111277
14138.78784,14159.104,20.3161599999985,64.48128,0.165744379162788,0.00902144,0.0772754698991776,0.0027136,0.0388428719622353,0.0905302591286241,0.0422081783382092,0.0895304395204763,0.000444052419354872,0.000133568548387107,3.17389112903249,43869.0185546875,17929.0771484375,37435041.0614154,-1504258.3798567,33621.2270400103,7052.14025924432,25367.7368164062,15113.3587258988,15109.577098828
14223.58528,14303.60064,80.0153600000012,66.5087999999996,1.14693462848663,0.013568,1.14693462848663,0.013568,0.28440660634709,0.626460394282853,0.626460394282853,0.6555397987445,0.000169567443050932,0.000169567443050932,0.831200409521354,32806.396484375,8773.8037109375,889225.430661132,-356939.167044446,31703.1886720438,2208.39158459173,22172.9278564453,22867.3876228605,22867.3876228575
14370.10944,14447.47264,77.3631999999998,72.8166400000009,0.990258693695068,0.02274304,0.909913241863251,0.00837632,0.253770683167485,0.540883356632793,0.496998341582015,0.584925873233216,0.000293977498345467,0.000108272667107876,0.941230972865666,29373.1689453125,9155.2734375,591827.096243287,-312278.971493965,29087.3490711295,2273.00291925801,26750.5645751953,20616.7770569717,20616.7770569702
14520.28928,14583.42912,63.1398399999998,66.7750399999986,0.794483602046967,0.01763328,0.607080936431885,0.01246208,0.189248708125179,0.43395019927712,0.331590095331361,0.436206674769129,0.000279273434965943,0.000197372688939345,1.05757379176125,28228.759765625,8773.8037109375,25947.07842794,-315151.977728434,27660.3927703894,2669.40184889646,23269.6533203125,19795.2038045057,19795.2038045057
14650.20416,14723.86048,73.6563200000001,0,1.22286701202393,0.01480704,1.22286701202393,0.01480704,0.291856390195372,0.667934973346156,0.667934973346156,0.672711093980282,0.00020102877797859,0.00020102877797859,0,35476.6845703125,8773.8037109375,1395455.60505249,-420705.230882502,32493.630970462,2575.93945854852,25653.8391113281,23416.8987398413,23416.898739837
