note.starts,note.ends,note.durs,INI,pk.amps,pk.times,qpk.amps,qpk.times,note.rmss,rel.pk.amps,rel.qpk.amps,rel.note.rmss,rel.pk.tm,rel.qpk.tm,rel.INI,max.Hz,min.Hz,FMa,FMb,FMc,FM.resid,note.DF,arcL,chordL
999.13728,1015.21408,16.0767999999999,30.53568,0.134806558489799,0.00176128,0.134806558489799,0.00176128,0.0372126859923965,0.0955446365822504,0.0955446365822504,0.125413927221463,0.000109554140127389,0.000109554140127389,1.89936305732485,34332.275390625,9536.7431640625,149841289.337521,-3560930.70448398,34001.1093642685,3780.64308034413,32997.1313476562,23792.3369428091,18519.8669268873
1045.74976,1060.5568,14.8070400000001,32.9523199999999,0.247214555740356,0.00083968,0.247214555740356,0.00083968,0.0457323923830213,0.175214211761382,0.175214211761382,0.154126980545277,5.67081604425997e-05,5.67081604425997e-05,2.22544951590592,27084.3505859375,9536.7431640625,87342720.468762,-2446858.75290965,27619.875394381,2166.0819192127,26130.6762695312,17192.7267607604,17080.980782905
1093.50912,1110.0672,16.55808,30.2182400000002,0.238145753741264,0.00192512,0.238145753741264,0.00192512,0.0610863299771974,0.168786665498451,0.168786665498451,0.205872710815657,0.000116264687693259,0.000116264687693259,1.82498453927026,31280.517578125,9536.7431640625,130542707.29109,-3183831.12304158,30609.8015753778,1544.90498685577,24604.7973632812,21898.2995438692,16927.2346493797
1140.28544,1158.11328,17.8278399999999,30.5868800000001,0.324221193790436,0.0021504,0.324221193790436,0.0021504,0.0585800791099189,0.229792945387851,0.229792945387851,0.197426162132452,0.000120620333141873,0.000120620333141873,1.71568064330845,29754.638671875,9536.7431640625,99432062.0955499,-2707455.78825801,28168.8145228795,1499.46743669741,23460.3881835938,20195.525441962,16665.4094649513
1188.70016,1206.58944,17.8892799999999,28.0576000000001,0.280959963798523,0.00269312,0.280959963798523,0.00269312,0.0637257266903569,0.199131391944283,0.199131391944283,0.214767986672939,0.000150543789353178,0.000150543789353178,1.56840297653121,30899.0478515625,9536.7431640625,101567106.373675,-2816755.06362712,29702.8677804129,1874.40946505936,22315.9790039062,21172.9011898018,17885.5708173495
1234.64704,1251.72736,17.08032,30.3923199999999,0.287131071090698,0.0032256,0.287131071090698,0.0032256,0.0680703261050727,0.203505186588596,0.203505186588596,0.229410124435177,0.000188848920863309,0.000188848920863309,1.77937649880095,32043.45703125,9155.2734375,98059533.6310407,-2824150.95460857,29927.6624407087,1364.16806917768,20790.1000976562,21038.5171957078,19629.7753827495
1282.11968,1300.70528,18.5855999999999,29.2454400000001,0.389740824699402,0.00346112,0.389740824699402,0.00346112,0.0811023883202242,0.276230221098543,0.276230221098543,0.27333068696943,0.000186225895316806,0.000186225895316806,1.57355371900828,32043.45703125,9918.212890625,102589774.641349,-2788907.00607471,29836.5424661075,1726.75416754448,20790.1000976562,21511.7912806098,16396.485634656
1329.95072,1350.12352,20.1728000000001,26.78784,0.399989098310471,0.0034304,0.399989098310471,0.0034304,0.0778577109746699,0.283493722138361,0.283493722138361,0.262395498669515,0.000170050761421319,0.000170050761421319,1.32791878172588,32043.45703125,9536.7431640625,90419424.2044158,-2662817.05928826,29539.5944632736,1981.70242497949,20980.8349609375,22288.507598341,16921.0273222152
1376.91136,1398.21056,21.2991999999999,27.1667199999999,0.39825975894928,0.00098304,0.39825975894928,0.00098304,0.0901635954230832,0.282268046602665,0.282268046602665,0.303868702106761,4.61538461538463e-05,4.61538461538463e-05,1.27548076923077,33950.8056640625,9536.7431640625,95211076.7248198,-2886955.81372677,31652.5391380853,2076.35488464362,16021.728515625,25471.8383772644,18296.7806010179
1425.37728,1449.79968,24.4224000000002,24.22784,0.402474462985992,0.00249856,0.402474462985992,0.00249856,0.0911049655437315,0.285255233353819,0.285255233353819,0.30704130093028,0.00010230607966457,0.00010230607966457,0.992033542976934,31280.517578125,9536.7431640625,69071814.2992504,-2378138.64749616,29176.9845145089,1573.89873612277,23841.8579101562,24057.8753067391,16881.7195043057
1474.02752,1496.90368,22.8761599999998,26.37824,0.397016286849976,0.00161792,0.397016286849976,0.00161792,0.0993798925818131,0.281386731248582,0.281386731248582,0.334929400637163,7.07251566696515e-05,7.07251566696515e-05,1.15308863025963,32806.396484375,9536.7431640625,70892724.0956465,-2386987.14732801,29393.2462993421,1734.25334342408,13542.1752929688,22679.8099840803,17505.6119461122
1523.28192,1544.3456,21.0636800000002,28.1702399999999,0.44585919380188,0.00324608,0.44585919380188,0.00324608,0.0987016109594823,0.316004318453684,0.316004318453684,0.332643460782243,0.000154107924161399,0.000154107924161399,1.33738454059308,32424.9267578125,9536.7431640625,71723386.3173733,-2401516.53637181,29395.2146673842,1706.58147828557,16212.4633789062,21442.4362925871,18762.6431222403
1572.51584,1595.6992,23.18336,27.1564799999999,0.495336145162582,0.0052736,0.495336145162582,0.0052736,0.10564834572571,0.351071286929952,0.351071286929952,0.356055296428198,0.000227473498233216,0.000227473498233216,1.17137809187279,33950.8056640625,9155.2734375,81820228.8400865,-2762630.04675377,32267.6541512473,1848.283711149,17547.607421875,26568.3211135846,20071.2773660707
1622.85568,1644.75904,21.90336,27.8835200000001,0.481550663709641,0.00540672,0.481550663709641,0.00540672,0.117575747723824,0.341300777020879,0.341300777020879,0.396252941028165,0.000246844319775596,0.000246844319775596,1.27302477793362,33950.8056640625,9155.2734375,77853100.643219,-2595692.24731379,30886.0566224845,1458.85635637753,17547.607421875,23767.5555407593,19503.7977785952
1672.64256,1695.52896,22.8864000000001,27.3612799999999,0.579970061779022,0.0034304,0.579970061779022,0.0034304,0.125898933799859,0.411055881865384,0.411055881865384,0.424303682998358,0.000149888143176733,0.000149888143176733,1.19552572706934,32043.45703125,9536.7431640625,69661052.5254999,-2396485.68848584,29942.0273094846,1163.11122417006,17547.607421875,22862.7014700623,18359.355097968
1722.89024,1747.39456,24.50432,26.5318400000001,0.589892864227295,0.00590848,0.589892864227295,0.00590848,0.135367765629669,0.418088704039755,0.418088704039755,0.456215472064557,0.00024111993313832,0.00024111993313832,1.08274132887589,33950.8056640625,9536.7431640625,83475415.38535,-2787402.9500592,32221.8586627702,1556.02095260147,17452.2399902344,28358.7250231605,18179.6241383744
1773.9264,1798.47168,24.54528,26.61376,0.684961915016174,0.00439296,0.684961915016174,0.00439296,0.14841408192036,0.485469238114663,0.485469238114663,0.500184073581881,0.000178973717146433,0.000178973717146433,1.08427200667501,33569.3359375,9155.2734375,72116211.8015396,-2540850.64197947,31519.7249104206,2022.94102600648,17452.2399902344,25842.5653886769,18917.9807719478
1825.08544,1850.50112,25.4156799999998,26.2963200000002,0.665631532669067,0.00516096,0.665631532669067,0.00516096,0.165289009803759,0.471768759613908,0.471768759613908,0.557055834407434,0.000203062046736504,0.000203062046736504,1.03464947622886,33569.3359375,9536.7431640625,75709672.1964705,-2695980.18621619,33032.3058289367,1468.72792094842,23937.2253417969,28386.1989186423,19614.992885661
1876.79744,1902.10048,25.30304,26.7059199999999,0.814217805862427,0.00502784,0.814217805862427,0.00502784,0.161555279916518,0.577079818900721,0.577079818900721,0.544472444741911,0.000198704977741805,0.000198704977741805,1.05544314042897,33569.3359375,9536.7431640625,73635434.6020467,-2636446.30837601,32654.7994242086,1549.74764388249,18978.1188964844,27632.2504628478,19565.4734866813
1928.8064,1955.49184,26.68544,28.70272,1.00452840328217,0.0056832,1.00452840328217,0.0056832,0.199177745442351,0.711963144103298,0.711963144103298,0.671267408005595,0.000212970069071374,0.000212970069071374,1.07559478127398,35476.6845703125,9536.7431640625,65787205.8248417,-2541369.24028384,33849.3532410185,1577.90206008213,19454.9560546875,28117.1329369869,20969.6510881967
1984.19456,2011.87328,27.6787200000001,26.2246399999999,0.857223808765411,0.00088064,0.857223808765411,0.00088064,0.182635763474631,0.60756047922061,0.60756047922061,0.615517739115197,3.18165001849795e-05,3.18165001849795e-05,0.947465778764329,33187.8662109375,9536.7431640625,61670350.1115188,-2360413.49964138,31729.4607049392,1825.02274009393,19454.9560546875,27085.2155762968,18086.8573928355
2038.09792,2066.432,28.3340799999999,26.2553600000001,0.737696826457977,0.0067584,0.737696826457977,0.0067584,0.193713681476188,0.522845297598338,0.522845297598338,0.652852458847508,0.00023852547885797,0.00023852547885797,0.926635345139148,34332.275390625,9536.7431640625,58786653.9436613,-2319986.94801881,32352.1761083791,2073.90068913623,19454.9560546875,27238.998108461,18539.5890068379
2092.68736,2121.472,28.7846400000003,24.5452799999998,1.07576680183411,0.00113664,1.07576680183411,0.00113664,0.213580457097907,0.762453617093614,0.762453617093614,0.719807323445471,3.94877267876196e-05,3.94877267876196e-05,0.852721451440753,34332.275390625,9536.7431640625,62814425.2215927,-2437425.25880449,33065.7355870183,1450.93586088164,19454.9560546875,29175.2567174049,18115.1711093492
2146.01728,2176.11264,30.0953599999998,24.9446400000002,1.23325538635254,0.0018432,1.23325538635254,0.0018432,0.224647287464788,0.874074221775139,0.874074221775139,0.757104675710983,6.12453215379385e-05,6.12453215379385e-05,0.828853351480106,36621.09375,9536.7431640625,58250662.5907225,-2395223.88296434,34043.6852496603,1477.2900372268,19454.9560546875,29920.5970318855,19325.7120115796
2201.05728,2230.64064,29.5833600000001,26.7673599999998,1.07209074497223,0.00653312,1.07209074497223,0.00653312,0.230157977054321,0.759848198478538,0.759848198478538,0.775676762210273,0.000220837660089996,0.000220837660089996,0.904811353409476,35858.154296875,9536.7431640625,61698560.1827262,-2466463.35503094,34060.2708899457,1127.43508725351,19454.9560546875,30330.5098566744,18969.2242965774
2257.408,2287.04256,29.63456,25.7126400000002,1.0966864824295,0.00116736,1.0966864824295,0.00116736,0.235222571817075,0.777280516484087,0.777280516484087,0.792745423126392,3.93918451969593e-05,3.93918451969593e-05,0.867657221838294,33187.8662109375,9536.7431640625,54608428.9526243,-2213411.218787,31691.8414572011,1514.91021094427,18978.1188964844,27221.4926815351,17635.9550083197
2312.7552,2342.48192,29.7267200000001,26.8185599999997,1.26445424556732,0.00219136,1.26445424556732,0.00219136,0.24911975327919,0.896186526242007,0.896186526242007,0.839581604336996,7.3716844643472e-05,7.3716844643472e-05,0.902170168790893,37002.5634765625,9536.7431640625,59936997.958448,-2502230.99308237,35473.3674422554,1637.92703711862,19454.9560546875,30813.0514815454,21418.1206998358
2369.30048,2399.29344,29.99296,26.5420800000002,1.38448774814606,0.00126976,1.38448774814606,0.00126976,0.243104712099999,0.981260705941118,0.981260705941118,0.819309755730441,4.23352680095595e-05,4.23352680095595e-05,0.884943666780476,34713.7451171875,9536.7431640625,58269469.3048608,-2347739.1183654,32856.153405231,1308.82777746602,18978.1188964844,29298.7309682019,17997.7332291252
2425.83552,2457.51808,31.6825599999997,26.4704000000002,1.29836237430573,0.00226304,1.29836237430573,0.00226304,0.246796228346354,0.92021903529638,0.92021903529638,0.831750877286455,7.1428571428572e-05,7.1428571428572e-05,0.835488041370406,37384.033203125,9918.212890625,54042405.7954848,-2416652.94707453,35926.4928051549,1620.06918408667,19454.9560546875,31714.7890061028,22318.8168697898
2483.98848,2515.13856,31.1500799999999,27.8835200000003,1.0684050321579,0.00088064,1.0684050321579,0.00088064,0.244320640679875,0.757235936172187,0.757235936172187,0.823407669502487,2.82708744247207e-05,2.82708744247207e-05,0.895134779750178,32806.396484375,9536.7431640625,44375165.3442454,-1990696.69393737,31625.3075232873,1363.90494756018,18310.546875,25700.0046646779,18951.9187310607
2543.02208,2574.11072,31.0886399999999,28.4159999999997,1.02821660041809,0.0067584,1.02821660041809,0.0067584,0.244847263743001,0.728752239619092,0.728752239619092,0.82518249076977,0.000217391304347827,0.000217391304347827,0.914031620553352,32424.9267578125,9536.7431640625,44867997.6993542,-1989610.05654604,31329.2283278245,1261.38272377532,18310.546875,25624.0776858058,18489.1923116065
2602.52672,2633.1648,30.6380800000002,27.7401599999998,1.084592461586,0.00666624,1.084592461586,0.00666624,0.254845203278676,0.768708835408211,0.768708835408211,0.858877474828374,0.000217580213903742,0.000217580213903742,0.905414438502663,34713.7451171875,9918.212890625,46935530.6959577,-2078385.58827777,32234.0451754057,1250.11952755174,18310.546875,26397.4934941346,19619.7392749386
2660.90496,2693.53984,32.6348800000001,27.3612800000001,1.27681124210358,0.00166912,1.27681124210358,0.00166912,0.264062841301299,0.904944592292584,0.904944592292584,0.889942692328645,5.1145277690618e-05,5.1145277690618e-05,0.838406024474428,35095.21484375,9918.212890625,44623456.8351754,-2053419.62227388,32683.0220018697,1641.81732270677,18310.546875,27758.1548688187,19487.542092318
2720.90112,2753.97632,33.0752000000002,27.62752,1.25497376918793,0.0017408,1.25497376918793,0.0017408,0.260565434832053,0.889467204271004,0.889467204271004,0.878155758150138,5.26315789473681e-05,5.26315789473681e-05,0.835294117647053,35476.6845703125,9536.7431640625,43453234.4986073,-2055602.83444285,33382.327274234,1646.02180487626,19359.5886230469,28168.3153523299,20452.9896775647
2781.60384,2813.77792,32.1740799999998,28.3647999999998,1.12170088291168,0.00331776,1.12170088291168,0.00331776,0.268215090245169,0.79500956342488,0.79500956342488,0.903936571914719,0.0001031190324634,0.0001031190324634,0.88160407383832,37002.5634765625,9536.7431640625,47969390.9599284,-2224716.91647269,34967.7974342281,1487.73152091062,19359.5886230469,29667.156944146,21921.6773069357
2842.14272,2874.97216,32.82944,27.6889600000004,1.28676772117615,0.0027136,1.28676772117615,0.0027136,0.265085100843012,0.912001282896399,0.912001282896399,0.893387904098419,8.26575171553338e-05,8.26575171553338e-05,0.843418590143494,37765.5029296875,9918.212890625,45005377.7992127,-2183576.17929305,35631.3218709459,1474.65950216405,21648.4069824219,29791.4669420875,23180.0412393257
2902.66112,2936.10496,33.4438399999999,30.4332799999997,1.37437081336975,0.00258048,1.37437081336975,0.00258048,0.281551655276256,0.97409029177613,0.97409029177613,0.948883367653537,7.71586037966934e-05,7.71586037966934e-05,0.909981628903853,37765.5029296875,9536.7431640625,43988690.0477245,-2162002.38751004,35854.4280968597,1278.8677387959,18215.1794433594,30025.4481955698,23104.7329073503
2966.53824,3000.12544,33.5871999999999,28.6924800000002,1.41092753410339,0.0019968,1.41092753410339,0.0019968,0.286872684015372,1,1,0.966816260516125,5.94512195121952e-05,5.94512195121952e-05,0.854268292682933,36621.09375,9918.212890625,40525173.7743212,-1992292.23085101,33971.5326516474,1510.89503571823,19359.5886230469,27773.3086088152,21199.0689256373
3028.81792,3063.3984,34.5804800000001,29.5321599999997,1.12108600139618,0.00365568,1.12108600139618,0.00365568,0.25541211485462,0.794573763923743,0.794573763923743,0.860788076152369,0.000105715131773763,0.000105715131773763,0.854012437074317,38909.912109375,9536.7431640625,45107280.2956836,-2294644.21909619,38298.1407361795,1579.79713125861,22697.4487304688,32955.0311143108,25410.1798520761
3092.93056,3128.99584,36.0652800000003,28.38528,1.12779855728149,0.00265216,1.12779855728149,0.00265216,0.25394160411606,0.799331312219504,0.799331312219504,0.855832171416501,7.3537762634866e-05,7.3537762634866e-05,0.787052810902889,38528.4423828125,9155.2734375,39440473.1180783,-2053280.69163173,35760.9077040198,1528.57563748879,19359.5886230469,30695.3993599401,22751.7452924359
3157.38112,3193.00608,35.6249600000001,28.8972799999997,0.886064112186432,0.0048128,0.886064112186432,0.0048128,0.225888219003667,0.628001148726254,0.628001148726254,0.76128685427599,0.000135096292037942,0.000135096292037942,0.8111526300661,35858.154296875,9536.7431640625,34915628.3206502,-1818437.98576532,32657.4729581185,1382.94570574984,19359.5886230469,26883.9395438566,20469.0376657483
3221.90336,3257.76384,35.8604800000003,28.0678399999997,1.16226959228516,0.00538624,1.16226959228516,0.00538624,0.254759165455017,0.823762783128155,0.823762783128155,0.858587510772654,0.000150199885779553,0.000150199885779553,0.782695602512835,38146.97265625,9155.2734375,39108588.8405809,-2036756.53880831,35582.3873886334,1539.08153371732,20408.6303710938,30290.2120345458,22746.4376889648
3285.83168,3323.82208,37.9904000000001,29.8086400000002,1.05777096748352,0.00361472,1.05777096748352,0.00361472,0.255188426135459,0.749699004318961,0.749699004318961,0.860034202036677,9.51482479784363e-05,9.51482479784363e-05,0.784636118598385,38528.4423828125,9536.7431640625,37081923.4013703,-2043490.53575335,37126.5517458635,1617.48167299068,20408.6303710938,32192.0109008203,24113.7770117788
3353.63072,3390.93504,37.3043199999997,30.7916800000003,1.05439651012421,0.00224256,1.05439651012421,0.00224256,0.256815553494188,0.747307345443682,0.747307345443682,0.865517934981655,6.01152895964868e-05,6.01152895964868e-05,0.825418611034874,36621.09375,9536.7431640625,35674468.67799,-1927894.31638149,35017.1387261888,1454.5312575526,22983.5510253906,29819.319634644,22273.757429366
3421.72672,3459.16416,37.4374399999997,29.36832,0.855198740959167,0.00249856,0.855198740959167,0.00249856,0.234650962491598,0.606125205078391,0.606125205078391,0.790818989480644,6.67396061269152e-05,6.67396061269152e-05,0.784463894967185,37002.5634765625,9536.7431640625,35707792.8148946,-1921232.04327607,34932.2733810136,1626.71461805737,15354.1564941406,29805.9213718199,21879.3269126969
3488.53248,3527.89504,39.36256,29.7881600000001,1.02519118785858,0.00349184,1.02519118785858,0.00349184,0.256548799662875,0.726607967509871,0.726607967509871,0.864618923134106,8.87096774193548e-05,8.87096774193548e-05,0.756763787721125,38528.4423828125,9536.7431640625,32320692.7901481,-1891587.47976896,36633.1195551629,1512.9771876034,20313.2629394531,30973.44838928,24379.6845372839
3557.6832,3596.67712,38.9939199999999,30.0544,1.24483859539032,0.00751616,1.24483859539032,0.00751616,0.273096651569145,0.88228386313361,0.88228386313361,0.920388374849268,0.000192752100840337,0.000192752100840337,0.77074579831933,38528.4423828125,9536.7431640625,30458138.6155457,-1759435.63844483,35009.2303368353,2837.62674018958,20313.2629394531,28522.6118278834,22294.907038185
3626.73152,3669.23776,42.5062400000002,28.6822400000001,1.13438189029694,0.0029696,1.13438189029694,0.0029696,0.258602903361715,0.803997273338212,0.803997273338212,0.871541648675722,6.98626836906767e-05,6.98626836906767e-05,0.674777162129607,38909.912109375,9536.7431640625,25947451.6071537,-1612903.76286669,34474.1972827838,2895.63755024233,15926.3610839844,28452.2518274493,21677.1264372708
3697.92,3741.06112,43.1411199999998,28.25216,1.13092565536499,0.00297984,1.13092565536499,0.00297984,0.260913065144268,0.801547654312142,0.801547654312142,0.879327339333096,6.90719202468553e-05,6.90719202468553e-05,0.654877759316405,37002.5634765625,8773.8037109375,24321610.5751334,-1557161.88398605,34527.8186958377,2357.91873772792,20313.2629394531,27936.3205785778,21911.3905329006
3769.31328,3812.18816,42.8748800000003,32.8908799999999,1.01541137695312,0.00571392,1.01541137695312,0.00571392,0.260462151856954,0.719676491109369,0.719676491109369,0.877807674608818,0.000133269644136612,0.000133269644136612,0.76713637449247,38909.912109375,9536.7431640625,27153665.5995676,-1703669.44693406,36237.2926576525,2799.07504920713,12493.1335449219,30316.3773033642,23129.2524434016
3845.07904,3889.37728,44.2982400000001,30.4230399999997,1.03211402893066,0.0029184,1.03211402893066,0.0029184,0.247571688187487,0.73151455619338,0.73151455619338,0.834364326476843,6.58807212205269e-05,6.58807212205269e-05,0.686777623670819,38909.912109375,9536.7431640625,24416001.0094703,-1572838.03229658,34860.5628774947,2708.56509161927,12397.7661132812,28898.1953296353,21761.6060726735
3919.80032,3964.35456,44.5542400000004,31.65184,1.01027834415436,0.00229376,1.01027834415436,0.00229376,0.254784926983631,0.716038435522036,0.716038435522036,0.858674332091473,5.148241783498e-05,5.148241783498e-05,0.710411399678229,37765.5029296875,8773.8037109375,21276237.3592988,-1435918.5652615,33670.7666266993,2541.78101851411,12397.7661132812,26713.3736983742,21741.2206950183
3996.0064,4042.46528,46.4588799999997,32.49152,0.970085382461548,0.00355328,0.970085382461548,0.00355328,0.240670535368235,0.687551528348344,0.687551528348344,0.811106110781405,7.64822569980168e-05,7.64822569980168e-05,0.699360811108668,38909.912109375,9155.2734375,22533496.0725965,-1572430.42748356,36649.5818874745,2509.02178779022,12397.7661132812,30447.1656192401,24416.4382493601
4074.9568,4121.52832,46.5715200000004,32.9318399999993,1.35757696628571,0.00315392,1.35757696628571,0.00315392,0.273064205840238,0.962187591830086,0.962187591830086,0.920279026486601,6.77220756376423e-05,6.77220756376423e-05,0.707124010554068,38909.912109375,9155.2734375,20967502.5884198,-1472722.40276092,35158.8835700421,2648.07150322409,12493.1335449219,28610.4119627552,23110.3687037573
4154.46016,4200.89856,46.4384,34.2016000000003,1.15404140949249,0.0027648,1.15404140949249,0.0027648,0.256730314895965,0.817931028772399,0.817931028772399,0.865230664469763,5.95369349503859e-05,5.95369349503859e-05,0.736493936052929,38528.4423828125,9155.2734375,20607191.375747,-1430385.41007898,34094.4672716122,2819.99045548108,12397.7661132812,27658.0402579483,21984.8865579809
4235.10016,4283.82208,48.72192,34.8364799999999,1.26660251617432,0.00303104,1.26660251617432,0.00303104,0.244331434914634,0.897709120815484,0.897709120815484,0.82344404815499,6.22110130306852e-05,6.22110130306852e-05,0.715006305170239,38528.4423828125,9155.2734375,19164781.047506,-1409311.08616863,35017.6081483664,2601.26446103117,12445.4498291016,28647.4371917802,23170.4962636415
4318.65856,4367.91296,49.2543999999998,36.4236800000008,0.915167152881622,0.00297984,0.915167152881622,0.00297984,0.229810334682989,0.648628034226567,0.648628034226567,0.774505140385765,6.04989604989607e-05,6.04989604989607e-05,0.739501039501058,37384.033203125,9155.2734375,17207910.2131693,-1304123.2487048,34413.3570126676,2981.09080670558,12445.4498291016,26929.8279977045,22487.4881831979
4404.33664,4452.90496,48.5683199999994,36.6387199999999,0.820086598396301,0.00346112,0.820086598396301,0.00346112,0.22869532475669,0.581239346865142,0.581239346865142,0.770747341935614,7.12629137676585e-05,7.12629137676585e-05,0.754374868226868,37765.5029296875,9155.2734375,18311370.7457234,-1362669.00532533,34936.1404233616,3347.73902519343,12445.4498291016,27714.37869443,22988.1868111951
4489.54368,4540.80512,51.2614400000002,38.0723200000002,1.3022038936615,0.0032256,1.3022038936615,0.0032256,0.241247819280296,0.922941726053291,0.922941726053291,0.813051668878125,6.29244906112662e-05,6.29244906112662e-05,0.7427087495006,38528.4423828125,9536.7431640625,16659844.8623201,-1317225.96595792,35582.9511369978,2990.29778226217,12445.4498291016,28328.596464871,23745.2385348422
4578.87744,4627.64032,48.7628800000002,40.0998399999999,1.02139282226562,0.00290816,1.02139282226562,0.00290816,0.239076368005334,0.723915862138655,0.723915862138655,0.805733459377778,5.96388072238553e-05,5.96388072238553e-05,0.822343553128931,37765.5029296875,9155.2734375,18146357.8403965,-1337565.26638549,33966.6358855089,2701.0500373223,12445.4498291016,27221.0910526815,22074.7898153549
4667.74016,4719.53408,51.7939200000001,39.4444799999992,1.04047477245331,0.00331776,1.04047477245331,0.00331776,0.242222217480547,0.737440263446628,0.737440263446628,0.816335578698451,6.40569395017793e-05,6.40569395017793e-05,0.761565836298916,37765.5029296875,8773.8037109375,15783587.9222056,-1251137.90789254,34304.4294297488,3152.67193724653,12445.4498291016,27127.6620314269,22460.1235632012
4758.97856,4809.71776,50.7392000000009,41.8815999999997,1.13277995586395,0.00320512,1.13277995586395,0.00320512,0.248352516244874,0.802861896506828,0.802861896506828,0.836995867591121,6.31685166498475e-05,6.31685166498475e-05,0.825428859737618,38146.97265625,8773.8037109375,19930289.8165991,-1432001.56456864,35279.579949871,2955.5161835386,12445.4498291016,30096.2710257918,21348.7519782843
4851.59936,4903.17824,51.57888,42.9977600000002,0.803779900074005,0.02894848,0.73844575881958,0.00342016,0.222351044615189,0.569681915368379,0.523376106122163,0.749365894541537,0.000561246773873337,6.63093110978757e-05,0.833631129640663,38528.4423828125,8773.8037109375,18056061.2378555,-1350921.23779361,35307.8144352611,3514.8366100566,12445.4498291016,28893.7175851784,21643.0046523964
4946.176,4999.4752,53.2991999999995,41.5334400000002,1.07778346538544,0.00330752,1.07778346538544,0.00330752,0.22579614297553,0.763882934689725,0.763882934689725,0.760976540306879,6.20557156580218e-05,6.20557156580218e-05,0.779250720461106,38146.97265625,8773.8037109375,18143637.762265,-1387350.28052482,35855.9287219368,3032.34343071762,12445.4498291016,30639.6276943323,22402.1282671873
5041.00864,5092.2496,51.2409600000001,44.2675200000003,0.949804186820984,0.00420864,0.949804186820984,0.00420864,0.246911139754951,0.673177157482123,0.673177157482123,0.832138150890881,8.21342925659471e-05,8.21342925659471e-05,0.863908872901684,37384.033203125,8773.8037109375,16757728.792181,-1277290.66930721,34590.3323502491,3260.59452837473,12445.4498291016,27228.274509335,21449.9044057228
5136.51712,5191.54688,55.0297599999994,40.9907199999998,1.03395402431488,0.00382976,1.03395402431488,0.00382976,0.223075102035157,0.732818659586178,0.732818659586178,0.751806107661081,6.9594343133607e-05,6.9594343133607e-05,0.744882768887238,37384.033203125,8773.8037109375,16183579.3232011,-1257497.30503369,34059.5089823989,2825.94710651615,12445.4498291016,28663.6089956962,20191.4545456599
5232.5376,5289.68704,57.1494400000001,41.6870399999998,0.919882833957672,0.03142656,0.664547979831696,0.0032768,0.216137920571713,0.651970290268829,0.471000787615927,0.728426468487595,0.000549901451352803,5.73373947321267e-05,0.729439168607771,37765.5029296875,8773.8037109375,15213757.0069148,-1248651.06801728,35129.6174824631,2850.96092303824,12445.4498291016,29570.0854774688,21670.689020235
5331.37408,5388.26752,56.8934400000007,43.5097599999999,1.00013220310211,0.00375808,1.00013220310211,0.00375808,0.226392841978156,0.708847321303194,0.708847321303194,0.762987531002466,6.60547156227493e-05,6.60547156227493e-05,0.764758819294445,38528.4423828125,8773.8037109375,16683547.8831678,-1362275.55137547,37216.7192743073,2970.1542766487,12445.4498291016,32115.3357607575,23502.1749013737
5431.77728,5489.07008,57.2928000000002,42.1683199999998,0.899537146091461,0.03049472,0.882237613201141,0.00355328,0.221736076227126,0.637550210304098,0.625289103711325,0.747293332494289,0.000532260947274351,6.20196604110811e-05,0.73601429848078,37384.033203125,8773.8037109375,15767996.2181453,-1218665.87656792,33266.1202773746,3013.85433269893,12445.4498291016,29030.8129487066,18062.8857016735
5531.2384,5590.40512,59.1667200000002,43.6326399999998,0.873950064182281,0.0323584,0.746139347553253,0.00406528,0.210436709683392,0.619415273327736,0.528828965002377,0.709212288474676,0.000546902042229144,6.87088958116994e-05,0.737452405676699,37765.5029296875,8773.8037109375,15163913.6310599,-1250542.28880838,35420.1787054042,3011.00882473127,12445.4498291016,30658.9085727581,20906.1615446947
5634.03776,5694.8224,60.7846399999999,44.3904000000002,0.903751194477081,0.03289088,0.663379490375519,0.00470016,0.189158987627569,0.640536932360166,0.470172616481738,0.637502262332173,0.000541105121293802,7.7324797843666e-05,0.730289757412404,38146.97265625,8773.8037109375,14379514.5470764,-1243370.2085108,36508.0856210607,3192.6919816897,12445.4498291016,31307.1941097111,22448.7761754415
5739.2128,5800.91904,61.7062399999995,45.6294400000006,0.967567920684814,0.0335872,0.964290797710419,0.00702464,0.222371362710916,0.68576726819615,0.683444595418715,0.749434370441913,0.000544307998672424,0.000113840026551611,0.739462329903766,37765.5029296875,8773.8037109375,12740819.9970045,-1142978.71045902,35010.4546060368,2944.84733015422,12445.4498291016,29252.0912946477,22016.2072528173
5846.54848,5911.84896,65.3004799999999,45.3222399999995,1.03501224517822,0.03516416,0.880338609218597,0.0062464,0.221110663854422,0.733568677455816,0.623943177760741,0.745185572204968,0.000538497726203545,9.56562647012704e-05,0.69405676650462,38146.97265625,8773.8037109375,12936625.4321511,-1188922.85168279,36941.8390196373,3049.34731526808,12445.4498291016,32159.6881074032,22473.4867848132
5957.1712,6022.07232,64.9011200000004,46.848,1.0090674161911,0.03494912,0.976961970329285,0.00443392,0.238348947422313,0.715180185942247,0.692425334905749,0.803281911750257,0.000538497948879769,6.83180814136947e-05,0.721836541495734,37384.033203125,8773.8037109375,10611144.4314991,-1010820.72625867,33514.1695462741,2889.96884858619,12445.4498291016,27237.9298567243,20907.6081775395
6068.92032,6133.46304,64.5427199999995,47.2883200000006,0.986261367797852,0.03360768,0.936207354068756,0.00412672,0.194478922637408,0.699016316542858,0.663540353022943,0.655431469116204,0.000520704426463593,6.39378073933053e-05,0.732666983975899,37384.033203125,8773.8037109375,11440043.9747713,-1067606.79043004,34308.4551090568,2930.99684623317,12445.4498291016,28565.8227249774,21249.7376112795
6180.75136,6248.3968,67.6454400000002,44.9843199999996,1.06194376945496,0.03634176,0.782862067222595,0.00415744,0.20596048084227,0.752656492829586,0.554856325573151,0.694126534164391,0.000537238873751134,6.14592794429305e-05,0.665001513775347,37765.5029296875,8773.8037109375,10434624.0960956,-1012710.43140796,33720.3920435433,2565.81822391558,12445.4498291016,28385.8509006646,20757.3883826534
6293.38112,6362.15296,68.7718400000003,45.3631999999998,1.01471936702728,0.0373248,0.847738027572632,0.00433152,0.197137371812647,0.719186026568054,0.600837397443907,0.664390955444427,0.000542733770101248,6.29839189994041e-05,0.659618820726616,37002.5634765625,9155.2734375,10718042.4336154,-1047788.79608872,34987.1790111463,3367.03282916686,12445.4498291016,29848.9223942794,21366.6746046016
6407.51616,6481.34656,73.8303999999998,44.2265600000001,0.987710297107697,0.03736576,0.56401538848877,0.00561152,0.181211520973972,0.700043250439052,0.399747949385073,0.610717767262591,0.00050610263522885,7.60055478502082e-05,0.599029126213594,37002.5634765625,8773.8037109375,9411885.24009707,-1010000.35309938,35767.7768680404,2660.18033889154,12397.7661132812,30926.9347457147,23265.2216188761
6525.57312,6598.87104,73.29792,47.9948800000002,1.04042041301727,0.03972096,0.700511515140533,0.00540672,0.202840154328462,0.737401735999455,0.496490073521522,0.683610432145045,0.000541911148365465,7.37636211232188e-05,0.654791841296454,36621.09375,8773.8037109375,9158890.01165524,-958500.379863615,34451.4784987244,2805.3252382205,12397.7661132812,29105.5623700594,21049.1683710066
6646.86592,6720.11264,73.2467200000001,48.9574400000001,0.938792705535889,0.03995648,0.557842671871185,0.00546816,0.182597466938168,0.665372730239095,0.395373014125548,0.6153886724029,0.000545505382357052,7.4653991332308e-05,0.668390884943381,37384.033203125,8773.8037109375,9402905.13656695,-997844.605752873,35449.8941601018,2475.68723687219,12397.7661132812,30304.7251952997,22641.4874322045
6769.07008,6843.55584,74.4857599999996,49.6435199999996,0.947511911392212,0.03796992,0.655855655670166,0.00434176,0.17733026877345,0.671552498969644,0.464840071383924,0.597637198955756,0.000509760791861427,5.82897992851254e-05,0.666483365411052,36239.6240234375,9155.2734375,9481762.2481942,-1040162.26399131,37497.6679760196,2879.85580501718,12445.4498291016,32182.3629084117,24871.2419399636
6893.19936,6969.26208,76.0627200000008,48.0358399999996,0.87311190366745,0.04209664,0.69041919708252,0.00598016,0.162855302575243,0.618821224027135,0.489337106544783,0.548853771774875,0.000553446418955298,7.86214324178775e-05,0.631529348411404,35858.154296875,8773.8037109375,7476324.72563429,-900633.51250833,36375.3377877861,2917.99256937946,12445.4498291016,28997.2123339335,25250.0785658418
7017.29792,7095.26528,77.9673599999996,52.75648,0.796531021595001,0.04050944,0.35008716583252,0.00617472,0.146441383620025,0.564544246491848,0.248125546756014,0.493535699929985,0.000519569214604678,7.91962174940902e-05,0.676648279485162,35858.154296875,8773.8037109375,8297160.25159395,-978424.426846301,38044.7060894172,2870.28524671936,12397.7661132812,31841.7973646669,25847.4855230525
7148.02176,7226.2144,78.1926400000002,50.5139200000003,0.749159812927246,0.04110336,0.439665645360947,0.00431104,0.142655902622251,0.530969730775944,0.31161461856391,0.480777899043211,0.000525667888947091,5.51335777894184e-05,0.646018858040862,35476.6845703125,8773.8037109375,7535171.06981535,-906486.504071052,36292.7191223435,2353.80676814209,12397.7661132812,29715.6195170899,24809.8667022138
7276.72832,7356.5696,79.8412799999996,47.2985600000002,0.716296494007111,0.0430592,0.428140312433243,0.00359424,0.135799178828333,0.507677734464441,0.303445997108076,0.457669417730042,0.00053930999102219,4.50173143516739e-05,0.592407336154936,36239.6240234375,8773.8037109375,7516179.20394206,-918133.556965393,37150.2195710197,2564.16490479652,12445.4498291016,30684.8775093087,25392.0970202111
7403.86816,7486.03392,82.1657599999999,48.6809600000006,0.652178406715393,0.04680704,0.29472553730011,0.00308224,0.123524548124381,0.46223380786869,0.208887792020729,0.416301545438042,0.000569666001994019,3.75124626121636e-05,0.592472582253249,35858.154296875,8773.8037109375,6851983.49934452,-866149.966092191,36821.784553947,2974.60637153286,12445.4498291016,29835.7413874069,24908.6762160806
7534.71488,7618.3552,83.6403199999995,47.4112000000005,0.739620923995972,0.04624384,0.291287124156952,0.003584,0.136353453298789,0.524209008697233,0.206450804252011,0.459537429571828,0.000552889324191972,4.28501469147897e-05,0.56684622918708,35476.6845703125,8773.8037109375,6250989.85269865,-773488.113948923,33481.6712599534,3688.37319929402,12397.7661132812,26890.4107219012,20964.7240907895
7665.7664,7750.38976,84.6233599999996,48.9267200000004,0.468389809131622,0.04924416,0.160167872905731,0.0044544,0.0968955120609069,0.331972973671728,0.113519560030072,0.326556559238318,0.000581921587608909,5.26379477250729e-05,0.57817037754115,35858.154296875,8773.8037109375,6495213.8522486,-835412.965580641,36100.334419909,3425.16582368378,12445.4498291016,29542.891004546,24182.4914053226
7799.31648,7883.29472,83.9782399999995,51.2511999999997,0.49997279047966,0.04880384,0.195333138108253,0.00429056,0.100217881329845,0.354357526091784,0.138443069106581,0.337753584300754,0.00058114864040971,5.10913303255704e-05,0.61029142787465,35476.6845703125,9155.2734375,5592403.40589653,-728744.196187217,33326.2321011107,3458.26183091763,12588.5009765625,25722.1065303337,21759.0979634667
7934.54592,8026.37824,91.8323200000004,50.9849599999998,0.660531878471375,0.05221376,0.234475791454315,0.00516096,0.121151898370107,0.468154361230979,0.166185566435429,0.408305258266905,0.000568577163247098,5.61998215878677e-05,0.555196253345222,34713.7451171875,8773.8037109375,5207680.21981887,-722144.233342524,34551.0764554104,3267.4532957125,12397.7661132812,27670.6360584563,22398.9017026803
8077.3632,8168.98048,91.6172800000004,51.2819199999994,0.58421802520752,0.05124096,0.179900050163269,0.00422912,0.109081637795639,0.414066641330927,0.127504812128846,0.367626152718335,0.000559293617972502,4.61607242651166e-05,0.559740695205088,34713.7451171875,8773.8037109375,5018590.6251131,-679102.793977906,32774.19798331,3672.82420007988,12397.7661132812,25854.3451506256,20092.8762386052
8220.2624,8314.65472,94.3923200000008,56.7398400000002,0.658365547657013,0.05252096,0.183052286505699,0.005632,0.117797912418068,0.466618966420119,0.129738971053552,0.397001678886025,0.000556411369060529,5.96658711217178e-05,0.601106530700799,35095.21484375,8773.8037109375,4826630.40086173,-688062.847177131,33919.2825085761,3232.93156326426,12397.7661132812,27100.5714646419,21943.0056142034
8371.39456,8465.6128,94.2182400000002,58.3270399999983,0.750877141952515,0.0530432,0.256788372993469,0.0028672,0.130366632540635,0.532186893942556,0.181999689414702,0.439360689225687,0.000562982284534289,3.04314748396913e-05,0.619063145310273,35095.21484375,8773.8037109375,4832935.24226935,-692655.27812675,34243.8283649827,2897.69195452174,12397.7661132812,27277.180700452,22358.4241649009
8523.93984,8617.80992,93.8700800000006,61.4502400000001,0.725094020366669,0.05330944,0.226452484726906,0.00313344,0.123541046430906,0.513913013135325,0.160499018732957,0.416357147912268,0.000567906621577394,3.33806043416601e-05,0.654630740700335,35858.154296875,8773.8037109375,5378847.1170571,-755348.736285513,36098.4795184455,2487.35159821126,12445.4498291016,29528.1819926503,23508.4405119003
8679.26016,8776.31488,97.0547200000001,65.7817599999998,0.797257304191589,0.0539136,0.158283650875092,0.00354304,0.123328221361276,0.565059001912685,0.112184110841438,0.415639886390244,0.00055549694028276,3.65055918970247e-05,0.677780122388687,35476.6845703125,8773.8037109375,5006035.63571798,-698601.790922303,34590.44408896,4594.60181204219,12421.6079711914,28097.9534283031,20647.6544513785
8842.09664,8931.072,88.9753600000004,61.8188800000007,0.718860566616058,0.04908032,0.146702274680138,0.00202752,0.111817514726836,0.509495030212785,0.103975768516959,0.376846585513918,0.000551616986995049,2.2787432385775e-05,0.694786511681442,36239.6240234375,8773.8037109375,5252367.9647809,-641856.993249332,31325.8493386528,5639.86166446509,12540.8172607422,23690.0843861578,15528.4836709382
8992.89088,9081.66144,88.770559999999,60.9279999999999,0.77844113111496,0.0484352,0.259194433689117,0.00169984,0.140261460334846,0.551722971094783,0.183704993647196,0.472708166833339,0.000545622332448962,1.91486907371095e-05,0.686353674010849,36239.6240234375,8773.8037109375,6243036.53700963,-814416.38141396,37408.5632257319,4091.6937767405,12445.4498291016,30021.3604689593,23099.7448013672
9142.58944,9237.83168,95.2422399999996,72.8473600000016,0.77187442779541,0.05113856,0.174101307988167,0.00412672,0.127499886556294,0.547068796333269,0.123394932609919,0.429699202486566,0.000536931512740568,4.33286743360931e-05,0.764863993119039,37002.5634765625,8773.8037109375,5453902.84934526,-726454.576082085,34817.2404950568,5038.34569130764,12397.7661132812,28665.2824325107,19716.3486820086
9310.67904,9392.10752,81.4284799999987,94.771200000001,1.3825535774231,0.02185216,1.23243713378906,0.0091136,0.296718927609087,0.979889855435893,0.873494282307166,1,0.000268360160965799,0.000111921529175052,1.16385814889339,35476.6845703125,9155.2734375,5664942.75258445,-718301.172101144,32958.006247496,2149.51919163852,26559.8297119141,24611.2313092593,20928.218194435
9486.87872,9553.32608,66.4473600000001,0,0.805910289287567,0.02214912,0.381519883871078,0.0063488,0.199721447573603,0.571191836439496,0.270403599511242,0.673099789025684,0.000333333333333333,9.5546309138542e-05,0,35476.6845703125,9536.7431640625,8553408.40006141,-899398.5066855,33117.747170445,1135.84666722022,12493.1335449219,25289.0707428938,21997.2057975058
