note.starts,note.ends,note.durs,INI,pk.amps,pk.times,qpk.amps,qpk.times,note.rmss,rel.pk.amps,rel.qpk.amps,rel.note.rmss,rel.pk.tm,rel.qpk.tm,rel.INI,max.Hz,min.Hz,FMa,FMb,FMc,FM.resid,note.DF,arcL,chordL
999.53664,1011.27168,11.7350399999999,32.4915200000002,0.120302900671959,0.00172032,0.120302900671959,0.00172032,0.0282317265164604,0.0736949191616935,0.0736949191616935,0.083933081359465,0.000146596858638745,0.000146596858638745,2.7687609075044,32043.45703125,11444.091796875,39650822.308041,-2166849.47233824,31433.10546875,5720.65053403807,28991.69921875,19967.7043461408,19967.7043461407
1043.7632,1057.90464,14.1414399999999,33.0854400000001,0.174342110753059,0.00130048,0.174342110753059,0.00130048,0.035336929606848,0.106798154380832,0.106798154380832,0.105056890018964,9.19623461259965e-05,9.19623461259965e-05,2.33960897900075,34332.275390625,9155.2734375,131208175.637518,-3643270.41262929,35060.5357776989,2494.27223417223,33950.8056640625,25299.482073887,25282.0363014299
1090.99008,1107.97824,16.9881599999999,32.1331200000002,0.232726156711578,0.00231424,0.232726156711578,0.00231424,0.0538503730513018,0.142562940792574,0.142562940792574,0.160097461269936,0.000136226642555757,0.000136226642555757,1.89150090415916,38146.97265625,9918.212890625,127769922.514304,-3563983.55383259,36507.9104245364,3190.9869177462,29373.1689453125,26035.0203545441,23671.4323917531
1140.11136,1156.27008,16.1587199999999,34.4064000000001,0.182883769273758,0.00110592,0.182883769273758,0.00110592,0.0465752573164622,0.11203058710418,0.11203058710418,0.138468501364994,6.84410646387837e-05,6.84410646387837e-05,2.12927756653994,32043.45703125,9155.2734375,124553492.173232,-3431838.78917139,33309.4334864354,1805.49416664094,28419.4946289062,24346.2761302031,22932.6781577727
1190.67648,1206.64064,15.96416,35.2153599999999,0.194432929158211,0.00054272,0.194432929158211,0.00054272,0.0489627042445624,0.119105349219775,0.119105349219775,0.145566394479707,3.39961513790892e-05,3.39961513790892e-05,2.20590121872995,31661.9873046875,8773.8037109375,117011517.580374,-3278033.33151293,32659.677358774,1661.08995910917,30326.8432617188,23406.3095748966,22510.1479563684
1241.856,1257.82016,15.96416,31.4675199999999,0.218926385045052,0.0041984,0.210562869906425,0.00096256,0.0567108726410355,0.134109503246728,0.128986197253223,0.168601742602282,0.000262989095574086,6.02950609364978e-05,1.97113534316869,31661.9873046875,9155.2734375,123998935.217875,-3296786.5489401,31297.2854781937,984.496699116667,16784.66796875,22797.4388309258,21028.7531588537
1289.28768,1307.72992,18.4422400000001,29.9315200000001,0.384193807840347,0.00151552,0.384193807840347,0.00151552,0.0699374066732847,0.235348702758395,0.235348702758395,0.207924302502586,8.21765685730146e-05,8.21765685730146e-05,1.62298722931704,34332.275390625,9155.2734375,116368883.932107,-3497021.82603349,35494.6360868566,1434.03403616013,30326.8432617188,27630.8380554833,24913.9713125013
1337.66144,1356.65664,18.9951999999998,30.0646400000001,0.276844263076782,0.00518144,0.272714227437973,0.002048,0.0726862558116712,0.169588725407828,0.167058756131635,0.216096646416536,0.000272776280323452,0.000107816711590297,1.58274932614557,34332.275390625,9155.2734375,109030790.572836,-3280252.84705475,33951.9276338465,938.58928742382,16021.728515625,26375.3007396521,22968.8281877198
1386.72128,1406.54592,19.82464,28.80512,0.367693781852722,0.00195584,0.367693781852722,0.00195584,0.0737779775843659,0.225241148621861,0.225241148621861,0.219342341373096,9.86570247933882e-05,9.86570247933882e-05,1.45299586776859,33187.8662109375,9155.2734375,117747392.912801,-3424805.47749633,34369.2068960152,1442.51812505538,15068.0541992188,28188.1393317152,21618.8849437895
1435.35104,1453.75232,18.40128,30.5561599999999,0.347014963626862,0.00191488,0.347014963626862,0.00191488,0.0786520697294836,0.212573757985375,0.212573757985375,0.233833044672137,0.000104062326099054,0.000104062326099054,1.66054535336671,33187.8662109375,9155.2734375,115471806.504323,-3405721.962293,34176.321590648,1653.82202156894,15068.0541992188,26654.0637078234,23570.0692470439
1484.30848,1504.1024,19.7939200000001,30.3820800000001,0.322608798742294,0.00193536,0.322608798742294,0.00193536,0.0857543152153057,0.197623076512452,0.197623076512452,0.254948060356666,9.77754785307808e-05,9.77754785307808e-05,1.53491981376099,33187.8662109375,9155.2734375,109195254.76793,-3233551.73449494,33150.9347055473,1218.79367605997,15068.0541992188,26654.8442978069,21222.0433557886
1534.48448,1553.99168,19.5072,31.4675199999999,0.377818912267685,0.00707584,0.330221951007843,0.00160768,0.0873140395011703,0.231443581508055,0.202286726662544,0.259585129411139,0.000362729658792651,8.24146981627296e-05,1.61312335958005,32806.396484375,9155.2734375,97458491.7544255,-2925499.35321829,31279.395608341,980.417197503395,15068.0541992188,23926.3400785239,19982.3380967561
1585.4592,1604.864,19.4048,31.9795199999999,0.415826767683029,0.00260096,0.415826767683029,0.00260096,0.101183292253988,0.254726360366238,0.254726360366238,0.300818495674393,0.000134036939313984,0.000134036939313984,1.64802110817941,32424.9267578125,9155.2734375,91107183.5657166,-2914973.43651464,32836.6896685432,1834.64408427201,15068.0541992188,24373.878253276,22258.4070331178
1636.84352,1657.51808,20.6745600000002,32.38912,0.529569387435913,0.00181248,0.529569387435913,0.00181248,0.0984882123306402,0.324402595279182,0.324402595279182,0.292806007938486,8.76671619613664e-05,8.76671619613664e-05,1.56661713719662,32806.396484375,9155.2734375,89097730.1274811,-2915029.87574629,33100.9135526769,1876.16234709546,15068.0541992188,25502.5786047632,22183.2551770477
1689.9072,1711.60576,21.6985599999998,30.50496,0.38339227437973,0.00172032,0.38339227437973,0.00172032,0.0974106389799814,0.234857700935034,0.234857700935034,0.289602376320034,7.9282680509675e-05,7.9282680509675e-05,1.40585181689477,32424.9267578125,9155.2734375,75046035.2042803,-2626703.29473028,32331.2324390077,1647.64245412378,15068.0541992188,24306.9908137622,21661.9414469708
1742.11072,1763.6352,21.52448,31.96928,0.440409034490585,0.00229376,0.440409034490585,0.00229376,0.112751571064763,0.269784918015931,0.269784918015931,0.335211053495738,0.000106565176022835,0.000106565176022835,1.48525214081827,34713.7451171875,9155.2734375,77308873.6703636,-2786151.13780271,34648.3952981892,1415.17353611271,15068.0541992188,26052.3464161801,24153.0028467957
1795.60448,1817.89696,22.2924800000001,30.3923199999999,0.424686372280121,0.0075264,0.396451205015182,0.00446464,0.109915842448068,0.260153559884623,0.2428573155091,0.32678041640524,0.000337620578778134,0.000200275608635737,1.36334405144694,32424.9267578125,9155.2734375,67656005.7834008,-2481559.57885601,32036.7645799068,1899.43863272018,15830.9936523438,23812.5022181834,21698.1496215577
1848.28928,1871.40096,23.11168,29.11232,0.369561493396759,0.0038912,0.369561493396759,0.0038912,0.0966304641595492,0.226385267761852,0.226385267761852,0.287282912200836,0.000168365086397873,0.000168365086397873,1.25963668586619,33950.8056640625,9155.2734375,85429312.9758649,-2849055.50819778,33124.2879231771,1739.15903852455,15068.0541992188,27293.3835131383,20214.4128320438
1900.51328,1922.53952,22.0262400000001,30.6278399999999,0.391115993261337,0.00729088,0.385344058275223,0.00407552,0.101771655501825,0.239589081769813,0.236053320954136,0.30256770291189,0.000331008833100881,0.000185030218503021,1.39051603905159,32043.45703125,9155.2734375,75361113.9780388,-2589797.89568621,31604.9046314661,1781.11078431485,15830.9936523438,24017.7716963981,20481.6700198053
1953.16736,1975.10144,21.93408,30.9350400000001,0.486857920885086,0.00507904,0.486857920885086,0.00507904,0.119723448341019,0.298238487371897,0.298238487371897,0.355938483761648,0.00023155929038282,0.00023155929038282,1.41036414565827,32424.9267578125,9155.2734375,78053605.317429,-2640556.89823717,31842.2898173455,1769.49774033044,13542.1752929688,24298.7786787348,20366.2950202549
2006.03648,2028.15488,22.1184000000001,31.1500799999999,0.560526609420776,0.00144384,0.560526609420776,0.00144384,0.117930687401361,0.343366310691714,0.343366310691714,0.350608595427734,6.52777777777776e-05,6.52777777777776e-05,1.40833333333332,32043.45703125,9155.2734375,71064585.2449693,-2499693.15743006,31646.2403603506,1966.14504819521,13542.1752929688,23440.5522340365,20522.7395883035
2059.30496,2083.13344,23.8284800000001,30.3923199999999,0.615141808986664,0.00176128,0.615141808986664,0.00176128,0.126044008950709,0.37682238443995,0.37682238443995,0.374729545922911,7.39149119037383e-05,7.39149119037383e-05,1.27546196819939,32806.396484375,9536.7431640625,62999387.0231789,-2381412.45298614,31839.2416588346,1597.91195491683,13637.5427246094,24034.7604138522,20974.6101298579
2113.52576,2137.35424,23.8284800000001,32,0.592444479465485,0.00207872,0.592444479465485,0.00207872,0.138569488085224,0.362918498042309,0.362918498042309,0.411967865678187,8.72367855608074e-05,8.72367855608074e-05,1.34293081220455,34332.275390625,9536.7431640625,67336835.0775156,-2540421.57179729,33429.9417366659,1369.96077701877,13637.5427246094,25620.6121523124,22300.7680904387
2169.35424,2193.31584,23.9616000000001,30.8735999999999,0.595175445079803,0.00301056,0.595175445079803,0.00301056,0.140315598649438,0.364591427697841,0.364591427697841,0.417159062184124,0.000125641025641025,0.000125641025641025,1.28846153846153,33950.8056640625,9536.7431640625,63113961.1227274,-2359096.51281136,31574.2205856438,1576.44787150777,15544.8913574219,23799.2701281932,20290.3239825228
2224.18944,2248.77568,24.5862400000001,29.4911999999999,0.622071444988251,0.00320512,0.622071444988251,0.00320512,0.156689577476748,0.381067327513679,0.381067327513679,0.465838993122441,0.000130362349021241,0.000130362349021241,1.19950020824656,33950.8056640625,9536.7431640625,68940872.471195,-2556820.63415991,33217.121783952,1611.5801201196,15544.8913574219,26223.5962789723,21189.0067297903
2278.26688,2303.1808,24.91392,29.5526399999999,0.744281709194183,0.00340992,0.744281709194183,0.00340992,0.156728088304961,0.45593065575498,0.45593065575498,0.465953486030829,0.000136868064118373,0.000136868064118373,1.18618988902589,33950.8056640625,9536.7431640625,62429492.4760739,-2413396.51455665,32750.9099786932,1690.71631077644,15354.1564941406,25271.5181877369,21376.9688420729
2332.73344,2358.24128,25.5078400000002,29.3171199999997,0.676928520202637,0.003584,0.676928520202637,0.003584,0.165862452896286,0.414671568980763,0.414671568980763,0.493110003219518,0.000140505820955438,0.000140505820955438,1.14933761541547,34332.275390625,9536.7431640625,62935404.0844699,-2427746.18170369,33012.9846349939,1615.7589479617,15354.1564941406,25847.7605731964,20977.646697266
2387.5584,2416.51712,28.9587200000001,28.3647999999998,0.798926293849945,0.00413696,0.798926293849945,0.00413696,0.17658010820217,0.489404730164969,0.489404730164969,0.524973652587439,0.000142857142857142,0.000142857142857142,0.979490806223471,36621.09375,9536.7431640625,60131334.0045427,-2486840.96641792,35362.2436523438,1378.38834044752,25081.6345214844,29834.7950135801,21589.1457122498
2444.88192,2471.63904,26.7571200000002,30.7097600000002,0.838515043258667,0.00352256,0.838515043258667,0.00352256,0.191649567727457,0.513655930020438,0.513655930020438,0.569775240320362,0.00013164944508228,0.00013164944508228,1.14772292384232,36239.6240234375,9536.7431640625,55694269.2373403,-2287750.14630373,33239.9925089771,1880.54408797764,25081.6345214844,25647.2300980028,21339.6567791134
2502.3488,2530.22208,27.8732799999998,31.78496,0.999270379543304,0.00433152,0.999270379543304,0.00433152,0.186319146075899,0.612131124268755,0.612131124268755,0.55392786683792,0.000155400440852316,0.000155400440852316,1.14033798677444,35858.154296875,9155.2734375,54617832.3096933,-2354456.3350222,34944.8132420717,1363.14886476228,25081.6345214844,27555.0096113729,23192.7487079616
2562.00704,2590.04416,28.03712,30.5152000000003,1.08398485183716,0.00316416,1.08398485183716,0.00316416,0.191065915722406,0.664025352526347,0.664025352526347,0.568040039634105,0.000112856099342586,0.000112856099342586,1.08838568298029,35858.154296875,9918.212890625,59523250.2474075,-2469758.28332375,35783.518915591,1247.40789764963,19741.0583496094,28783.1480064,22454.8669790847
2620.55936,2649.27232,28.7129599999998,31.37536,1.00765991210938,0.00339968,1.00765991210938,0.00339968,0.201143762145906,0.617270367967848,0.617270367967848,0.598001533604324,0.000118402282453638,0.000118402282453638,1.09272467902996,36239.6240234375,9918.212890625,56811948.9591501,-2429311.18975422,35893.2103092963,1311.60103041813,21362.3046875,29024.3507118145,22915.0086025169
2680.64768,2708.30592,27.6582399999998,32.3584000000001,1.02908837795258,0.00198656,1.02908837795258,0.00198656,0.195561596035557,0.630396976297766,0.630396976297766,0.581405722433201,7.18252499074423e-05,7.18252499074423e-05,1.16993706034803,33950.8056640625,9918.212890625,52078925.9010361,-2138478.30465651,31883.2548239486,1077.8258472209,19645.6909179688,24598.0733390615,19307.3011134709
2740.66432,2769.152,28.4876800000002,31.8054400000001,0.985871076583862,0.0018944,0.985871076583862,0.0018944,0.195327516465993,0.603923005072097,0.603923005072097,0.580709802559317,6.64989216391081e-05,6.64989216391081e-05,1.11646297627606,32043.45703125,9918.212890625,49947498.2987066,-2063048.27540953,31292.2029155988,912.810718635249,19645.6909179688,24369.7443439227,18236.6711513704
2800.95744,2829.96736,29.00992,33.11616,0.912838101387024,0.00325632,0.912838101387024,0.00325632,0.206822394463885,0.559184605804859,0.559184605804859,0.614884139352063,0.000112248499823509,0.000112248499823509,1.14154606424285,35858.154296875,9918.212890625,50483489.6516454,-2251487.77167704,34819.8932150136,1276.94640018328,21266.9372558594,27376.6739976221,22829.8141918093
2863.08352,2893.29152,30.2080000000001,32.7270399999998,1.03394436836243,0.0050688,1.03394436836243,0.0050688,0.207717851883407,0.633371649549242,0.633371649549242,0.617546339285278,0.000167796610169491,0.000167796610169491,1.08338983050846,35095.21484375,9918.212890625,46734684.6334305,-2131930.35364269,34168.2434082031,1285.05921940217,21266.9372558594,26872.0483230219,21754.8651591506
2926.01856,2956.29824,30.2796800000001,33.7203199999999,1.00331020355225,0.00648192,1.00331020355225,0.00648192,0.186767145911535,0.614605831878493,0.614605831878493,0.555259772863275,0.000214068312478863,0.000214068312478863,1.11362867771389,36621.09375,9918.212890625,46699241.2106316,-2219059.11649391,36112.4185415415,1355.46047813735,22220.6115722656,28346.9578779405,24375.7793752723
2990.01856,3020.61568,30.5971199999999,34.1606400000001,1.05537533760071,0.00528384,1.05537533760071,0.00528384,0.206760789703741,0.646499791404096,0.646499791404096,0.614700988054451,0.000172690763052209,0.000172690763052209,1.11646586345382,37002.5634765625,9918.212890625,47911068.713947,-2201686.19149065,34871.4681772085,1309.68131047817,21266.9372558594,28076.0152898415,22511.6925183456
3054.77632,3086.66368,31.8873600000002,30.0544,1.13751900196075,0.00557056,1.13751900196075,0.00557056,0.219115579281583,0.696819199089583,0.696819199089583,0.651431846799896,0.000174694926140012,0.000174694926140012,0.942517662170836,33950.8056640625,9918.212890625,41562195.2808393,-2007268.79903904,33872.9467147436,1300.66392478777,22220.6115722656,26725.1772006211,21745.9077159032
3116.71808,3149.43488,32.7167999999997,31.51872,1.10804486274719,0.00623616,1.10804486274719,0.00623616,0.228507041452349,0.678763987664325,0.678763987664325,0.679352716535001,0.000190610328638499,0.000190610328638499,0.963380281690151,36621.09375,9918.212890625,39907793.8208814,-1984105.78391857,34569.2430805956,1236.0615012358,21266.9372558594,27125.4731829093,22196.7285017984
3180.9536,3213.53728,32.5836800000002,32.0102400000001,1.12108314037323,0.00683008,1.12108314037323,0.00683008,0.208278725232658,0.686750950657667,0.686750950657667,0.619213818900016,0.000209616593337522,0.000209616593337522,0.982401005656816,36239.6240234375,9918.212890625,43616788.6151512,-2158764.45697503,36525.2372546074,1262.24473863519,22125.244140625,29390.1112595367,24032.7114303927
3245.54752,3277.02528,31.4777599999998,33.52576,1.51692533493042,0.00529408,1.51692533493042,0.00529408,0.225985199972424,0.929235199713508,0.929235199713508,0.671855267663542,0.000168184775536761,0.000168184775536761,1.06506180871829,35858.154296875,9918.212890625,42346076.2718418,-2027450.05048172,33895.9001068376,1406.72982407672,22029.8767089844,26674.2319989245,21861.0029096107
3310.55104,3342.96064,32.4096,34.6112000000003,1.36434018611908,0.00621568,1.36434018611908,0.00621568,0.218049413686715,0.835764883169863,0.835764883169863,0.648262130503425,0.000191785150078989,0.000191785150078989,1.06793048973145,38146.97265625,9918.212890625,47214389.7949101,-2267457.69223707,36855.5835169605,1783.60276851405,22029.8767089844,30552.7856201089,23894.243512362
3377.57184,3410.0736,32.5017600000001,33.4950399999998,1.30148494243622,0.00548864,1.30148494243622,0.00548864,0.236882730245922,0.797261139068731,0.797261139068731,0.704253686319567,0.000168872085696282,0.000168872085696282,1.03056080655324,34713.7451171875,9918.212890625,38533939.2419137,-1897232.3100636,33283.9835403312,1374.66303789884,22029.8767089844,25747.9667907752,20957.5074796745
3443.56864,3476.8896,33.32096,33.3312000000001,1.4809342622757,0.00602112,1.4809342622757,0.00602112,0.246197096589412,0.907187857754024,0.907187857754024,0.73194534972755,0.000180700676090965,0.000180700676090965,1.00030731407499,36621.09375,9918.212890625,39752491.0831902,-2010454.58463177,35123.3942313654,1605.3185140077,22029.8767089844,27985.0395329993,22853.6275615965
3510.2208,3548.42624,38.2054399999997,31.37536,1.43854856491089,0.00606208,1.43854856491089,0.00606208,0.238639785002773,0.881223308907202,0.881223308907202,0.709477419971628,0.000158670597694989,0.000158670597694989,0.821227552934876,37002.5634765625,9536.7431640625,31524388.481282,-1789087.21797509,34465.4821580456,1711.23117527911,22983.5510253906,28429.4777549856,22338.112740558
3579.8016,3614.64832,34.84672,33.8636800000004,0.900898456573486,0.00565248,0.900898456573486,0.00565248,0.20331143206487,0.551870641183572,0.551870641183572,0.604446028437568,0.000162209814869233,0.000162209814869233,0.971789597414057,35095.21484375,9536.7431640625,33872763.7810775,-1803579.72732554,33741.8011778616,1449.76465321626,18119.8120117188,26299.1185751825,21717.3474978616
3648.512,3684.48512,35.9731199999997,32.3174400000003,1.12247323989868,0.00694272,1.12247323989868,0.00694272,0.219592850187229,0.687602495147306,0.687602495147306,0.652850775880649,0.000192997438087107,0.000192997438087107,0.89837745516654,37002.5634765625,8773.8037109375,32195112.1304609,-1785879.82925673,33946.5775513297,1522.8250230973,22983.5510253906,26950.7598879507,22581.0899525203
3716.80256,3754.35264,37.55008,34.6624000000002,1.13978004455566,0.00753664,1.13978004455566,0.00753664,0.231809253408479,0.698204264207068,0.698204264207068,0.689170211211372,0.000200709026452141,0.000200709026452141,0.923097900190897,40054.3212890625,8773.8037109375,34400310.502228,-2004429.52319375,38371.8658209643,1377.8500736238,22125.244140625,31635.064141875,26761.7584641101
3789.01504,3825.94048,36.92544,34.5497599999999,1.01873791217804,0.00582656,1.01873791217804,0.00582656,0.21233334560991,0.624056507911053,0.624056507911053,0.63126822803462,0.000157792567942318,0.000157792567942318,0.935662784248472,36621.09375,9155.2734375,29291916.3390958,-1679603.49928762,33364.5558595922,1547.23500674761,17642.9748535156,26073.4585600209,22080.9183199958
3860.49024,3899.2384,38.7481600000001,37.0278399999997,1.15529453754425,0.00723968,1.15529453754425,0.00723968,0.224752744033133,0.707708102437421,0.707708102437421,0.668191169239941,0.00018683932346723,0.00018683932346723,0.955602536997877,37765.5029296875,9536.7431640625,32892760.8529249,-1924235.55811673,37253.7489860288,1575.49505572984,22029.8767089844,31109.447003368,25174.7414617418
3936.26624,3974.4,38.1337600000002,37.13024,1.05443966388702,0.00231424,1.05443966388702,0.00231424,0.226328729688056,0.645926618202897,0.645926618202897,0.672876583435877,6.06874328678837e-05,6.06874328678837e-05,0.97368421052631,34332.275390625,9155.2734375,26666170.3753524,-1637766.83935594,34338.4281281502,1155.69587044549,22029.8767089844,26617.2271725656,23676.6985737019
4011.53024,4049.92,38.38976,36.4544000000001,0.799128174781799,0.01289216,0.732947051525116,0.00923648,0.222465906551363,0.489528397997333,0.448987292993303,0.66139238857375,0.000335822886102961,0.00024059749266471,0.949586556415045,36239.6240234375,9155.2734375,29558386.919123,-1739026.42125024,34795.1150709583,1544.87105390236,30803.6804199219,27958.2426187867,23198.4344919453
4086.3744,4128.67584,42.3014399999997,37.4886400000005,0.975334644317627,0.00329728,0.975334644317627,0.00329728,0.233171345579036,0.597468617690116,0.597468617690116,0.693219718877995,7.79472282740262e-05,7.79472282740262e-05,0.886226095376439,37384.033203125,9155.2734375,25591093.5180992,-1675774.74977709,36513.5595031692,1456.00429922047,12588.5009765625,29772.4791784291,25094.6796478043
4166.16448,4208.90624,42.7417599999999,36.1881599999997,0.987901628017426,0.00391168,0.987901628017426,0.00391168,0.234669259644295,0.605166876357945,0.605166876357945,0.69767302579975,9.15189266890276e-05,9.15189266890276e-05,0.846669861044557,39291.3818359375,9155.2734375,25076734.0498286,-1674433.55943346,37196.3582574365,1371.02875511689,12588.5009765625,30146.3923252715,25756.6039193692
4245.0944,4288.21504,43.1206400000001,37.2735999999995,1.08051717281342,0.0041984,1.08051717281342,0.0041984,0.251443218170159,0.661901128389556,0.661901128389556,0.747542098626409,9.73640465447635e-05,9.73640465447635e-05,0.864402754690085,37765.5029296875,8773.8037109375,25015175.0709132,-1656288.04301967,36505.691143645,1387.64859122856,12588.5009765625,29925.2729946732,24907.2442202085
4325.48864,4370.176,44.6873600000008,36.6489599999995,1.09896242618561,0.00768,1.09896242618561,0.00768,0.254673273788787,0.673200286170358,0.673200286170358,0.757145072106469,0.000171860678276807,0.000171860678276807,0.820119156736913,39291.3818359375,9155.2734375,23625066.7233672,-1621627.11908497,36786.8391550032,1760.94450790294,12588.5009765625,30366.4112847872,25287.9182158901
4406.82496,4452.5568,45.7318400000004,38.6457599999994,0.871609330177307,0.01379328,0.829400897026062,0.01050624,0.239017611168484,0.533928764553608,0.508072803877277,0.710600699282509,0.000301612180922523,0.000229735781459918,0.845051500223895,39672.8515625,9536.7431640625,24546565.8167525,-1758401.64183746,40686.863883275,1267.01656492277,12588.5009765625,33903.6285432324,29078.2255859772
4491.20256,4537.2416,46.0390400000006,40.7142399999993,0.985853552818298,0.00408576,0.985853552818298,0.00408576,0.23535537331176,0.603912270397543,0.603912270397543,0.69971284558334,8.87455516014224e-05,8.87455516014224e-05,0.884341637010651,39291.3818359375,9536.7431640625,22403660.1721429,-1560218.91615157,36027.4100088859,1691.45370029595,12588.5009765625,29983.4689044243,24344.3352411784
4577.95584,4625.31584,47.3600000000006,39.5468799999999,0.874036192893982,0.00463872,0.874036192893982,0.00463872,0.220320366315194,0.535415407441875,0.535415407441875,0.655013685411641,9.79459459459447e-05,9.79459459459447e-05,0.835027027027014,40435.791015625,9155.2734375,23305433.5386667,-1717437.47870656,40509.5888574635,1465.00799241203,12588.5009765625,34216.7416765154,29064.4600495313
4664.86272,4710.77888,45.9161599999998,39.3011200000001,0.967357456684113,0.00551936,0.967357456684113,0.00551936,0.229089275457619,0.592581967455534,0.592581967455534,0.681083701499952,0.000120205173951829,0.000120205173951829,0.855932203389837,39291.3818359375,9155.2734375,22933841.8644552,-1617240.77783591,37371.3718086919,1569.84065148874,14209.7473144531,31115.8046043676,25906.210866954
4750.08,4797.7472,47.6671999999999,40.7040000000006,0.981218576431274,0.00410624,0.981218576431274,0.00410624,0.253680215607238,0.601072985490444,0.601072985490444,0.754192704560047,8.61439312567134e-05,8.61439312567134e-05,0.853920515574667,39291.3818359375,9536.7431640625,20653657.3492942,-1512685.99060806,36787.639784466,1501.63350043205,12588.5009765625,30217.9546894008,25177.051173536
4838.4512,4885.87264,47.4214399999992,39.6185600000008,1.42092978954315,0.00562176,1.42092978954315,0.00562176,0.260012764534812,0.870430433430376,0.870430433430376,0.773019408057654,0.000118548909522783,0.000118548909522783,0.835456704815406,40435.791015625,9536.7431640625,22824712.3315619,-1629136.03946658,37952.9193945377,1945.43575212933,12636.1846923828,32212.6636732569,25927.9242757576
4925.4912,4975.5648,50.0735999999997,39.0451199999998,0.761602997779846,0.01487872,0.757748126983643,0.01087488,0.231388871362601,0.466541297351873,0.46417988802493,0.687920413029946,0.00029713701431493,0.000217177914110431,0.779754601226994,40054.3212890625,9536.7431640625,21046441.7502213,-1612846.663051,39796.9544716668,1824.62091949761,12683.8684082031,33808.5223792573,27989.9184724277
5014.60992,5065.78944,51.1795199999997,40.7654400000001,1.16756987571716,0.00472064,1.16756987571716,0.00472064,0.235597809227661,0.71522770545017,0.71522770545017,0.700433608921775,9.22368947579037e-05,9.22368947579037e-05,0.796518607442985,40435.791015625,9536.7431640625,21004325.205265,-1553340.63872524,38262.0116974834,2798.77483728548,12779.2358398438,32955.7188091905,24481.6904731755
5106.55488,5158.62528,52.0704000000005,39.71072,0.996507287025452,0.00431104,0.996507287025452,0.00431104,0.221822005016957,0.610438514376541,0.610438514376541,0.659478065698624,8.27925270403138e-05,8.27925270403138e-05,0.762635201573248,40435.791015625,8773.8037109375,19709125.0453459,-1538678.4894905,38820.0607033972,2076.67302590978,14066.6961669922,33380.0853494117,26681.7302850923
5198.336,5249.57696,51.2409600000001,43.6940799999993,1.16147255897522,0.00600064,1.16147255897522,0.00600064,0.242107492350856,0.711492622905269,0.711492622905269,0.719786933376972,0.000117106314948041,0.000117106314948041,0.852717825739393,40054.3212890625,9155.2734375,20240047.4809113,-1507719.77173103,37941.8828346173,2910.19130858128,14114.3798828125,32042.4504321249,24114.0115768992
5293.27104,5345.92512,52.6540800000002,40.6425600000002,0.989936172962189,0.00452608,0.989936172962189,0.00452608,0.238481290326991,0.606413193981192,0.606413193981192,0.709006214411116,8.59587709062618e-05,8.59587709062618e-05,0.771878646441074,40817.2607421875,9155.2734375,19981633.9060786,-1567070.82820407,39857.6051931348,2555.14397632469,14114.3798828125,34334.6553828771,27114.5490574539
5386.56768,5440.78848,54.2208000000001,43.1820799999996,1.08544957637787,0.00657408,1.08544957637787,0.00657408,0.242167930441413,0.664922610664089,0.664922610664089,0.719966616159355,0.000121246458923513,0.000121246458923513,0.796411709159576,40435.791015625,9155.2734375,18208136.8568175,-1461642.28841967,38998.1075414752,3105.7308244509,14114.3798828125,32944.627453472,25721.4009080386
5483.97056,5539.03104,55.0604800000001,44.2982400000001,1.49132966995239,0.0054784,1.49132966995239,0.0054784,0.261084536404568,0.913555856564593,0.913555856564593,0.776205791840827,9.9497861260926e-05,9.9497861260926e-05,0.804537846382741,40054.3212890625,9155.2734375,15899312.5261664,-1323465.23345962,36765.7242735311,2714.1652042523,14114.3798828125,30413.5318973216,24669.3775226439
5583.32928,5638.43072,55.1014400000004,44.42112,1.09695672988892,0.0211456,1.0593489408493,0.00369664,0.265568566513696,0.671971640596378,0.648933933628018,0.789536838517984,0.000383757665861362,6.70879018769741e-05,0.806169856903915,39291.3818359375,9155.2734375,15789722.2577339,-1282887.39616526,35645.5097910886,2924.43355001135,14114.3798828125,29367.5038191875,22748.6825427331
5682.85184,5739.63264,56.7807999999995,46.22336,1.60454177856445,0.00468992,1.60454177856445,0.00468992,0.28287877454205,0.982907111984782,0.982907111984782,0.841000184124777,8.2596934174933e-05,8.2596934174933e-05,0.814066726780889,40054.3212890625,9155.2734375,14490403.1569222,-1250030.40402186,36246.7608747118,2454.24489227181,14114.3798828125,29657.8096549378,24259.8080501536
5785.856,5843.82464,57.9686400000001,46.1824000000006,1.10072302818298,0.00462848,1.10072302818298,0.00462848,0.247175592411538,0.674278792350573,0.674278792350573,0.734854423297688,7.98445504327857e-05,7.98445504327857e-05,0.796679031973159,39291.3818359375,9155.2734375,14719291.0731778,-1270105.7143847,36489.5143370698,2442.90480686635,13494.4915771484,30633.6525733956,24164.1365216223
5890.00704,5950.63808,60.6310399999993,44.6771200000003,1.63244497776031,0.00549888,1.63244497776031,0.00549888,0.28483908932196,1,1,0.846828210966013,9.06941395034633e-05,9.06941395034633e-05,0.736868772166877,41580.2001953125,9155.2734375,13490466.9916915,-1204035.98064142,36792.7799730056,3955.12801494809,14019.0124511719,30321.2972088367,23409.3375599979
5995.3152,6054.90176,59.5865599999997,45.7215999999999,1.04422736167908,0.0124928,1.04422736167908,0.0124928,0.256988798191448,0.639670785787671,0.639670785787671,0.764029139149449,0.000209658016841383,0.000209658016841383,0.767313971472763,41198.73046875,9155.2734375,14494785.8585305,-1288631.89530443,37701.2335735819,2604.63979179499,20980.8349609375,31961.1679727465,25320.5619367535
6100.62336,6162.60608,61.98272,42.9772800000001,0.88193142414093,0.01344512,0.88193142414093,0.01344512,0.232396488952193,0.540251852991042,0.540251852991042,0.690916065778183,0.000216917231125062,0.000216917231125062,0.693375185858253,40435.791015625,9155.2734375,12687162.7457247,-1190380.60796979,37031.854901995,2476.30295275955,12588.5009765625,30803.3272592435,25040.7555717245
6205.58336,6268.14976,62.5664000000006,46.7763199999999,0.839080572128296,0.00352256,0.839080572128296,0.00352256,0.220973924674447,0.514002360606052,0.514002360606052,0.656956718081229,5.63011456628472e-05,5.63011456628472e-05,0.747626841243854,40435.791015625,9155.2734375,13900110.0627414,-1297043.73725436,38957.3038840781,2017.68264480753,13065.3381347656,33776.1006951561,26738.6201514907
6314.92608,6379.27424,64.3481599999996,45.8444800000007,1.16795015335083,0.0065536,1.16795015335083,0.0065536,0.235654014174095,0.715460655190496,0.715460655190496,0.700600706542925,0.000101845957988543,0.000101845957988543,0.71244430299174,40054.3212890625,9155.2734375,11904986.3901998,-1139380.15818827,36249.7735347144,2449.85720659829,21600.7232666016,30500.6939565245,24022.2098703501
6425.11872,6492.0576,66.9388799999997,48.3635199999999,1.56179928779602,0.00687104,1.56179928779602,0.00687104,0.227064233036367,0.956723999322036,0.956723999322036,0.67506323901778,0.0001026464739177,0.0001026464739177,0.722502677068993,40054.3212890625,9155.2734375,11123188.3822164,-1125081.41491792,37086.1041778481,1915.83568303595,13065.3381347656,31428.771598806,25470.7554260571
6540.42112,6607.57504,67.1539199999997,49.7664000000004,1.01219165325165,0.00374784,1.01219165325165,0.00374784,0.206153544115031,0.620046413227573,0.620046413227573,0.612895643511579,5.58096980786827e-05,5.58096980786827e-05,0.741079597438253,39672.8515625,9155.2734375,10760791.6693774,-1081065.3810559,35873.9181442273,2144.78419324234,13065.3381347656,30233.3553138621,24070.3850313954
6657.34144,6726.33856,68.99712,49.5718399999996,1.43192481994629,0.0063488,1.43192481994629,0.0063488,0.23389685746969,0.877165747975692,0.877165747975692,0.695376669800214,9.20154348471357e-05,9.20154348471357e-05,0.718462451766097,39291.3818359375,9155.2734375,9998916.99171587,-1038880.22855436,35851.029457309,1928.38312338893,13065.3381347656,29890.5856147501,24078.8738843667
6775.9104,6846.5152,70.6048000000001,48.6400000000003,0.934546053409576,0.0130048,0.934546053409576,0.0130048,0.208553693029407,0.572482421240167,0.572482421240167,0.620031299702768,0.000184191443074692,0.000184191443074692,0.68890500362582,39291.3818359375,9155.2734375,10420729.739625,-1092158.07353199,37381.9689730029,2214.79147679171,13065.3381347656,32068.65283652,25163.8708713311
6895.1552,6969.05728,73.9020799999998,49.3772799999997,0.893965244293213,0.004864,0.893965244293213,0.004864,0.208111295159499,0.547623507359934,0.547623507359934,0.618716048352958,6.58168213939311e-05,6.58168213939311e-05,0.668144658445335,38528.4423828125,9155.2734375,9209195.3467274,-986143.446839069,35727.9507198367,2726.04862804852,12731.5521240234,30217.4733812796,22581.8710128836
7018.43456,7093.3504,74.9158400000006,49.3772799999997,0.942265868186951,0.00794624,0.942265868186951,0.00794624,0.209922973877339,0.577211410506296,0.577211410506296,0.624102179347569,0.000106068890103881,0.000106068890103881,0.659103335155814,38528.4423828125,9155.2734375,9295116.7900382,-1006721.58501072,36780.8383783355,2942.77913372925,11682.5103759766,31265.6155567685,23251.6369612879
7142.72768,7218.92352,76.1958400000003,48.8038399999996,1.51067364215851,0.00797696,1.51067364215851,0.00797696,0.246142624174888,0.925405549797535,0.925405549797535,0.73178340293349,0.000104690229807821,0.000104690229807821,0.640505308426279,38528.4423828125,9155.2734375,8367728.36710164,-958499.861290277,36707.0754788657,2174.8273823718,13065.3381347656,30444.4424388594,24452.2942322336
7267.72736,7344.54784,76.8204800000003,50.3807999999999,0.899121165275574,0.00889856,0.899121165275574,0.00889856,0.198462498699349,0.550781911503781,0.550781911503781,0.590030122331448,0.000115835777126099,0.000115835777126099,0.655825113303115,38528.4423828125,8773.8037109375,8887499.21293651,-999442.582063408,37712.4639046328,2451.85048659919,12874.6032714844,31866.9938126774,24329.0941461494
7394.92864,7475.712,80.7833600000004,48.4249599999994,1.22967720031738,0.00550912,1.22967720031738,0.00550912,0.236307667179522,0.753273290720327,0.753273290720327,0.702544020596119,6.8196222588414e-05,6.8196222588414e-05,0.59944226137659,38909.912109375,9155.2734375,7761982.21027966,-884258.405294294,35330.0260142431,2934.69712367367,12922.2869873047,29589.077496183,20779.0475579905
7524.13696,7602.08384,77.9468800000004,48.5785599999999,0.808186411857605,0.01732608,0.808186411857605,0.01732608,0.209481981475269,0.495077275416916,0.495077275416916,0.62279110646153,0.000222280609563845,0.000222280609563845,0.623226484498156,38146.97265625,9155.2734375,7832208.3945656,-935708.112579496,37035.2738499957,1832.26529439067,11682.5103759766,30545.0129880171,25349.2533113786
7650.6624,7733.4016,82.7392,48.3532800000003,1.06143200397491,0.00622592,1.06143200397491,0.00622592,0.230685297106424,0.650209972425031,0.650209972425031,0.685828682818133,7.52475247524753e-05,7.52475247524753e-05,0.584405940594063,37765.5029296875,8773.8037109375,6847995.75779726,-846846.057551248,35863.9647077014,2518.39581849198,12922.2869873047,29174.3873086664,23187.5256827075
7781.75488,7864.4224,82.66752,52.1420799999996,1.0226104259491,0.00797696,1.0226104259491,0.00797696,0.232096684426564,0.626428724937547,0.626428724937547,0.690024745241093,9.64944877988357e-05,9.64944877988357e-05,0.630744456831409,38528.4423828125,9155.2734375,7128963.8281224,-902475.747022814,38059.5080502383,2324.76201292607,14066.6961669922,31236.8156144165,25886.6714883587
7916.56448,8002.39616,85.8316800000002,49.5923199999997,1.21061027050018,0.00591872,1.21061027050018,0.00591872,0.23873206622008,0.741593307580338,0.741593307580338,0.709751772548531,6.89572894297302e-05,6.89572894297302e-05,0.577785731329034,38528.4423828125,9155.2734375,6040651.0057882,-783325.254897912,35072.729777658,2591.50172709972,13875.9613037109,28056.9253605125,22732.1797631197
8051.98848,8140.77952,88.7910400000001,54.5689600000005,1.10125076770782,0.00775168,1.10125076770782,0.00775168,0.220359003987079,0.674602074012149,0.674602074012149,0.655128555426976,8.73025025948564e-05,8.73025025948564e-05,0.61457732672126,38146.97265625,8773.8037109375,6757262.84720342,-871439.888358636,37862.5777066516,2475.53335900965,12874.6032714844,32089.1273853356,24102.8155020148
8195.34848,8286.18752,90.8390399999989,55.4393600000003,1.15043091773987,0.00745472,1.15043091773987,0.00745472,0.221018245721478,0.704728755586138,0.704728755586138,0.657088484802765,8.2065156126706e-05,8.2065156126706e-05,0.610303235260973,38146.97265625,8773.8037109375,6434599.60303869,-853840.273820534,38116.8465259329,2622.42616047214,13875.9613037109,32184.7994337371,24465.4445598942
8341.62688,8431.43168,89.8047999999999,55.2345600000008,1.09776222705841,0.00734208,1.09776222705841,0.00734208,0.224172046945031,0.672465070500888,0.672465070500888,0.666464753538357,8.17559863169898e-05,8.17559863169898e-05,0.615051311288493,37765.5029296875,9155.2734375,6293703.89791788,-826224.669306282,37165.0293340375,2731.52833330779,12922.2869873047,30791.7324669206,23440.8353800598
8486.66624,8577.00352,90.3372799999997,57.8457600000002,0.992534518241882,0.00741376,0.992534518241882,0.00741376,0.2463274407693,0.608004883327597,0.608004883327597,0.732332863705801,8.20675583767855e-05,8.20675583767855e-05,0.640330990705059,38146.97265625,8773.8037109375,6396566.52426998,-853203.784582383,38258.8139336187,2088.38143319385,11682.5103759766,32027.2912135205,24874.8545668155
8634.84928,8726.90688,92.0576000000001,59.14624,1.11712157726288,0.00918528,1.11712157726288,0.00918528,0.261451968385867,0.684324183958438,0.684324183958438,0.77729816918312,9.97775305895438e-05,9.97775305895438e-05,0.642491657397108,37765.5029296875,8773.8037109375,5612806.52379923,-780552.136557842,36886.177060535,2267.99875518875,12922.2869873047,29985.1554288218,24289.4565585182
8786.05312,8880.04608,93.9929599999996,58.4396799999995,1.02784287929535,0.0096256,1.02784287929535,0.0096256,0.259554549672375,0.629634011129448,0.629634011129448,0.771657132700293,0.000102407669680794,0.000102407669680794,0.621745288157749,38528.4423828125,8773.8037109375,5665638.83180754,-790647.94142176,37172.1428470171,2306.21814149097,13875.9613037109,30906.7662874748,24261.2539199772
8938.48576,9037.2608,98.7750400000004,61.9929599999996,1.0017728805542,0.01144832,1.0017728805542,0.01144832,0.257093884351593,0.613664101517598,0.613664101517598,0.764341560893265,0.000115902964959568,0.000115902964959568,0.627617665353507,38146.97265625,8773.8037109375,5452864.66965532,-808782.876766043,39578.7427262294,2050.80870486199,13041.4962768555,33293.7320796936,26686.6403579858
9099.25376,9195.49952,96.2457599999998,62.4742400000014,1.16119277477264,0.0100352,1.16119277477264,0.0100352,0.280068554453007,0.711321233237386,0.711321233237386,0.832645384030136,0.000104266411320353,0.000104266411320353,0.649111607617847,38528.4423828125,8773.8037109375,5738932.23229498,-800583.1669961,37720.0955517092,2173.91421076156,14042.854309082,31949.2358075226,23891.5924810111
9257.97376,9356.24704,98.2732799999994,58.3884799999996,1.10214281082153,0.00984064,1.10214281082153,0.00984064,0.274634105132238,0.675148520064458,0.675148520064458,0.816488735703366,0.000100135458997604,0.000100135458997604,0.594144003334375,38146.97265625,8773.8037109375,5498470.62796295,-804100.382912978,39520.3158208465,2276.88444171389,12946.1288452148,32876.7673083166,25919.3456083608
9414.63552,9514.0864,99.4508800000003,62.5663999999997,1.22617149353027,0.0132608,1.22617149353027,0.0132608,0.305652139916559,0.751125771609502,0.751125771609502,0.908705527178915,0.000133340197693575,0.000133340197693575,0.62911861614497,38909.912109375,8773.8037109375,5752672.51667248,-823052.762728299,39674.3608740792,2361.77356393036,14066.6961669922,33921.7180998379,24956.6432604006
9576.6528,9680.13824,103.48544,60.2931200000003,1.24347937107086,0.01713152,1.24347937107086,0.01713152,0.318543877174584,0.761728197894237,0.761728197894237,0.947032734390694,0.000165545220660993,0.000165545220660993,0.582624183653276,37765.5029296875,8773.8037109375,5102807.9525533,-755457.310576283,38451.2542281082,2329.98619838425,14042.854309082,32390.1088477591,23531.6560698735
9740.43136,9837.01504,96.5836799999997,58.2451199999996,1.34913504123688,0.0317952,1.34514808654785,0.01394688,0.325175476894046,0.826450544806641,0.824008223783058,0.966748517570743,0.000329198473282444,0.00014440203562341,0.603053435114501,39291.3818359375,9155.2734375,4857212.21163391,-732867.785984135,37648.4899398782,1735.6889290016,21862.9837036133,29815.4351677555,25473.0141513837
9895.26016,10001.27488,106.014720000001,59.0233599999992,1.39875829219818,0.0329728,1.3813773393631,0.01596416,0.323205913338492,0.856848660294359,0.846201469686484,0.960892994067618,0.000311020960108178,0.000150584371679705,0.556746836665688,38528.4423828125,8773.8037109375,4676298.5374728,-712258.862415117,38101.3736531173,2931.34945904839,12969.970703125,31290.5341487899,22952.4394421364
10060.29824,10169.7536,109.45536,59.9449600000007,1.43298673629761,0.03003392,1.19442164897919,0.01760256,0.302621297799212,0.87781625464868,0.731676512992133,0.899694816556073,0.000274394237066143,0.000160819534100477,0.547665824679584,38909.912109375,8773.8037109375,4125823.44432477,-704387.636802651,40119.212890291,2125.53539066123,20980.8349609375,32459.1786678719,27669.6743011578
10229.69856,10335.04768,105.349119999999,60.4467199999999,1.40093040466309,0.02992128,1.39912736415863,0.0192512,0.319228067479509,0.858179248764107,0.857074745684971,0.94906683600666,0.000284020217729396,0.000182737169517887,0.573775272161747,38146.97265625,9155.2734375,4179362.54529912,-695065.427181012,39296.3473651869,2178.27299484616,12445.4498291016,30957.682205074,26840.1388326857
10395.4944,10502.12352,106.62912,60.0678400000015,1.58303451538086,0.02965504,1.46736001968384,0.01755136,0.307081446116263,0.969732234131869,0.898872574374316,0.912954862531374,0.000278113896091425,0.000164601939882839,0.563334293671389,38528.4423828125,9155.2734375,3779215.62978679,-646553.928742052,37982.3966779165,2298.28152966646,14114.3798828125,29334.054191343,25972.6668659801
10562.19136,10666.52672,104.335359999999,69.4067200000009,1.51412987709045,0.0303104,1.3737268447876,0.01939456,0.336359943650238,0.927522763534617,0.841514944456092,1,0.000290509372853079,0.000185886740602612,0.665227205810201,38909.912109375,9155.2734375,4189511.40463828,-698777.810575755,39139.3237643772,1860.97571717719,14185.905456543,30974.8022426228,27300.7690298054
10735.93344,10831.90272,95.9692799999993,0,1.56677567958832,0.0160256,1.56677567958832,0.0160256,0.325645893658982,0.95977242782045,0.95977242782045,0.968147069252704,0.000166986769099446,0.000166986769099446,0,39672.8515625,8773.8037109375,4377952.27401114,-725599.134715536,39366.156413918,670.88704149186,20742.4163818359,30816.3543805668,29313.8364518101
