note.starts,note.ends,note.durs,INI,pk.amps,pk.times,qpk.amps,qpk.times,note.rmss,rel.pk.amps,rel.qpk.amps,rel.note.rmss,rel.pk.tm,rel.qpk.tm,rel.INI,max.Hz,min.Hz,FMa,FMb,FMc,FM.resid,note.DF,arcL,chordL
957.55264,966.12352,8.57087999999999,31.7132800000001,0.0354816243052483,0.00333824,0.0265314225107431,0.0013824,0.00958349564133999,0.0288728980211723,0.0215897403658607,0.0382518775070194,0.000389486260454003,0.000161290322580645,3.70011947431303,29373.1689453125,11062.6220703125,533964407.081623,-5924708.34297794,26085.2632068452,4116.89373766152,11444.091796875,21314.4461941854,11554.9474555499
997.8368,1018.112,20.2751999999999,33.85344,0.176920771598816,0.00893952,0.148403167724609,0.00313344,0.0430098995495844,0.14396791286255,0.120761932736484,0.171671117797876,0.000440909090909092,0.000154545454545455,1.66969696969697,37002.5634765625,11062.6220703125,85599128.1591246,-2968651.8490878,37288.6657714844,1610.79236788382,16212.4633789062,26476.1134500037,25001.6006508126
1051.96544,1067.97056,16.00512,32.6758400000001,0.0738951563835144,0.00265216,0.0738951563835144,0.00265216,0.0209342941704677,0.0601316133716066,0.0601316133716066,0.0835578254817961,0.000165706973768394,0.000165706973768394,2.04158669225848,22888.18359375,10299.6826171875,10980227.7160731,-340610.7630376,17463.7679215316,5270.27866212351,16212.4633789062,2644.15805258689,2638.77855209309
1100.6464,1123.24608,22.5996799999998,26.34752,0.204730436205864,0.0090112,0.168476238846779,0.00316416,0.0416161899350613,0.166597812872047,0.137096239489075,0.166108219722865,0.000398731309469872,0.000140009062075216,1.16583597643862,32424.9267578125,9536.7431640625,61669509.0819906,-2311824.77816601,33348.4850431743,3047.41769308612,16212.4633789062,22582.986809324,20749.073725382
1149.5936,1175.31648,25.72288,24.2175999999999,0.186766102910042,0.00965632,0.154121413826942,0.00362496,0.0400777789220075,0.151979475255753,0.125415111383331,0.159967755759701,0.000375398089171974,0.000140923566878981,0.941480891719742,34713.7451171875,9155.2734375,59533148.5180064,-2530988.85390604,36679.8004546723,1521.04181609133,16307.8308105469,28087.9291217985,25713.2292527297
1199.53408,1222.23616,22.70208,26.4192,0.229966551065445,0.00827392,0.155383542180061,0.00248832,0.0412659053147795,0.187133506630675,0.126442158592774,0.164710082248913,0.00036445647271087,0.000109607577807848,1.16373477672531,32806.396484375,9536.7431640625,63545659.9620976,-2453645.88181708,33739.9934467516,1606.94371496322,16212.4633789062,24418.0696007694,22952.4209601384
1248.65536,1272.08448,23.42912,25.4464,0.271244466304779,0.00848896,0.26489070057869,0.00325632,0.0509830845714514,0.220723091678381,0.215552763841031,0.203495548904375,0.000362325174825175,0.000138986013986014,1.0861013986014,34332.275390625,9536.7431640625,75633227.4644664,-2813389.04930472,36048.8891601562,1366.03519672365,16212.4633789062,27927.5718148324,24398.3613048534
1297.53088,1322.79296,25.26208,24.8832,0.23581075668335,0.00923648,0.195143863558769,0.00340992,0.0456381792130014,0.191889183861482,0.158796813345337,0.182161719088029,0.000365626266720714,0.000134981759221727,0.985002026753142,33950.8056640625,9918.212890625,77391828.2943874,-2756034.6042001,35502.1984546216,2392.66154499751,16307.8308105469,28839.373500474,20233.8157227032
1347.67616,1370.9824,23.3062400000001,26.1119999999999,0.233089178800583,0.003072,0.233089178800583,0.003072,0.0460087939152422,0.189674520857619,0.189674520857619,0.183641002715108,0.000131810193321616,0.000131810193321616,1.12038664323373,32806.396484375,9536.7431640625,62929824.1770243,-2507802.58387311,34660.2055064419,1182.72063785027,16212.4633789062,25703.7665648767,24265.1752085836
1397.0944,1424.46592,27.3715200000001,21.9443199999998,0.239606663584709,0.00887808,0.213284447789192,0.00293888,0.0404992965345076,0.194978073815277,0.173558573799805,0.161650214925316,0.000324354657687989,0.000107369996258885,0.801720912832014,32424.9267578125,9536.7431640625,73306592.0565892,-2657221.49653298,34401.6335227273,2175.52213560531,16212.4633789062,30348.6746809138,17810.8847161081
1446.41024,1468.98944,22.5792000000001,28.70272,0.228915601968765,0.00948224,0.211499810218811,0.00345088,0.051576477646951,0.186278304911813,0.172106338746216,0.205864037406589,0.000419954648526075,0.000152834467120181,1.27120181405895,33950.8056640625,9536.7431640625,61841370.2313134,-2417772.93289885,34753.8998252467,2581.23145435023,16021.728515625,24199.6742914529,23063.3943747615
1497.69216,1523.13856,25.4464,24.3097599999999,0.256061464548111,0.0086016,0.185679242014885,0.0030208,0.0539405517268671,0.208368041142808,0.151095050587956,0.215300079901603,0.000338028169014084,0.000118712273641851,0.955331991951704,32043.45703125,9536.7431640625,44811120.713681,-1900014.62668343,31603.2806000152,3237.93722011149,16021.728515625,20948.3401147483,19332.4678914085
1547.44832,1571.6864,24.2380800000001,27.8527999999999,0.271879702806473,0.0096768,0.237737894058228,0.00365568,0.0529747727378073,0.221240010480489,0.193457377031528,0.211445238101602,0.000399239543726234,0.000150823827629911,1.14913392479932,33569.3359375,9155.2734375,43963718.7696176,-1976726.32926687,33225.1527255639,3312.56558282072,15926.3610839844,22355.4053396145,22084.0465963804
1599.5392,1623.83872,24.29952,28.4467200000001,0.269072234630585,0.00899072,0.213341176509857,0.00320512,0.0585481624136344,0.218955454913282,0.173604736358558,0.233691047684796,0.000369995785924989,0.000131900547829751,1.17067003792668,33569.3359375,9155.2734375,54864625.9552339,-2236974.55756154,33092.0685502819,2407.79730770017,15926.3610839844,23641.9923648242,21961.6748900186
1652.28544,1677.73184,25.4463999999998,27.45344,0.269832342863083,0.00924672,0.232531815767288,0.00311296,0.056818475741384,0.219573987122889,0.18922097098959,0.226787119808308,0.000363380281690144,0.000122334004024146,1.07887323943663,33569.3359375,9155.2734375,55270843.2172696,-2241246.92638457,33118.0126636059,2328.4341012792,15926.3610839844,24198.8429084943,21242.7295716351
1705.18528,1730.24256,25.05728,27.6070400000001,0.321216255426407,0.00948224,0.243317529559135,0.00313344,0.0598265175333716,0.261387249520525,0.197997762370911,0.238793516061755,0.000378422558234573,0.000125051082958725,1.10175725378014,32043.45703125,9155.2734375,46354151.1192891,-1921373.35028816,31770.7309475193,3152.6420961509,15926.3610839844,20780.2048034372,19040.135196468
1757.8496,1783.77728,25.92768,27.55584,0.285376757383347,0.00914432,0.279283493757248,0.00635904,0.0631934837785155,0.232223134506371,0.227264788242994,0.252232535100272,0.000352685624012638,0.000245260663507109,1.0627962085308,33569.3359375,9536.7431640625,53247196.7836853,-2109885.13979357,32712.7630060369,3569.21670911563,15926.3610839844,22892.1304497276,18909.2867611305
1811.33312,1836.76928,25.43616,28.8665599999999,0.346785306930542,0.009472,0.313049465417862,0.00345088,0.0729348032456956,0.282193867904898,0.254741587161653,0.291114355780394,0.000372383252818036,0.000135668276972625,1.13486312399356,33569.3359375,9155.2734375,56813873.6228776,-2271358.6817056,33737.7771154627,2357.36096689736,15926.3610839844,24387.0964683759,21016.1668567557
1865.63584,1892.74112,27.10528,26.5728000000001,0.331524848937988,0.01036288,0.304782092571259,0.00390144,0.0772533175632857,0.269775787954984,0.248014076294354,0.308351414873549,0.00038231960710238,0.000143936531922932,0.98035511900265,33569.3359375,9155.2734375,47584286.1931826,-2121264.3693328,34088.2295407123,2210.66912411718,18882.7514648438,24744.5510891364,22537.4702544107
1919.31392,1946.19392,26.8799999999999,29.57312,0.283107787370682,0.01063936,0.271722614765167,0.00380928,0.0768489979792058,0.230376777664723,0.221112181298884,0.306737600480271,0.000395809523809526,0.000141714285714286,1.10019047619048,33569.3359375,10299.6826171875,48653299.4178804,-2031360.70048693,33585.275384008,2975.47222882749,15926.3610839844,22957.1437733545,19449.2931261888
1975.76704,2002.46272,26.69568,27.94496,0.312148183584213,0.00973824,0.310435444116592,0.00356352,0.0818463940744442,0.254008176023329,0.252614447496134,0.32668437047352,0.000364787111622554,0.000133486766398159,1.04679708477177,33569.3359375,9155.2734375,46498775.8508197,-1895885.04665087,32769.563439066,4155.61686326815,15926.3610839844,21176.1156914393,17474.154047731
2030.40768,2057.85088,27.4431999999999,29.0304000000001,0.357232570648193,0.00388096,0.357232570648193,0.00388096,0.0857227168777953,0.290695248149642,0.290695248149642,0.342156451914434,0.000141417910447762,0.000141417910447762,1.05783582089553,33569.3359375,10299.6826171875,49382472.0186772,-2062192.64926078,33909.0184664605,2986.45077438223,15926.3610839844,23656.4133011751,19401.782370968
2086.88128,2113.9456,27.06432,29.6243199999999,0.368733555078506,0.01072128,0.348025262355804,0.00520192,0.0928304904193984,0.300054085494368,0.283202872065373,0.370526651373618,0.000396140749148695,0.00019220582671207,1.09458948164964,33569.3359375,9536.7431640625,34772624.6144745,-1693567.19478436,32943.6049630991,4217.53744871264,15926.3610839844,20876.7104486761,20365.0822390734
2143.56992,2171.07456,27.5046400000001,29.7369600000002,0.411462038755417,0.01065984,0.37698370218277,0.00386048,0.0998174716467811,0.334824059416342,0.306767579046743,0.398414716444654,0.000387565152643334,0.000140357408786299,1.08116157855548,33569.3359375,9536.7431640625,49719013.2190451,-2112591.77555618,34000.1317890669,2282.88732155556,18882.7514648438,24389.2896271922,20493.383144145
2200.81152,2230.08768,29.2761599999999,28.1292800000001,0.406316012144089,0.01148928,0.335191756486893,0.00551936,0.0970832409851264,0.330636519965361,0.272759705681009,0.387501218879696,0.000392444910807976,0.000188527457152851,0.960825463448766,33950.8056640625,9918.212890625,44665946.0782284,-2069929.82764203,35128.3861243207,2385.18107466066,18882.7514648438,25646.1181657595,22316.7027871016
2258.21696,2286.97088,28.7539199999997,29.1635200000001,0.375766187906265,0.01230848,0.309261560440063,0.00574464,0.0975482949586033,0.305776836197926,0.251659208711417,0.389357450498444,0.000428062678062683,0.000199786324786327,1.01424501424503,33950.8056640625,9918.212890625,52893883.5136915,-2223521.96508203,35322.513504933,2150.6848873294,18882.7514648438,26532.6221311272,20202.9490163142
2316.1344,2345.92256,29.7881600000001,28.7539200000001,0.376049995422363,0.01149952,0.341460049152374,0.00577536,0.097402177625729,0.306007782374444,0.277860480474753,0.388774233003708,0.000386043313853557,0.000193881058783087,0.965280165005158,33569.3359375,9155.2734375,40986099.0118537,-1931896.16083157,34247.6886251699,2869.40181042628,18882.7514648438,24351.1097265054,21179.253244683
2374.67648,2403.52256,28.8460799999998,30.3104000000003,0.423141568899155,0.00889856,0.370453506708145,0.00621568,0.109586313606489,0.344328186957805,0.301453682862761,0.437406391300359,0.000308484203052895,0.000215477458288961,1.0507632232872,33569.3359375,9918.212890625,39625746.6891904,-1937245.28382065,35274.3397588315,2291.67766517288,20694.7326660156,24445.0693835051,22909.4939890017
2433.83296,2463.10912,29.2761599999999,29.8598400000001,0.433704942464828,0.00745472,0.405012756586075,0.00722944,0.112392305571194,0.352924050695535,0.32957600581025,0.448606319274088,0.000254634487583072,0.000246939489331935,1.01993704092341,33950.8056640625,9918.212890625,44622063.7452393,-2073553.42708625,35076.9706394361,893.059128863937,18882.7514648438,25717.8294089978,22460.3991285221
2492.96896,2524.98944,32.0204799999997,27.8220800000004,0.434466511011124,0.01037312,0.424076020717621,0.00575488,0.117566213056142,0.353543771224228,0.345088589915352,0.469257622593222,0.000323952670291017,0.000179724976015352,0.868883914294872,33950.8056640625,9536.7431640625,34206091.0336945,-1770268.87755497,34911.0660389957,3312.76072028058,25939.94140625,24195.4299398212,21612.9730151778
2552.81152,2584.18688,31.37536,28.38528,0.446637779474258,0.00703488,0.446637779474258,0.00703488,0.130316407289673,0.36344804702911,0.36344804702911,0.520149164287867,0.000224216710182768,0.000224216710182768,0.904699738903393,33950.8056640625,9536.7431640625,37200403.9005216,-1935485.69224682,35827.1965613732,1223.8738332215,20694.7326660156,26244.3326723064,24105.9911612815
2612.57216,2643.36384,30.7916799999998,28.39552,0.5287224650383,0.01027072,0.446190685033798,0.00753664,0.134770428399578,0.430243826585346,0.363084227377727,0.537927089617621,0.000333555038244099,0.000244762221483207,0.922181576321922,34332.275390625,10299.6826171875,40202968.1462014,-2008160.76197915,36517.8034855769,1303.10407756951,25939.94140625,26437.2857213608,23717.1015898904
2671.75936,2704.22016,32.4607999999998,28.0064000000002,0.529966711997986,0.00713728,0.529966711997986,0.00713728,0.13502691151982,0.431256322948847,0.431256322948847,0.538950824720686,0.000219873817034701,0.000219873817034701,0.862776025236604,34332.275390625,9918.212890625,34779561.8639543,-1848083.50028003,35804.5529096555,2027.92755033372,25939.94140625,25757.946909707,23342.9215470744
2732.22656,2765.08672,32.8601599999997,29.4400000000001,0.583708941936493,0.0100864,0.49007323384285,0.00700416,0.142511393971681,0.474988647915024,0.398793312896832,0.568824632427871,0.000306949205359928,0.000213150514178874,0.895917731380502,34713.7451171875,9918.212890625,34648718.5707192,-1879631.26761718,36075.671222766,858.118239881258,25939.94140625,26631.6874308,24351.6403770295
2794.52672,2836.80768,42.2809600000001,20.62336,0.545053362846375,0.009728,0.545053362846375,0.009728,0.122697733270034,0.4435329686762,0.4435329686762,0.489739739974258,0.000230079922499394,0.000230079922499394,0.487769435698717,33569.3359375,9918.212890625,31025725.373344,-1761605.10440484,36186.5854518299,2505.43379412434,25939.94140625,30992.7740915643,19018.2992964373
2857.43104,2896.16896,38.73792,24.3916800000002,0.622058033943176,0.01016832,0.550479054450989,0.00736256,0.139410611071887,0.506194925654393,0.447948083357722,0.55644806628773,0.000262490087232355,0.000190060798308221,0.629659000793026,34713.7451171875,9536.7431640625,36283369.2677533,-1951592.08348138,36417.7457747921,894.361513884662,25939.94140625,31332.8014037977,21152.8345320668
2920.56064,2954.20928,33.6486399999999,29.15328,0.60758650302887,0.00980992,0.556402027606964,0.00715776,0.157323734197526,0.494418829027463,0.452767857064906,0.627947090987479,0.000291539866098601,0.000212720632988436,0.866402921485091,34332.275390625,9918.212890625,32222223.803834,-1781811.83648379,35652.2817460318,2010.77422600288,25939.94140625,25792.4185399944,23472.5451965914
2983.36256,3016.04864,32.6860799999999,28.9894399999998,0.63719630241394,0.00878592,0.626485466957092,0.00736256,0.160655513880875,0.5185135748237,0.509797715109763,0.641245665234028,0.000268796992481203,0.000225250626566416,0.886904761904758,34332.275390625,9918.212890625,37263226.8986044,-1964719.45315168,36619.6591629941,915.378625350586,25939.94140625,27387.6510960625,24407.6973618691
3045.03808,3079.49568,34.4576000000002,30.0134400000002,0.601510345935822,0.00992256,0.561508476734161,0.00838656,0.15962575926259,0.489474403073371,0.456923190643534,0.637135469018046,0.000287964338781574,0.00024338781575037,0.871025260029718,34713.7451171875,9918.212890625,34130792.1207655,-1841867.72726033,37174.6111255431,2909.47194271064,25939.94140625,26756.2230776399,22941.9577635857
3109.50912,3148.09344,38.5843199999999,24.8627200000001,0.640886545181274,0.00785408,0.640886545181274,0.00785408,0.150574564939735,0.521516481403679,0.521516481403679,0.601008236378988,0.000203556263269639,0.000203556263269639,0.644373673036097,34713.7451171875,9918.212890625,30627944.6955079,-1735458.97055604,35716.4875153572,2697.40567527944,25939.94140625,27803.6501519384,21364.1592626031
3172.95616,3210.32192,37.3657599999997,31.4367999999999,0.754259347915649,0.00925696,0.754259347915649,0.00925696,0.168758772169568,0.613772724904908,0.613772724904908,0.673589275026028,0.000247739106604551,0.000247739106604551,0.841326390792004,35095.21484375,10299.6826171875,28466653.8898715,-1744082.89512215,37582.0240534187,2049.19892332709,25939.94140625,28004.0402797465,25423.8401381464
3241.75872,3278.4896,36.7308800000001,28.9894400000003,0.816991567611694,0.008192,0.816991567611694,0.008192,0.174632503150069,0.664820584674331,0.664820584674331,0.697033876702072,0.000223027599665458,0.000223027599665458,0.789238918316148,34713.7451171875,9918.212890625,28429409.2662723,-1682931.29571112,36055.9754164784,2643.98195410922,25939.94140625,26352.3162124927,23459.7954432243
3307.47904,3344.42496,36.9459199999997,30.1772800000003,0.701554238796234,0.00589824,0.701554238796234,0.00589824,0.173484733233357,0.570884349003398,0.570884349003398,0.692452630369478,0.000159645232815966,0.000159645232815966,0.816796008869196,35095.21484375,9918.212890625,28417647.8061883,-1740707.30915767,37739.7887300994,2184.37248430948,25939.94140625,27791.1176948091,25521.9151824468
3374.60224,3410.74944,36.1471999999999,29.6038399999998,0.735955893993378,0.00787456,0.735955893993378,0.00787456,0.173538093262357,0.598878430495314,0.598878430495314,0.692665613332009,0.000217847025495751,0.000217847025495751,0.818980169971667,34713.7451171875,9536.7431640625,29175432.6478798,-1712149.14513473,35642.5205475004,1993.98222992313,25939.94140625,26470.2109263516,23768.1917934077
3440.35328,3477.46304,37.1097600000003,31.1500799999999,0.824420273303986,0.00873472,0.824420273303986,0.00873472,0.182535748330533,0.670865636615516,0.670865636615516,0.728579147641305,0.000235375275938188,0.000235375275938188,0.839403973509924,35095.21484375,9536.7431640625,28837139.8825161,-1776461.07993505,37559.6196022925,1015.19096459278,25939.94140625,28506.4457634091,26211.4302471003
3508.61312,3546.97216,38.3590399999998,31.0579200000002,0.716492235660553,0.0060928,0.716492235660553,0.0060928,0.182522592368972,0.583040028698148,0.583040028698148,0.72852663650665,0.000158836091831287,0.000158836091831287,0.809663641217307,34713.7451171875,9918.212890625,26100517.6544395,-1625330.47846486,35828.7749751921,1667.07835465058,25939.94140625,26664.8563381133,23941.3988639512
3578.03008,3616.47104,38.4409599999999,31.2115200000003,0.839317977428436,0.00822272,0.839317977428436,0.00822272,0.190980637400868,0.682988528404076,0.682988528404076,0.76228635369307,0.000213905167820991,0.000213905167820991,0.811933937133734,35095.21484375,9536.7431640625,25859040.1770908,-1693395.02125507,37660.2911180065,1075.30421352858,25939.94140625,28562.8690222574,26883.6351017534
3647.68256,3685.9904,38.3078399999999,32.1228799999999,0.75129371881485,0.00688128,0.75129371881485,0.00688128,0.185787028067967,0.611359467105339,0.611359467105339,0.741556411774541,0.000179631114675221,0.000179631114675221,0.83854584335739,34713.7451171875,9536.7431640625,29258469.6869821,-1737985.84253535,37160.2273756458,2391.55198841733,25939.94140625,27977.217270138,23641.9541821943
3718.11328,3757.34272,39.2294400000001,33.2390399999999,0.790790736675262,0.00828416,0.790790736675262,0.00828416,0.194037996209704,0.643499860651399,0.643499860651399,0.774489595498294,0.000211172017749934,0.000211172017749934,0.847298355520749,34713.7451171875,9536.7431640625,30860601.0777936,-1770525.02799942,37858.409266318,2895.51121916011,25939.94140625,28825.1998498995,21963.8153370478
3790.58176,3828.6336,38.0518400000001,31.9180799999999,0.841676294803619,0.00786432,0.841676294803619,0.00786432,0.193691193566527,0.684907590972616,0.684907590972616,0.773105356101486,0.000206673842841765,0.000206673842841765,0.838805166846067,34332.275390625,9918.212890625,27224104.6380851,-1698793.89048746,36992.4114596459,2045.46721339342,25939.94140625,27779.3932200757,25223.2944383561
3860.55168,3901.44,40.88832,32.0307199999997,0.804441630840302,0.00970752,0.804441630840302,0.00970752,0.18880259993981,0.654608170455206,0.654608170455206,0.75359286383466,0.000237415477084898,0.000237415477084898,0.783370899073372,34713.7451171875,9918.212890625,26484382.7010266,-1671427.53588922,37576.5530183353,2664.30843960748,25939.94140625,28678.0181144738,24063.8239199751
3933.47072,3977.1648,43.6940800000002,30.3923199999999,0.84529983997345,0.00898048,0.84529983997345,0.00898048,0.189372673836003,0.687856222897231,0.687856222897231,0.755868275402967,0.00020553081790485,0.00020553081790485,0.695570658542296,35476.6845703125,9536.7431640625,20956272.3963177,-1496785.0987167,37436.8192101059,2512.66810055585,25939.94140625,28061.8546052902,25391.5062221949
4007.55712,4048.27136,40.7142400000002,34.1299199999999,0.845506906509399,0.00867328,0.845506906509399,0.00867328,0.200010850445412,0.688024721693245,0.688024721693245,0.798329840972612,0.000213028169014083,0.000213028169014083,0.838279678068402,34713.7451171875,9918.212890625,25530389.5250021,-1637198.7176926,37784.1811766599,2571.88310281855,25939.94140625,28157.8240203761,24336.8682050085
4082.40128,4122.71616,40.3148799999999,34.3859199999997,0.81613701581955,0.00847872,0.81613701581955,0.00847872,0.200553431738338,0.664125199746738,0.664125199746738,0.800495517666308,0.000210312420624842,0.000210312420624842,0.852933705867407,34713.7451171875,9536.7431640625,25482138.8425822,-1643690.99062143,37483.735518022,1967.83148044258,25939.94140625,28162.6827353064,24849.3510864413
4157.10208,4198.25664,41.1545599999999,35.60448,0.859726548194885,0.00813056,0.859726548194885,0.00813056,0.209292470457545,0.699595845403664,0.699595845403664,0.83537680223373,0.000197561582483205,0.000197561582483205,0.865140582234387,34713.7451171875,9536.7431640625,25036036.7248789,-1603722.97428786,37058.6619657628,2314.85019127935,30136.1083984375,27767.4754563863,23597.0328269405
4233.86112,4274.92352,41.0624000000007,35.1743999999999,0.879250407218933,0.00974848,0.879250407218933,0.00974848,0.204223497035884,0.715483235048836,0.715483235048836,0.815144336162028,0.00023740648379052,0.00023740648379052,0.856608478802975,34713.7451171875,9536.7431640625,22298543.1319454,-1553356.39086365,37077.4677093016,943.673071050208,30040.7409667969,27918.3135434834,26186.5064487583
4310.09792,4351.30368,41.2057599999998,35.4304000000002,0.886674523353577,0.0072192,0.886674523353577,0.0072192,0.202913339938641,0.721524552272895,0.721524552272895,0.809914932333378,0.000175198807157058,0.000175198807157058,0.859840954274362,34332.275390625,9536.7431640625,21676113.4562456,-1507475.30916855,36278.8292175946,881.629257107326,30040.7409667969,27106.5565777858,25312.4750475546
4386.73408,4428.06272,41.3286399999997,35.0822399999997,0.870913743972778,0.00661504,0.870913743972778,0.00661504,0.207433398024432,0.708699339653509,0.708699339653509,0.8279564398055,0.000160059464816651,0.000160059464816651,0.848860257680871,33950.8056640625,9536.7431640625,22600182.1286307,-1553983.95319021,36897.6975507277,1016.57894651492,30040.7409667969,27804.1636235079,25621.6557371789
4463.14496,4505.57952,42.4345600000006,35.5737600000002,0.942097246646881,0.00780288,0.942097246646881,0.00780288,0.20992387086405,0.766624365740751,0.766624365740751,0.837896994438267,0.000183880308880306,0.000183880308880306,0.838320463320457,34332.275390625,9155.2734375,19300449.8616035,-1440524.04648847,36702.108711027,977.148854973226,30040.7409667969,27384.229334166,26373.8406898576
4541.15328,4586.33216,45.1788799999995,35.5123199999998,0.885062694549561,0.00755712,0.885062694549561,0.00755712,0.202194131995842,0.720212939019636,0.720212939019636,0.807044262260614,0.000167271078875795,0.000167271078875795,0.78603807796918,33950.8056640625,9536.7431640625,21108900.4592562,-1480880.78748226,36910.3626855092,1866.8899348235,30040.7409667969,28126.6010596587,23818.5001079969
4621.84448,4664.51456,42.6700799999999,36.0960000000005,0.973724246025085,0.00763904,0.973724246025085,0.00763904,0.216259741167315,0.792360592467764,0.792360592467764,0.863186194101006,0.000179025677945765,0.000179025677945765,0.84593232541398,33950.8056640625,9536.7431640625,20676977.0290165,-1480069.8864969,36526.6734357095,973.683231458041,30040.7409667969,27464.8011756439,25507.389655093
4700.61056,4744.76544,44.15488,38.2975999999999,0.918517470359802,0.00867328,0.918517470359802,0.00867328,0.222963339941383,0.747436504716075,0.747436504716075,0.889943157192401,0.000196428571428571,0.000196428571428571,0.867346938775506,33950.8056640625,9155.2734375,17220896.3553552,-1306267.84493141,35243.7422722995,1866.69845452099,17070.7702636719,25439.3161456607,24103.3203315905
4783.06304,4832.27648,49.2134400000004,35.9219199999998,0.837380886077881,0.01655808,0.833838760852814,0.0080384,0.210207355464942,0.681412235263121,0.678529858190366,0.839028504133086,0.000336454431960047,0.000163337494798167,0.729920932168112,34332.275390625,9536.7431640625,22143112.1362896,-1497765.30918295,37104.8807615211,2882.8283573365,19168.8537597656,30574.2039606194,20080.3920390104
4868.1984,4913.79712,45.59872,39.4342399999996,0.927003443241119,0.0064512,0.927003443241119,0.0064512,0.233125254912144,0.754341899675021,0.754341899675021,0.93050375650248,0.000141477655513137,0.000141477655513137,0.864810240287438,33950.8056640625,9536.7431640625,16743623.2449027,-1278762.80824977,35426.2147017274,2192.69201370575,30040.7409667969,25335.6864327619,23495.8813654886
4953.23136,5000.87808,47.6467200000006,36.99712,0.930492699146271,0.01818624,0.926110684871674,0.00951296,0.217933883941221,0.757181254746607,0.753615424439931,0.869868422247539,0.000381689232753057,0.000199656135826346,0.776488287126574,33950.8056640625,9155.2734375,16968128.0948239,-1330984.00104941,36016.3521591873,866.224937635722,15926.3610839844,27305.5525816359,24895.809183149
5037.8752,5086.59712,48.72192,39.2089599999999,0.929374754428864,0.00669696,0.929374754428864,0.00669696,0.218515470073318,0.75627153585828,0.75627153585828,0.872189784130231,0.000137452711223203,0.000137452711223203,0.804749894913829,33950.8056640625,9536.7431640625,17160329.8048848,-1313152.84559077,36055.4529105121,2203.04715927229,30040.7409667969,26999.2389857058,23243.6996090285
5125.80608,5175.76704,49.9609599999994,39.1372799999999,1.03570103645325,0.00770048,1.03570103645325,0.00770048,0.228423290215218,0.842793727498936,0.842793727498936,0.911736181041467,0.000154129944660793,0.000154129944660793,0.783357245337167,33950.8056640625,9155.2734375,14874420.8175649,-1227372.70109913,35778.9975393556,1732.96530536511,17070.7702636719,26446.033691802,24192.7134492908
5214.90432,5266.4832,51.57888,41.7484800000002,1.00273215770721,0.00996352,1.00273215770721,0.00996352,0.235309695613732,0.815965556789575,0.815965556789575,0.939222804464274,0.000193170538018662,0.000193170538018662,0.809410363311498,34332.275390625,9536.7431640625,13980174.3984489,-1230263.44630249,37250.120049985,1888.559290289,17356.8725585938,27868.9339299536,26263.0222474567
5308.23168,5360.77312,52.54144,41.4617600000001,0.983635723590851,0.00879616,0.983635723590851,0.00879616,0.228318995248872,0.80042598086525,0.80042598086525,0.911319894706441,0.000167413759501072,0.000167413759501072,0.789124926914835,33950.8056640625,9536.7431640625,13181186.5772925,-1173822.17422871,36369.4183174036,1803.81796290287,30040.7409667969,26979.8240116055,25286.2852195607
5402.23488,5452.9536,50.7187199999998,43.7452800000001,0.832044124603271,0.00919552,0.832044124603271,0.00919552,0.22837279240137,0.677069486788753,0.677069486788753,0.911534622417976,0.000181304260044418,0.000181304260044418,0.862507571168993,33950.8056640625,9155.2734375,13457971.569176,-1194705.21476589,36445.6033617202,1845.00630372424,30040.7409667969,27054.0502392555,25974.7871859629
5496.69888,5549.85472,53.1558400000004,43.93984,0.971718013286591,0.02139136,0.716712594032288,0.0093184,0.218029189931578,0.790728036055832,0.58321934362298,0.870248829690212,0.000402427277981119,0.000175303409747639,0.826623001348482,33950.8056640625,9536.7431640625,14005378.3722029,-1195332.44700661,36838.5818786843,2183.47342639908,20742.4163818359,27043.5819750754,23966.0969107892
5593.79456,5648.128,54.3334399999994,42.9363200000007,0.967849731445312,0.02108416,0.911343097686768,0.0095232,0.232944453009222,0.787580251553085,0.741598414307013,0.929782097882031,0.000388051262721452,0.00017527327553713,0.790237467018491,33569.3359375,9536.7431640625,10998896.4371736,-1046676.17723313,35072.4603070553,1600.76954182259,30040.7409667969,25402.4371244859,24399.4254034897
5691.06432,5745.88928,54.8249599999999,45.95712,1.02757704257965,0.02134016,0.753789126873016,0.0097792,0.239992552041853,0.836182890164685,0.613390086159439,0.957914110557091,0.000389241688457229,0.00017837131116922,0.838251774374301,33950.8056640625,9536.7431640625,12511691.9523451,-1129600.31188092,36253.4495647204,2140.06621227382,17070.7702636719,26669.2352363597,24322.9455348544
5791.8464,5849.04704,57.20064,44.7897599999997,1.02837860584259,0.0205824,0.87732195854187,0.00728064,0.235449579735991,0.836835156085469,0.713913974816754,0.939781142518582,0.000359828141783029,0.000127282491944146,0.783029001074108,33569.3359375,9536.7431640625,11550578.4236134,-1073817.3790426,35808.5230248091,2165.72544652294,17070.7702636719,26283.9947946417,23630.5511230323
5893.8368,5951.34464,57.5078400000002,45.7727999999997,1.13517940044403,0.02111488,0.813628852367401,0.0101888,0.24052678104486,0.92374347867462,0.662084201089199,0.960046449648014,0.000367165242165241,0.000177172364672364,0.795940170940163,33950.8056640625,9155.2734375,12775687.6314276,-1126949.87328912,36253.621298648,2470.3799475573,17070.7702636719,27147.0853975468,22557.3164245629
5997.11744,6056.40704,59.2896000000001,44.6566400000002,0.879936277866364,0.0221696,0.849950790405273,0.00728064,0.245988743796469,0.716041356996372,0.691640897926883,0.981847506166597,0.000373920552677029,0.00012279792746114,0.753195164075995,33950.8056640625,9155.2734375,9884028.67247337,-1005657.86377692,35541.7479198361,1607.72469572899,17070.7702636719,26280.5505640572,24880.154781062
6101.06368,6161.8176,60.7539200000001,48.8447999999999,1.22889029979706,0.02016256,0.842926144599915,0.0090624,0.240794783897681,1,0.685924646601179,0.961116164987937,0.000331872577111073,0.000149165683465363,0.803977751559072,33950.8056640625,9155.2734375,9554903.23571247,-977921.633731421,35040.4707080014,1767.09734806192,17118.4539794922,25898.9270129997,24145.0541730778
6210.6624,6270.16704,59.5046400000001,46.9708799999999,1.14000475406647,0.02103296,0.850403428077698,0.0064512,0.235175845771598,0.927670072955031,0.692009228340508,0.938688551832745,0.000353467561521252,0.000108415074858028,0.789364997418685,33569.3359375,9155.2734375,10106941.5873916,-987341.716895801,34798.26130545,2117.20996065068,17118.4539794922,25261.7111633386,22964.7325997153
6317.13792,6379.776,62.6380799999997,48.1996799999997,0.934363543987274,0.02267136,0.75052011013031,0.01436672,0.232369896149104,0.760331124870607,0.610729949007045,0.927488792865097,0.000361942128494362,0.000229360797776689,0.76949485041687,33950.8056640625,9536.7431640625,8858110.03086042,-941037.473221915,35200.6055870835,1635.54027838612,15068.0541992188,25795.6208036597,24189.728354081
6427.97568,6490.39872,62.4230400000006,48.6707200000001,0.854209542274475,0.0238592,0.784395515918732,0.00785408,0.236939854465624,0.695106424402195,0.638295799102872,0.945729473747932,0.000382217847769025,0.000125820209973752,0.779691601049863,33950.8056640625,9536.7431640625,8778095.75087577,-940041.663319443,35296.0703324299,1577.21168796329,17404.5562744141,25859.0691749827,24475.2151141299
6539.06944,6604.51328,65.4438399999999,51.3023999999996,0.84160989522934,0.02225152,0.787481844425201,0.0146432,0.223421294194159,0.68485355883135,0.640807275112553,0.891771050754058,0.00034000938820216,0.000223752151462995,0.783914880300417,33569.3359375,9155.2734375,8935403.79639907,-939685.659334635,35274.0395662472,1965.13537251618,15020.3704833984,26183.4820719863,23227.2310289179
6655.81568,6723.84,68.0243200000004,52.2752,1.10315835475922,0.02506752,0.844805061817169,0.01181696,0.238222343941742,0.897686599805853,0.687453600990001,0.95084844412998,0.00036850820412464,0.000173716694264638,0.768478097245216,33569.3359375,9536.7431640625,7808116.79545846,-887192.242435267,35801.1737559577,1982.8292456867,17070.7702636719,26183.2325580476,24220.0868181589
6776.1152,6843.45344,67.33824,51.7222400000001,0.885437428951263,0.00830464,0.885437428951263,0.00830464,0.243726121999889,0.720517876247771,0.720517876247771,0.972816403628797,0.000123327250608272,0.000123327250608272,0.768096107055961,33950.8056640625,9536.7431640625,9689820.38984814,-979496.002739643,36078.0176741907,2209.46163473089,15020.3704833984,27486.5708420477,22019.6416354014
6895.17568,6965.30944,70.1337599999997,53.9750400000003,0.941002190113068,0.02374656,0.777295351028442,0.01195008,0.234128053829903,0.765733271935231,0.632518094704472,0.934506360854991,0.000338589575120457,0.000170389837932546,0.769601401664483,33569.3359375,9155.2734375,7528314.12278387,-868696.358467555,35567.2629880698,2195.86531228286,17023.0865478516,26224.5868170314,23895.0897998897
7019.28448,7090.61632,71.3318399999998,52.7871999999998,0.841469824314117,0.01087488,0.841469824314117,0.01087488,0.230020001270859,0.6847395772048,0.6847395772048,0.918109345698734,0.000152454780361757,0.000152454780361757,0.740022968705138,33569.3359375,9155.2734375,6818431.65674296,-820108.796519427,34795.0192892788,1706.42630025283,15068.0541992188,25514.4940349187,23806.1114165284
7143.40352,7218.432,75.0284799999999,51.6812799999998,0.953789114952087,0.02433024,0.862388253211975,0.01082368,0.230283966932648,0.776138533365914,0.70176178732503,0.919162946862517,0.000324280060051863,0.000144260952640917,0.688822164596695,33569.3359375,9155.2734375,6762923.48376226,-803205.764129102,34595.3579606681,2320.89834373477,17070.7702636719,25503.8255966329,22192.966319209
7270.11328,7346.59584,76.4825600000004,53.8419199999998,0.839799821376801,0.02666496,0.796193838119507,0.01164288,0.228833251047749,0.683380625199407,0.647896592764214,0.91337251209806,0.000348641049671976,0.000152229214084883,0.703976435935193,33569.3359375,9155.2734375,6141122.77579415,-769753.122483398,34718.9599853583,1922.73462209413,17070.7702636719,25292.3222329315,22949.6882238904
7400.43776,7477.66784,77.2300800000003,53.79072,0.847991526126862,0.02555904,0.675105571746826,0.01841152,0.222451130747655,0.69004656173696,0.549361950255702,0.887898708687418,0.000330946698488463,0.000238398302837443,0.696499602227523,33950.8056640625,9536.7431640625,6673826.30855146,-803803.454522866,35088.0920969801,2318.77041993452,15020.3704833984,26133.6515199057,22271.8664733693
7531.45856,7611.02336,79.5648000000001,56.3711999999996,0.9989053606987,0.02451456,0.729910492897034,0.00893952,0.23186558453997,0.812851530249414,0.593959031996243,0.925475867037204,0.000308108108108108,0.000112355212355212,0.708494208494202,33569.3359375,9155.2734375,6196202.85900419,-775541.806944679,34774.9843080121,1988.45174393468,17070.7702636719,26054.57308448,22480.4109063109
7667.39456,7753.33888,85.9443200000005,52.5516799999996,0.937305510044098,0.02797568,0.772653818130493,0.01796096,0.228607042661845,0.762725127050711,0.628741083120349,0.912469616558428,0.000325509353032287,0.000208983676873584,0.611461932562841,33569.3359375,9536.7431640625,5637571.72097931,-738571.08762916,35062.2408064073,2295.55725574605,15020.3704833984,26545.147087295,21834.4827706719
7805.89056,7887.2064,81.3158400000002,58.3577599999999,0.962214708328247,0.0270848,0.770524203777313,0.01794048,0.231234067759166,0.782994794968395,0.627008125871414,0.922955210332488,0.000333081475884648,0.000220627125047223,0.717667800025182,33569.3359375,9155.2734375,5534845.96851973,-733337.256902619,34923.343868046,1986.4671283952,17070.7702636719,25547.554648968,23034.0621493678
7945.56416,8029.57312,84.0089600000001,56.50432,1.0136456489563,0.02891776,0.815028131008148,0.0187904,0.243678041214463,0.82484632609086,0.663222853287022,0.972624492411492,0.000344222330570453,0.000223671379814724,0.672598732325694,33569.3359375,9155.2734375,5486630.63337907,-737412.496478876,35606.5777793656,2277.84160867144,17023.0865478516,26327.4133774027,23227.3318153878
8086.07744,8173.73184,87.6544000000004,60.9075199999988,1.02566957473755,0.02929664,0.722068190574646,0.01980416,0.229532707735098,0.834630702925176,0.587577418988408,0.916164346364726,0.000334228971962615,0.000225934579439251,0.694859813084096,33569.3359375,8773.8037109375,4677304.87045148,-690155.035267728,35432.7377201096,1644.85004940602,17070.7702636719,26359.5742382567,24558.0178275795
8234.63936,8325.81632,91.1769600000007,62.5049600000002,0.94416469335556,0.0354816,0.914367973804474,0.01434624,0.241835120474597,0.768306734548626,0.744059883909471,0.965268598379216,0.000389150943396223,0.000157345013477088,0.685534591194966,33569.3359375,9155.2734375,4907755.14328233,-700716.012835153,35543.6528472593,2059.47867381366,17118.4539794922,26933.3532720766,23089.8191509859
8388.32128,8474.24512,85.9238399999995,0,1.12465167045593,0.01156096,1.12465167045593,0.01156096,0.250536608028753,0.915176619623135,0.915176619623135,1,0.000134548921463474,0.000134548921463474,0,33569.3359375,8773.8037109375,4243781.79111088,-654101.612945774,35243.6589056748,1358.89643354185,17070.7702636719,25537.4460023638,24871.4790966343
