note.starts,note.ends,note.durs,INI,pk.amps,pk.times,qpk.amps,qpk.times,note.rmss,rel.pk.amps,rel.qpk.amps,rel.note.rmss,rel.pk.tm,rel.qpk.tm,rel.INI,max.Hz,min.Hz,FMa,FMb,FMc,FM.resid,note.DF,arcL,chordL
998.46144,1017.47712,19.01568,29.9315200000001,0.0544830374419689,0.00402432,0.0544830374419689,0.00402432,0.0181021230682822,0.058763967290781,0.058763967290781,0.0987979422722573,0.000211631663974152,0.000211631663974152,1.57404415724287,25939.94140625,15640.2587890625,17618600.6816726,-849250.525250577,26063.3580824908,728.498165790857,21743.7744140625,9778.25918315352,9778.25918314994
1047.40864,1062.81984,15.4112,30.6892799999998,0.0759548023343086,0.00253952,0.0759548023343086,0.00253952,0.0254868537609686,0.0819228466236876,0.0819228466236876,0.139102396833754,0.000164784053156146,0.000164784053156146,1.99136212624583,28228.759765625,12588.5009765625,92500100.1535843,-2161998.83392879,29484.2562832675,2998.03238439183,23078.9184570312,13916.374313961,11349.7522392682
1093.50912,1112.8832,19.37408,31.0169599999999,0.0824235156178474,0.00218112,0.0824235156178474,0.00218112,0.023543074252319,0.088899830170396,0.088899830170396,0.128493618241256,0.000112579281183932,0.000112579281183932,1.60095137420718,31280.517578125,12588.5009765625,77094834.1437346,-2155804.62825466,33425.723805147,3941.8804751752,30326.8432617188,17312.604954028,12828.8017242869
1143.90016,1164.32896,20.4288000000001,27.35104,0.0970751345157623,0.00390144,0.0970751345157623,0.00390144,0.0301325834341181,0.104702679903051,0.104702679903051,0.164457905153358,0.000190977443609021,0.000190977443609021,1.33884711779448,31661.9873046875,9918.212890625,84782787.6998414,-2406049.12650873,33988.6721442727,4123.60889940683,30326.8432617188,20371.0946386253,13769.7979773764
1191.68,1214.18752,22.5075199999999,28.9996800000001,0.0683893039822578,0.01065984,0.0522576160728931,0.00154624,0.0203380973068593,0.0737628996278561,0.0563636864936638,0.111001464086352,0.000473612374886263,6.86988171064608e-05,1.28844404003641,30517.578125,12969.970703125,86489123.3966887,-2218810.40773701,32173.9598324424,3058.54513078221,23078.9184570312,22335.3897602946,6125.52809846488
1243.1872,1259.65312,16.4659199999999,39.0963200000001,0.0542002990841866,0.0073216,0.051700945943594,0.00283648,0.0166268380693348,0.058459013154803,0.0557632767733957,0.0907461175436698,0.000444651741293536,0.000172263681592041,2.37437810945276,25939.94140625,9918.212890625,97158378.5785852,-1867180.81112032,25793.222280649,4829.71451684817,21743.7744140625,13539.0186706342,4402.63664808902
1298.74944,1318.99392,20.2444799999998,27.2281600000001,0.0774544849991798,0.00912384,0.0768260285258293,0.00342016,0.0239324093664846,0.0835403647945294,0.0828625282168059,0.130618535190986,0.000450682852807287,0.000168942842690947,1.34496712190189,31280.517578125,12207.03125,73431767.9802843,-1866160.84303613,30907.9301123525,4750.49174245269,21934.5092773438,16028.6200858998,7684.25567479388
1346.22208,1368.05376,21.83168,28.4364800000001,0.0946503430604935,0.0078848,0.0827597230672836,0.00485376,0.0280989952359283,0.102087363789001,0.0892624546584787,0.153358967826922,0.000361163227016885,0.000222326454033771,1.30253283302064,30517.578125,9536.7431640625,55453864.1814834,-1817788.00703577,30087.292870993,5290.45484601167,21934.5092773438,16538.8950793102,13254.8204701193
1396.49024,1419.50976,23.0195199999998,27.4432000000002,0.182058393955231,0.0055296,0.182058393955231,0.0055296,0.0421044799769986,0.196363382250714,0.196363382250714,0.229798237835407,0.000240213523131674,0.000240213523131674,1.19217081850535,31280.517578125,9918.212890625,38840619.7469481,-1429511.67243368,29145.6255996436,5100.21183486247,21743.7744140625,13981.1756523143,12325.0941189666
1446.95296,1473.88416,26.9312,29.3171199999999,0.205653697252274,0.00314368,0.205653697252274,0.00314368,0.0437441558596902,0.221812654102349,0.221812654102349,0.238747276718433,0.000116730038022814,0.000116730038022814,1.08859315589353,33187.8662109375,9155.2734375,45284587.9906691,-1910924.34659981,33651.4025472235,4541.90807217709,21266.9372558594,21699.6397371165,18619.0480673931
1503.20128,1526.80448,23.6032,31.2217599999999,0.151789039373398,0.00242688,0.151789039373398,0.00242688,0.0368085244197016,0.163715654699649,0.163715654699649,0.200893920399678,0.000102819956616052,0.000102819956616052,1.32277657266811,32806.396484375,9536.7431640625,42948919.6021879,-1572902.63661378,31104.410501351,4754.31722138177,21362.3046875,15603.7025863266,13198.2178062952
1558.02624,1582.88896,24.8627200000001,30.6892800000001,0.179250463843346,0.0057856,0.179250463843346,0.0057856,0.0409633452591393,0.193334822886244,0.193334822886244,0.223570141741117,0.000232701812191103,0.000232701812191103,1.23434925864909,31280.517578125,9155.2734375,48955875.9642317,-1799893.63508828,30147.0075334821,4777.54841467319,21362.3046875,18599.1839022806,14487.9395214082
1613.57824,1637.50912,23.9308799999999,28.4672,0.18768022954464,0.00182272,0.18768022954464,0.00182272,0.047307246526057,0.202426945851441,0.202426945851441,0.25819394740113,7.61660248181433e-05,7.61660248181433e-05,1.1895592640137,31661.9873046875,9536.7431640625,27530519.3486585,-1427670.96135216,29400.1299635808,4332.35839652176,21362.3046875,18399.051437569,18399.0514375613
1665.97632,1688.86272,22.8864000000001,30.1055999999999,0.170720487833023,0.0051712,0.170720487833023,0.0051712,0.0452406538888736,0.1841346157246,0.1841346157246,0.246914878128506,0.000225950782997762,0.000225950782997762,1.31543624161073,29754.638671875,9536.7431640625,50355316.7515743,-1810429.45341152,29138.9331483004,4459.37458661271,21362.3046875,17486.53757125,15058.7369908605
1718.96832,1744.76288,25.79456,27.76064,0.203772962093353,0.00611328,0.203772962093353,0.00611328,0.0470917728836183,0.219784142761014,0.219784142761014,0.25701793327248,0.00023699880905121,0.00023699880905121,1.07622072250893,31280.517578125,9155.2734375,35755302.9233916,-1579958.6957596,29577.5277273996,4406.01815127222,21362.3046875,17943.4662814395,16964.2151358096
1772.52352,1796.79232,24.2688000000001,30.98624,0.198810651898384,0.00219136,0.198810651898384,0.00219136,0.0483480165096059,0.214431925856909,0.214431925856909,0.263874271878292,9.02953586497888e-05,9.02953586497888e-05,1.27679324894514,32043.45703125,9536.7431640625,32015276.9595577,-1601899.19952497,30720.6462200423,3733.08301577843,21457.6721191406,20019.9846414178,20019.9846414051
1827.77856,1853.53216,25.7536,30.2489600000001,0.211150273680687,0.00190464,0.211150273680687,0.00190464,0.0484060646310029,0.227741116475516,0.227741116475516,0.264191087476393,7.39562624254473e-05,7.39562624254473e-05,1.17455268389662,31661.9873046875,9155.2734375,41876833.3849839,-1688204.52131798,30427.6602608817,4731.38517964519,21362.3046875,18326.159333052,15702.6216162715
1883.78112,1910.03648,26.2553599999999,28.60032,0.225205898284912,0.00575488,0.225205898284912,0.00575488,0.0514750897755287,0.242901142481297,0.242901142481297,0.280941242577938,0.000219188767550703,0.000219188767550703,1.08931357254291,31280.517578125,9536.7431640625,31341224.140136,-1445622.86771044,29209.6819196428,4803.42629509908,21266.9372558594,16989.4173192038,16350.4662360349
1938.6368,1963.42784,24.7910400000001,28.6412800000001,0.219004556536674,0.00162816,0.219004556536674,0.00162816,0.053617959865416,0.236212538821111,0.236212538821111,0.29263661966929,6.56753407682774e-05,6.56753407682774e-05,1.15530772408096,31280.517578125,9155.2734375,48726727.7651347,-1856779.75984066,30339.7501321663,4427.52393747101,21362.3046875,19292.9408869592,16084.2656783377
1992.06912,2018.44736,26.3782399999998,30.9657600000003,0.234639793634415,0.0061952,0.234639793634415,0.0061952,0.0511812079183631,0.253076293202901,0.253076293202901,0.279337291336993,0.000234860248447207,0.000234860248447207,1.17391304347828,31280.517578125,9155.2734375,23854832.1437186,-1304933.45150423,29050.7182504147,4605.63358236381,21362.3046875,17823.3801463353,17823.3801463199
2049.41312,2075.38176,25.9686400000001,31.6927999999998,0.207256466150284,0.00886784,0.198607087135315,0.00196608,0.0501426409071731,0.223541358365537,0.214212366272125,0.273668990263667,0.000341482649842271,7.57097791798106e-05,1.22042586750788,31280.517578125,9155.2734375,35451755.9583539,-1601721.91552697,30370.687509512,4461.31494506857,21362.3046875,18496.2340121247,17686.9297990633
2107.07456,2133.7088,26.6342399999999,30.5254400000003,0.251052707433701,0.0064,0.251052707433701,0.0064,0.0591707453366927,0.270778829165125,0.270778829165125,0.32294266589227,0.000240292195309498,0.000240292195309498,1.14609765474819,31280.517578125,9155.2734375,30004957.6092638,-1574255.24220466,30337.505459045,3563.19594662383,21362.3046875,20653.7571798576,20644.092888381
2164.23424,2190.66368,26.4294399999999,32.34816,0.272872179746628,0.00183296,0.272872179746628,0.00183296,0.0644147195962449,0.294312736551706,0.294312736551706,0.351563279298673,6.93529639674548e-05,6.93529639674548e-05,1.22394420767145,31661.9873046875,9536.7431640625,35531492.0270686,-1610652.11252621,29862.1222368409,4012.88690845893,21266.9372558594,18756.3046362783,17749.3426018767
2223.01184,2250.6496,27.6377600000001,30.6892799999996,0.288332283496857,0.00676864,0.288332283496857,0.00676864,0.0655508296542474,0.310987596723704,0.310987596723704,0.357763951755825,0.000244905520563171,0.000244905520563171,1.11041126343088,32806.396484375,9155.2734375,33021455.5743254,-1692635.88777838,31767.1553419513,3324.81641227881,21362.3046875,21823.7641554158,21557.3650159835
2281.33888,2308.94592,27.6070400000003,31.0272,0.282586544752121,0.00218112,0.282586544752121,0.00218112,0.0653304519829767,0.304790394447368,0.304790394447368,0.356561172371209,7.90059347181e-05,7.90059347181e-05,1.12388724035607,32043.45703125,9155.2734375,32660993.5533432,-1694710.62442161,31247.3462975544,2589.96415778081,21362.3046875,22074.0849515219,21893.4116055411
2339.97312,2368.96256,28.9894399999998,29.3068800000001,0.323090732097626,0.0028672,0.323090732097626,0.0028672,0.0752838294970668,0.348477142691647,0.348477142691647,0.410884812385241,9.89049805722365e-05,9.89049805722365e-05,1.01095019427765,32806.396484375,9155.2734375,27808861.3056872,-1592756.8332564,32479.6593707541,3144.03816133582,21266.9372558594,22809.8426235428,22802.9055645182
2398.26944,2427.99616,29.7267200000001,33.2185599999998,0.318066418170929,0.00835584,0.278805792331696,0.0036352,0.0776354654557647,0.34305805019774,0.300712574597382,0.423719593853493,0.000281088529107818,0.000122287289011367,1.11746469169823,33187.8662109375,9536.7431640625,34967950.4876292,-1819326.29147605,33849.633258322,2329.42994088949,21266.9372558594,24146.1336108522,23182.1988320314
2461.21472,2489.50784,28.2931200000003,31.9385599999996,0.369322389364243,0.00288768,0.369322389364243,0.00288768,0.0795272336158731,0.398341388940909,0.398341388940909,0.434044504405138,0.000102062975027143,0.000102062975027143,1.12884545783566,33187.8662109375,9155.2734375,43788299.4184457,-2071326.68003549,33830.936718364,913.964166736518,21266.9372558594,25438.4703045116,23551.7326376308
2521.4464,2551.00928,29.5628800000004,31.1705599999996,0.413988322019577,0.00300032,0.413988322019577,0.00300032,0.084372172734629,0.446516885917669,0.446516885917669,0.460487259962698,0.000101489435400068,0.000101489435400068,1.05438171111878,33187.8662109375,9155.2734375,46634382.1580269,-2097357.43522661,33788.2663892663,2613.18916702805,21266.9372558594,25916.6444228742,21247.1608872313
2582.17984,2612.45952,30.2796800000001,31.5392000000002,0.386861890554428,0.00800768,0.386456519365311,0.00335872,0.0889803687257083,0.417259032351199,0.416821809677568,0.485637916589468,0.000264457220155562,0.000110923233006425,1.04159621237741,33569.3359375,9155.2734375,33688129.4793526,-1814544.63187106,33772.1017690805,2485.53335828013,21266.9372558594,24811.8752830708,24056.5653883199
2643.99872,2673.24416,29.2454400000001,31.5903999999996,0.453175127506256,0.00331776,0.453175127506256,0.00331776,0.0982372703345015,0.488782740832644,0.488782740832644,0.536160323674854,0.00011344537815126,0.00011344537815126,1.08018207282911,33569.3359375,9155.2734375,41280737.5333522,-2040185.08844006,34514.7174337636,889.251440801826,21266.9372558594,26056.3605989261,24358.8707781767
2704.83456,2732.8,27.9654400000004,33.5052799999999,0.392609715461731,0.00280576,0.392609715461731,0.00280576,0.0914726999526447,0.42345848470746,0.42345848470746,0.499240586052789,0.000100329549615524,0.000100329549615524,1.19809593555472,33187.8662109375,9155.2734375,41343426.5804795,-1899678.17121529,33193.1434601192,3518.26911092575,21266.9372558594,22851.8615659779,20792.0545110963
2766.30528,2796.35968,30.0544,34.0992000000001,0.490807831287384,0.0080896,0.487364053726196,0.00344064,0.104753702486695,0.529372382634706,0.525658014980775,0.571725770068352,0.000269165247018739,0.000114480408858603,1.13458262350937,33950.8056640625,9155.2734375,32886674.1230016,-1771964.77855888,33624.0685504416,2584.9735617401,21266.9372558594,24187.6591313892,23549.8921021922
2830.45888,2861.4144,30.95552,33.7510400000001,0.53029865026474,0.00340992,0.53029865026474,0.00340992,0.111895247139542,0.571966138482905,0.571966138482905,0.610702961510772,0.000110155474694013,0.000110155474694013,1.09030764141582,33569.3359375,9155.2734375,36754829.442478,-1920534.69439346,34595.3427828275,814.442343506043,26798.2482910156,25945.3959776478,24231.0473288903
2895.16544,2926.15168,30.9862399999997,34.28352,0.503894567489624,0.00347136,0.503894567489624,0.00347136,0.116317671968207,0.54348739116283,0.54348739116283,0.634839714491499,0.000112029081295441,0.000112029081295441,1.10641110376736,33950.8056640625,9155.2734375,31412999.2920697,-1755068.04748921,34088.4282038762,2411.78296590225,21266.9372558594,24806.6340700445,24221.8605264672
2960.4352,2995.00544,34.57024,29.8905600000003,0.575915455818176,0.00391168,0.575915455818176,0.00391168,0.115138358314567,0.62116722188996,0.62116722188996,0.628403245032436,0.000113151658767772,0.000113151658767772,0.864632701421809,34332.275390625,9155.2734375,33586688.8827277,-1858505.83975839,34790.5819312953,753.448430106586,21266.9372558594,27310.3454010676,24109.4908711129
3024.896,3057.53088,32.6348799999996,30.3616000000002,0.576678216457367,0.00422912,0.576678216457367,0.00422912,0.124073691496117,0.621989915398923,0.621989915398923,0.677170592847067,0.000129588955130218,0.000129588955130218,0.930342014433653,35095.21484375,9536.7431640625,36726887.2731816,-1976951.49783639,36183.9359642094,993.838667904947,26798.2482910156,27805.9829689676,25402.1400912343
3087.89248,3120.96768,33.0752000000002,30.3206399999999,0.567648649215698,0.00862208,0.52804046869278,0.0041984,0.121801207959933,0.612250862310988,0.569530523394949,0.664767810235565,0.000260681114551082,0.000126934984520123,0.916718266253861,35095.21484375,8773.8037109375,33950592.9813639,-1899341.20603333,35831.8380092672,795.0110419157,26798.2482910156,27448.4506389036,25680.1989260632
3151.28832,3185.62304,34.3347199999998,31.8873600000002,0.593720078468323,0.00959488,0.525998771190643,0.0041472,0.122793729864339,0.640370818314853,0.567328402315319,0.670184805879977,0.000279451237697586,0.000120787354607814,0.928720548762312,34332.275390625,9155.2734375,31735616.0110526,-1826695.16068564,35317.9998455246,796.957050309986,21266.9372558594,27265.2807587236,25306.8060937469
3217.5104,3250.50368,32.9932799999997,32.3686400000001,0.622887134552002,0.00411648,0.622887134552002,0.00411648,0.129600468453527,0.671829635776991,0.671829635776991,0.707334689551645,0.000124767225325886,0.000124767225325886,0.981067659838623,35095.21484375,9155.2734375,35699295.9139237,-1963309.22215686,36021.4084350437,887.088750304366,26798.2482910156,28071.5167365039,25915.3093825623
3282.87232,3315.82464,32.9523199999999,34.4064000000003,0.604218661785126,0.00361472,0.604218661785126,0.00361472,0.134427236228908,0.651694313398718,0.651694313398718,0.733678269375676,0.00010969546302051,0.00010969546302051,1.04412678682413,33950.8056640625,9155.2734375,30317628.7493793,-1737809.61662658,34262.1762528379,786.976035754891,21171.5698242188,25461.4221805257,24344.2978941
3350.23104,3384.18688,33.9558400000001,33.7715199999998,0.59920746088028,0.00403456,0.59920746088028,0.00403456,0.131751494142558,0.646289364264346,0.646289364264346,0.719074578350846,0.00011881785283474,0.00011881785283474,0.994571773220739,34713.7451171875,9155.2734375,34994392.4062252,-1875933.76632411,35346.0346822774,2295.06245344266,26798.2482910156,26930.9168740104,23350.4049166356
3417.9584,3451.40224,33.4438399999999,34.3244800000002,0.599443376064301,0.00396288,0.599443376064301,0.00396288,0.133879619350233,0.646543816159984,0.646543816159984,0.73068948068152,0.000118493570116351,0.000118493570116351,1.02633190447031,35095.21484375,9155.2734375,31707102.0097466,-1823040.48617353,35342.0755947611,774.667340157287,26798.2482910156,26903.6441124026,25505.384047093
3485.72672,3518.65856,32.9318399999997,32.9523200000003,0.668591141700745,0.00423936,0.668591141700745,0.00423936,0.138623145589885,0.721124772524955,0.721124772524955,0.756578744047169,0.000128731343283583,0.000128731343283583,1.00062189054728,34332.275390625,9155.2734375,33916703.3896477,-1840222.05152864,35418.462695074,2682.460422534,21171.5698242188,26103.5309240472,23819.0269295778
3551.61088,3587.90144,36.2905599999999,34.4473600000001,0.640945911407471,0.00543744,0.640945911407471,0.00543744,0.138888093494428,0.691307356224875,0.691307356224875,0.75802477928179,0.000149830699774267,0.000149830699774267,0.949209932279915,35095.21484375,9155.2734375,30449213.8537674,-1805415.33584831,36219.8928306843,978.334128640077,26798.2482910156,28106.1807095991,25417.7744401588
3622.3488,3658.8032,36.4543999999996,35.4918400000001,0.605469107627869,0.00633856,0.605469107627869,0.00633856,0.145143969393463,0.653043011306395,0.653043011306395,0.792168159238043,0.000173876404494384,0.000173876404494384,0.973595505617991,35476.6845703125,9155.2734375,27146731.5713469,-1732588.36419997,36785.0505659733,704.297997493906,21266.9372558594,28205.0380053317,27084.5457202158
3694.29504,3731.32288,37.0278400000002,36.1164799999997,0.716353714466095,0.00679936,0.716353714466095,0.00679936,0.152796390397304,0.772640223855952,0.772640223855952,0.833933616567476,0.00018362831858407,0.00018362831858407,0.975387168141579,36239.6240234375,9155.2734375,26284903.0442974,-1699424.33987552,37549.0962994908,2036.62209730137,26798.2482910156,28049.4957264067,26887.8088030189
3767.43936,3805.16352,37.7241600000002,36.0038399999999,0.643109798431396,0.00759808,0.643109798431396,0.00759808,0.160263184582705,0.693641267700173,0.693641267700173,0.874685958052809,0.000201411509229098,0.000201411509229098,0.954397394136799,37002.5634765625,8773.8037109375,24626537.1724594,-1655192.80730152,38442.3889228048,2975.02949281612,26798.2482910156,28229.7807635983,27394.4316248134
3841.16736,3877.25312,36.0857599999999,34.8672000000001,0.653112173080444,0.011264,0.642426550388336,0.00654336,0.151754926339558,0.704429565201627,0.692904334380392,0.828249503965451,0.000312145289443814,0.000181328036322361,0.966231555051084,35858.154296875,9155.2734375,28338710.3144711,-1777957.79380969,37026.5227820486,540.002503757212,21266.9372558594,28517.3292446149,27256.7976437505
3912.12032,3949.8752,37.75488,31.3241600000001,0.800491452217102,0.00525312,0.800491452217102,0.00525312,0.144355193283759,0.863388968809585,0.863388968809585,0.787863169361536,0.000139137510170871,0.000139137510170871,0.829671819907788,35095.21484375,9155.2734375,28480375.5933028,-1772256.62806089,36751.0225934632,928.525592666377,26798.2482910156,28827.064790959,26314.527089913
3981.19936,4016.22016,35.0207999999998,36.9561600000002,0.664360046386719,0.01158144,0.648919880390167,0.00635904,0.156235671448048,0.716561224706932,0.699907868870228,0.852704557933184,0.000330701754385967,0.000181578947368422,1.05526315789475,35858.154296875,9155.2734375,29013230.0502859,-1789710.95745862,37090.0488708863,702.548035576852,21266.9372558594,28106.4407608338,27093.6468721521
4053.17632,4091.17696,38.0006399999997,38.0108799999998,0.747724771499634,0.01276928,0.703578174114227,0.00748544,0.166836109764977,0.806476218615966,0.758860862964797,0.910559732651976,0.000336028024791164,0.000196981945567234,1.00026946914578,36621.09375,9155.2734375,24879898.6251013,-1675342.13675041,38102.057672316,2041.8681150258,21266.9372558594,28670.117980146,27736.2896324028
4129.18784,4168.86784,39.6800000000003,33.5871999999999,0.780001819133759,0.0065536,0.780001819133759,0.0065536,0.172479124417256,0.841289390943865,0.841289390943865,0.941358232571261,0.000165161290322579,0.000165161290322579,0.846451612903218,36621.09375,9155.2734375,23252206.1065505,-1596493.65104657,37121.2833438101,1997.5841052528,21171.5698242188,28069.3261554677,26738.2137534987
4202.45504,4241.2032,38.7481600000001,35.1129600000004,0.7853844165802,0.00733184,0.7853844165802,0.00733184,0.179185269967513,0.847094918593073,0.847094918593073,0.977959098582636,0.0001892177589852,0.0001892177589852,0.906183932346731,37002.5634765625,9155.2734375,25257000.4390432,-1696345.06191177,38278.333602413,1965.00479987368,21266.9372558594,29157.2578319719,27808.8867151957
4276.31616,4314.44992,38.1337599999997,33.65888,0.892565548419952,0.0064,0.892565548419952,0.0064,0.176190788123679,0.962697660681904,0.962697660681904,0.961615786628205,0.000167830290010742,0.000167830290010742,0.882653061224495,35476.6845703125,9155.2734375,22211517.3685535,-1516937.15138076,35737.560641381,1965.25707253918,21171.5698242188,26252.7723336468,25546.8918282297
4348.1088,4386.816,38.7071999999998,36.9766399999999,0.802176296710968,0.00717824,0.802176296710968,0.00717824,0.171285473174118,0.865206197645863,0.865206197645863,0.934843511277637,0.000185449735449736,0.000185449735449736,0.955291005291006,36239.6240234375,9155.2734375,22631622.0209273,-1590336.3943826,37498.9355764081,1982.69806562379,26798.2482910156,28227.2003288324,27649.7015766076
4423.79264,4462.63296,38.8403200000002,38.2464,0.793657839298248,0.01222656,0.791516244411469,0.0067072,0.176538960420316,0.856018414139811,0.853708546375722,0.963516044754516,0.000314790403374635,0.000172686527814394,0.984708673872917,36239.6240234375,8773.8037109375,27312315.5887148,-1698844.76322463,37573.2298820249,2933.7405674993,21171.5698242188,28053.5317355526,24781.1218054195
4500.87936,4540.66176,39.7824000000001,37.1916799999999,0.869351804256439,0.00720896,0.869351804256439,0.00720896,0.171446213813492,0.937659928448744,0.937659928448744,0.935720803093064,0.000181209781209781,0.000181209781209781,0.934877734877731,35858.154296875,9155.2734375,22652973.0805684,-1581262.9947019,37185.0480781622,2002.06406669741,21171.5698242188,28134.143115822,27054.9503740965
4577.85344,4619.14112,41.2876800000004,39.4854399999995,0.810517072677612,0.00828416,0.810517072677612,0.00828416,0.173665688653828,0.874202338630214,0.874202338630214,0.947834274331939,0.00020064484126984,0.00020064484126984,0.956349206349185,35858.154296875,9155.2734375,25940953.7149348,-1642945.61969811,38231.630376316,3823.02812262753,26798.2482910156,28414.6138557877,23612.5820687367
4658.62656,4698.9312,40.3046400000003,42.5676800000001,0.889909982681274,0.00789504,0.889909982681274,0.00789504,0.183223685149213,0.959833437512034,0.959833437512034,1,0.000195884146341462,0.000195884146341462,1.05614837398373,35858.154296875,9155.2734375,19183876.967623,-1456588.00049385,37129.9531103229,1890.64639881535,26798.2482910156,27753.9622333182,27543.7373678421
4741.49888,4785.2032,43.7043199999998,139.69408,0.746522665023804,0.01492992,0.736133456230164,0.00971776,0.162101509976158,0.805179658274576,0.793974131666834,0.884719188155979,0.000341611996251173,0.000222352389878164,3.1963448922212,35858.154296875,9155.2734375,21663060.6727534,-1531714.14199212,38732.1066121761,3394.90505220706,26798.2482910156,28586.2800984592,25564.6149912592
4924.89728,4968.2432,43.3459199999998,45.6908800000001,0.766394436359406,0.01598464,0.763166487216949,0.01057792,0.175835340803921,0.826612826754196,0.823131245940615,0.959675822810379,0.00036876919442476,0.000244034963382945,1.05409874793292,36621.09375,9155.2734375,17083072.6414502,-1412675.2510331,39550.823991706,2482.89346935104,26798.2482910156,29273.3422320618,29136.8565537576
5013.93408,5054.50496,40.5708800000002,38.8915200000001,0.927150428295135,0.00905216,0.927150428295135,0.00905216,0.167997483795001,1,1,0.916898291059847,0.000223119636547197,0.000223119636547197,0.958606764260473,36621.09375,9155.2734375,26489748.474093,-1741519.47442131,39703.615250126,2498.70755468954,26798.2482910156,30193.5313880009,27052.9495328719
5093.39648,5136.25088,42.8543999999993,0,0.833023965358734,0.0117248,0.615085422992706,0.01062912,0.162046599485727,0.89847767949643,0.663414915445532,0.884419497150491,0.000273596176821988,0.00024802867383513,0,37765.5029296875,9155.2734375,17127759.9002184,-1489174.91933774,40692.5326726927,1357.75074352942,30422.2106933594,32362.5734686437,32362.5734686101
