note.starts,note.ends,note.durs,INI,pk.amps,pk.times,qpk.amps,qpk.times,note.rmss,rel.pk.amps,rel.qpk.amps,rel.note.rmss,rel.pk.tm,rel.qpk.tm,rel.INI,max.Hz,min.Hz,FMa,FMb,FMc,FM.resid,note.DF,arcL,chordL
998.4,1013.61664,15.21664,123.99616,0.10353047400713,0.00228352,0.10353047400713,0.00228352,0.0293468780131231,0.0697831779755294,0.0697831779755294,0.0889601131634283,0.00015006729475101,0.00015006729475101,8.14872139973084,30899.0478515625,17547.607421875,32885227.4526829,-674607.019153205,27626.1633569067,5074.59908875003,23460.3881835938,4268.63389649988,2650.80490610747
1137.6128,1153.40288,15.79008,31.8361599999998,0.0926345735788345,0.00167936,0.0926345735788345,0.00167936,0.0238303584423515,0.0624389581592557,0.0624389581592557,0.0722377141039898,0.000106355382619974,0.000106355382619974,2.01621271076523,30517.578125,10681.15234375,62221290.3910803,-1751027.16209469,30815.2083512191,5670.2014303684,28610.2294921875,12503.2064204066,12135.4345477975
1185.23904,1202.87232,17.63328,32.1228800000001,0.0771169513463974,0.0072704,0.0584030896425247,0.00142336,0.0219194471723353,0.0519795354203178,0.0393657349483828,0.0664451087457674,0.000412311265969802,8.07200929152148e-05,1.82171893147503,28610.2294921875,11825.5615234375,71981492.8053675,-1635251.48489318,28795.5147879464,5377.32288622136,27656.5551757812,12121.0924632038,6453.45721682791
1234.9952,1252.11648,17.1212799999998,30.96576,0.110384911298752,0.00667648,0.0956627279520035,0.00093184,0.0333404102510441,0.0744033096037341,0.0644800406288064,0.101065832880817,0.000389952153110051,5.44258373205747e-05,1.80861244019141,29373.1689453125,9918.212890625,78386625.6397433,-2106429.70709519,29986.2452915737,5834.21231160269,27656.5551757812,15215.6611987544,13086.656210853
1283.08224,1301.89312,18.81088,29.2352000000001,0.106648862361908,0.0076288,0.0875495225191116,0.00172032,0.0314242611712515,0.071885081319885,0.0590114550349982,0.0952573499852892,0.000405552531301034,9.14534567229178e-05,1.55416439847578,28610.2294921875,10681.15234375,83948505.6920025,-2086158.61639246,29879.1773178998,4981.56298981006,21362.3046875,16383.6276452902,9537.36727851121
1331.12832,1349.40672,18.2783999999999,31.37536,0.120647892355919,0.00750592,0.105167657136917,0.00452608,0.0353002648500711,0.0813209195204284,0.0708866969424822,0.107006801689674,0.000410644257703083,0.000247619047619049,1.71652661064427,28991.69921875,9918.212890625,58408711.3229995,-1744270.91573867,29126.5760149275,5477.42934086094,21362.3046875,13676.6184588798,12368.1365109471
1380.78208,1398.9376,18.15552,30.70976,0.1298838108778,0.00589824,0.0934614911675453,0.00425984,0.0344805108638109,0.0875462531930583,0.0629963296753962,0.104521855681064,0.0003248730964467,0.00023463056965595,1.69148336153412,28610.2294921875,9536.7431640625,29738116.7310311,-1330580.75424652,28292.7921840123,5397.26593046367,21362.3046875,14355.0210255134,14355.0210255108
1429.64736,1450.32192,20.6745600000002,29.9724799999999,0.129211470484734,0.00821248,0.125929057598114,0.00150528,0.0378549100277121,0.0870930721392725,0.0848806104959464,0.114750777863007,0.000397226349678055,7.28083209509653e-05,1.44972758791479,30517.578125,9536.7431640625,40894769.6745682,-1505083.80361966,29377.8438194125,5604.45223686822,27656.5551757812,14059.4412953724,13636.9901040271
1480.2944,1499.17696,18.88256,32.0511999999999,0.133288726210594,0.00566272,0.0947842970490456,0.00406528,0.0365029627353049,0.0898412857903554,0.0638879473284696,0.110652577568252,0.000299891540130152,0.00021529284164859,1.69739696312364,28228.759765625,10681.15234375,109999634.194842,-2576671.97870559,30359.380385455,4731.17436648769,21362.3046875,20744.7806936681,9433.67572957109
1531.22816,1551.42144,20.1932800000002,30.5254399999999,0.157300069928169,0.00607232,0.136442616581917,0.00155648,0.0451895555722966,0.106025775315244,0.0919671187415516,0.136984519297722,0.00030070993914807,7.70791075050703e-05,1.51166328600404,28991.69921875,9155.2734375,58037919.3195154,-1741552.42608062,28490.0852278167,4891.40762674191,21171.5698242188,14627.8927101485,11501.6171531484
1581.94688,1602.6624,20.71552,31.4265600000001,0.169824317097664,0.00786432,0.137193813920021,0.00111616,0.0464545734131064,0.114467558062015,0.0924734521476564,0.140819207615227,0.000379634206623827,5.38803756796837e-05,1.51705388037569,29754.638671875,9536.7431640625,74131488.3739557,-2218891.93107163,29990.7198139265,3905.56436138829,21171.5698242188,19054.5233234486,14153.2493095686
1634.08896,1654.96832,20.8793599999999,30.1465600000001,0.188665732741356,0.00217088,0.188665732741356,0.00217088,0.0511079893126339,0.127167334372168,0.127167334372168,0.154925253404267,0.000103972535556646,0.000103972535556646,1.44384502206966,30136.1083984375,9536.7431640625,85249267.9622889,-2363004.80583323,30880.8158425724,3984.03989086844,27656.5551757812,20575.9879025315,12173.8079435591
1685.11488,1706.77248,21.6576,31.82592,0.18368062376976,0.00234496,0.18368062376976,0.00234496,0.0543811902759114,0.123807195727692,0.123807195727692,0.164847410301828,0.000108274231678487,0.000108274231678487,1.46950354609929,30517.578125,9155.2734375,66624838.887464,-2211846.06234263,31498.2190835833,3694.43345591103,27656.5551757812,20062.2796226522,16652.7874841447
1738.5984,1760.17408,21.5756799999999,30.96576,0.1907559633255,0.00229376,0.1907559633255,0.00229376,0.0546908629581075,0.128576223245344,0.128576223245344,0.165786130830788,0.000106312292358804,0.000106312292358804,1.43521594684386,30517.578125,9155.2734375,58661938.9688419,-2012038.80525964,30921.0935736342,3819.07069770543,27656.5551757812,18401.9469939199,16103.3881092118
1791.13984,1814.2208,23.08096,30.4230399999999,0.196854993700981,0.00221184,0.196854993700981,0.00221184,0.0539214656508963,0.132687184063904,0.132687184063904,0.16345383260518,9.5829636202307e-05,9.5829636202307e-05,1.31810115350488,30517.578125,9155.2734375,78340040.5663002,-2335176.92283072,31595.0627912555,3687.61589994828,27656.5551757812,22639.7553699879,12163.9793622647
1844.64384,1866.32192,21.6780800000001,31.95904,0.231982782483101,0.00216064,0.231982782483101,0.00216064,0.0655908055743492,0.156364548240762,0.156364548240762,0.198827469271699,9.96693434104859e-05,9.96693434104859e-05,1.47425602267358,30517.578125,9155.2734375,62271023.1046203,-2119113.26922068,31026.9917743002,3355.0393121509,27656.5551757812,19382.5126573863,16674.7151569952
1898.28096,1920.28672,22.00576,31.61088,0.241809144616127,0.0022016,0.241809144616127,0.0022016,0.0636740169819846,0.162987861657966,0.162987861657966,0.193017047801624,0.000100046533271289,0.000100046533271289,1.43648208469055,30517.578125,9155.2734375,64419287.4711551,-2179145.55108384,31399.0133342605,3341.65245940136,27656.5551757812,20099.0692642519,16758.4903047001
1951.8976,1974.89664,22.9990399999999,30.60736,0.236181065440178,0.0020992,0.236181065440178,0.0020992,0.0628306077889653,0.159194338499088,0.159194338499088,0.190460395021709,9.12733748886913e-05,9.12733748886913e-05,1.33081032947462,30136.1083984375,9155.2734375,50469890.8511228,-1878458.53079491,29707.7915124726,3387.76444999402,21171.5698242188,18451.1424581168,16506.3993317323
2005.504,2027.73504,22.2310400000001,32.2662399999999,0.242645710706711,0.00211968,0.242645710706711,0.00211968,0.0678273327940165,0.163551736603458,0.163551736603458,0.205607124486326,9.53477660064481e-05,9.53477660064481e-05,1.4514048825426,30136.1083984375,9155.2734375,49180932.231202,-1990826.6481285,30426.6395214541,976.112589839464,27656.5551757812,20341.992003786,19951.9888414155
2060.00128,2083.49184,23.4905600000002,31.8873599999997,0.262614399194717,0.00221184,0.262614399194717,0.00221184,0.0681153175777621,0.177011334427771,0.177011334427771,0.206480101807453,9.41586748038353e-05,9.41586748038353e-05,1.35745422842195,30136.1083984375,9155.2734375,71608812.2178247,-2274994.46640381,31414.366604989,3335.65251052204,27656.5551757812,22211.3197730738,13926.6924819384
2115.3792,2139.24864,23.8694399999999,31.7747200000003,0.292767494916916,0.00137216,0.292767494916916,0.00137216,0.0736104304517918,0.19733558065068,0.19733558065068,0.223137610074633,5.74860574860576e-05,5.74860574860576e-05,1.33118833118835,30136.1083984375,9155.2734375,30951374.6066072,-1464978.61369203,29288.2704197016,4652.62833322361,21171.5698242188,17336.2641508215,17333.6683034531
2171.02336,2195.28192,24.2585599999998,31.4163200000003,0.307519614696503,0.00228352,0.307519614696503,0.00228352,0.0768338419502926,0.207279027833432,0.207279027833432,0.232908838603633,9.41325453777975e-05,9.41325453777975e-05,1.29506120726047,30136.1083984375,9155.2734375,25582759.6563337,-1353634.90141837,29560.7487958177,4540.69382284826,27656.5551757812,17782.3490607333,17782.3490607255
2226.69824,2250.5984,23.9001599999997,32.4300800000001,0.297089844942093,0.0014848,0.297089844942093,0.0014848,0.0769705985995175,0.200248996473143,0.200248996473143,0.23332339333022,6.21251071122545e-05,6.21251071122545e-05,1.35689802913455,30517.578125,9155.2734375,46418878.0456573,-1897811.74136178,30601.3293732378,2485.36051050158,21171.5698242188,19952.8072116725,18842.7219272129
2283.02848,2304.94208,21.9135999999999,37.4681600000004,0.297965407371521,0.00229376,0.297965407371521,0.00229376,0.0766438525569814,0.20083915632151,0.20083915632151,0.232332917787754,0.000104672897196262,0.000104672897196262,1.70981308411218,30517.578125,9155.2734375,32252609.0229082,-1643660.60035578,30355.3845983295,3597.57011818123,27656.5551757812,20530.6289189093,20530.6289189057
2342.41024,2366.91456,24.50432,34.5190399999997,0.289564430713654,0.00256,0.289564430713654,0.00256,0.0740135428714091,0.195176602808582,0.195176602808582,0.22435957741476,0.000104471374843293,0.000104471374843293,1.40869201838695,30517.578125,9155.2734375,53718884.9597488,-1934222.6370209,30722.9407747885,3905.23712198305,26893.6157226562,19681.4997299408,15140.6775356431
2401.4336,2425.14944,23.7158400000003,35.7375999999999,0.285911679267883,0.0024064,0.285911679267883,0.0024064,0.0730557789058261,0.192714519961139,0.192714519961139,0.221456277420668,0.000101468048359239,0.000101468048359239,1.50690846286699,30517.578125,9155.2734375,62033691.0412699,-2208003.73886128,31563.8950892857,3128.08659657514,21171.5698242188,21821.0679281394,17474.3680169076
2460.88704,2485.48352,24.5964800000002,35.2255999999998,0.321154415607452,0.00288768,0.321154415607452,0.00288768,0.0820729409610917,0.216469362831456,0.216469362831456,0.24879028400531,0.000117402164862614,0.000117402164862614,1.43213988343046,31661.9873046875,9155.2734375,70774058.0639713,-2262058.00041132,32341.7491482613,3474.85469277257,27656.5551757812,23328.3076255722,12821.2914455405
2520.70912,2546.10432,25.3951999999999,32.8089600000003,0.371773570775986,0.00244736,0.371773570775986,0.00244736,0.0897662569886963,0.250588452384291,0.250588452384291,0.272111274541737,9.63709677419357e-05,9.63709677419357e-05,1.29193548387098,30517.578125,9155.2734375,39625526.7276214,-1703038.25764327,30403.3849146459,3699.50451595494,21171.5698242188,18903.0111302113,17693.8537123935
2578.91328,2602.55744,23.6441599999998,33.1980800000001,0.370499819517136,0.00270336,0.370499819517136,0.00270336,0.092355107383285,0.249729899270869,0.249729899270869,0.279958938063656,0.000114335210047641,0.000114335210047641,1.40407102641838,30899.0478515625,9155.2734375,28414376.6880328,-1560854.34589838,30722.367136102,3253.42704768188,27656.5551757812,21020.1376770537,21020.1376770497
2635.75552,2661.39648,25.6409599999997,33.1366400000002,0.34821954369545,0.00226304,0.34821954369545,0.00226304,0.0871180394560421,0.23471221034479,0.23471221034479,0.264083649549364,8.8258785942493e-05,8.8258785942493e-05,1.29233226837063,33569.3359375,9155.2734375,48618105.5668614,-2003794.4167411,32679.0747704444,3245.08486768597,27656.5551757812,21878.3700045202,19414.8096986291
2694.53312,2721.42336,26.8902399999997,32.9625600000004,0.386804223060608,0.00331776,0.386804223060608,0.00331776,0.0929146369420127,0.260719640264237,0.260719640264237,0.281655057590934,0.000123381568926125,0.000123381568926125,1.22581873571975,33569.3359375,9155.2734375,29490247.538113,-1621993.86202186,31847.0141229355,3119.88435462766,27656.5551757812,22291.8483732021,22291.8483731861
2754.38592,2782.24896,27.8630399999997,33.6793600000001,0.434762060642242,0.00428032,0.434762060642242,0.00428032,0.10277456785622,0.293044908233649,0.293044908233649,0.311543775890686,0.000153619992649763,0.000153619992649763,1.2087467842705,33569.3359375,9155.2734375,39164982.1928045,-1869296.63165748,34274.6025959965,3579.52660497505,21171.5698242188,22931.0280901865,21678.5921360546
2815.92832,2841.99936,26.0710399999998,33.9968000000003,0.433923870325089,0.00202752,0.433923870325089,0.00202752,0.100283714321918,0.292479938502367,0.292479938502367,0.303993173329627,7.77690494893957e-05,7.77690494893957e-05,1.30400628436766,33569.3359375,9155.2734375,62922756.2942601,-2348872.74552971,33387.7662559608,1793.96801166026,21171.5698242188,25372.0681282575,18469.0128020257
2875.99616,2903.38816,27.3919999999998,34.1196800000002,0.477279245853424,0.00367616,0.477279245853424,0.00367616,0.110795285677133,0.321702985298051,0.321702985298051,0.335857229767496,0.000134205607476636,0.000134205607476636,1.24560747663553,33569.3359375,9155.2734375,43268640.2119953,-1984698.04622853,33747.4700221229,1031.56954033822,27656.5551757812,23618.8189611911,21899.4507594276
2937.50784,2964.2752,26.7673599999998,34.1913599999998,0.468701124191284,0.00262144,0.468701124191284,0.00262144,0.113174465735438,0.315921029826625,0.315921029826625,0.343069313012886,9.79342004590672e-05,9.79342004590672e-05,1.27735271614384,33569.3359375,9155.2734375,38385493.383129,-1836278.80349578,32984.9613648495,2250.24409675995,27656.5551757812,22272.3547718577,21649.4537055368
2998.46656,3025.43872,26.9721600000003,35.5328,0.542641818523407,0.00344064,0.542641818523407,0.00344064,0.128332041550801,0.36575965639234,0.36575965639234,0.389016948710794,0.000127562642369019,0.000127562642369019,1.31738800303719,33950.8056640625,9155.2734375,44347551.7072921,-1994460.44434929,33240.6387027544,939.014030905271,26893.6157226562,23316.6615777679,21532.1769871338
3060.97152,3088.6912,27.7196800000002,34.8774399999998,0.577928066253662,0.00267264,0.577928066253662,0.00267264,0.127151107052596,0.389543827469152,0.389543827469152,0.385437144870947,9.64166974510523e-05,9.64166974510523e-05,1.25821943110453,33950.8056640625,9155.2734375,45371197.8584109,-1970280.84292604,33210.1060467746,2868.12774521131,26893.6157226562,23027.3159359452,19753.203552274
3123.56864,3153.7152,30.1465600000001,34.29376,0.622634291648865,0.00525312,0.622634291648865,0.00525312,0.142354372079887,0.41967739454963,0.41967739454963,0.43152327971216,0.000174252717391304,0.000174252717391304,1.1375679347826,34713.7451171875,9155.2734375,40965845.6273971,-2032171.20088499,36675.3798264724,2082.57406856287,21171.5698242188,26371.8450353872,24032.5927734563
3188.00896,3216.91648,28.9075199999997,32.8191999999999,0.608266592025757,0.00401408,0.608266592025757,0.00401408,0.140831192005358,0.40999306006248,0.40999306006248,0.426906016106204,0.000138859369465109,0.000138859369465109,1.13531703861141,33950.8056640625,9155.2734375,43625307.8959146,-2020941.39252542,34816.5760869565,2080.23359827453,26893.6157226562,24844.9476002769,21965.1458466713
3249.73568,3280.45568,30.7200000000003,34.9184,0.617700695991516,0.00596992,0.617700695991516,0.00596992,0.139253145745032,0.41635197768935,0.41635197768935,0.42212243490779,0.000194333333333332,0.000194333333333332,1.13666666666666,34713.7451171875,9155.2734375,32817233.947722,-1888508.53495882,36873.1572077825,1130.82094900015,26702.880859375,27293.5325112859,27044.7546803825
3315.37408,3345.69472,30.3206399999999,33.6793600000001,0.632204473018646,0.00567296,0.632204473018646,0.00567296,0.150830379314607,0.426128033129142,0.426128033129142,0.457216866690561,0.0001870989530564,0.0001870989530564,1.11077338736914,33950.8056640625,9155.2734375,35161563.1985648,-1869719.35332297,35149.0607628456,928.649383560962,26702.880859375,25345.6436357109,24365.61335636
3379.37408,3410.944,31.5699199999999,35.8502400000002,0.612386226654053,0.00516096,0.612386226654053,0.00516096,0.161141374552678,0.412769838583176,0.412769838583176,0.488472910444045,0.000163477132662991,0.000163477132662991,1.13558222510543,33950.8056640625,9155.2734375,33673877.0976981,-1831211.71450801,36018.306373531,2221.56411671714,21171.5698242188,25541.5576405986,24249.8060731843
3446.79424,3476.39808,29.6038399999998,33.11616,0.599554181098938,0.00385024,0.599554181098938,0.00385024,0.155344566853809,0.404120588907172,0.404120588907172,0.470900865177514,0.000130058803182291,0.000130058803182291,1.11864406779662,33187.8662109375,9155.2734375,34378673.4446322,-1802333.99294851,33920.9515115489,976.430427488943,26702.880859375,24017.5446000664,23226.9728865678
3509.51424,3540.79744,31.2831999999999,32.1945600000004,0.62678462266922,0.00714752,0.62678462266922,0.00714752,0.154239967531577,0.422474863517374,0.422474863517374,0.46755245855443,0.000228477905073651,0.000228477905073651,1.02913256955812,33950.8056640625,9155.2734375,28005367.3572594,-1698779.25724602,35582.1756216196,1201.39817376151,24986.2670898438,25787.0713743752,25736.1176945717
3572.992,3606.60992,33.6179199999997,32.1945599999999,0.645719051361084,0.0068608,0.645719051361084,0.0068608,0.161324776231759,0.435237333890864,0.435237333890864,0.489028861714846,0.000204081632653063,0.000204081632653063,0.957660676210789,33950.8056640625,9155.2734375,30087179.5257086,-1768167.8612654,36178.8403856885,1109.46100164913,24986.2670898438,26517.3214172313,25438.6621438046
3638.80448,3672.40192,33.59744,33.7817600000003,0.646086037158966,0.00663552,0.646086037158966,0.00663552,0.165548345487181,0.435484695216055,0.435484695216055,0.501831899869294,0.000197500761962816,0.000197500761962816,1.00548613227675,33950.8056640625,9155.2734375,25417193.787206,-1614047.26556042,35050.5004435669,992.45235984977,24890.8996582031,25710.5260771101,25537.2334679557
3706.18368,3738.07104,31.8873599999997,34.5804800000001,0.664525210857391,0.00622592,0.664525210857391,0.00622592,0.177816871928006,0.447913346318631,0.447913346318631,0.539021869447531,0.000195247270391781,0.000195247270391781,1.08445728965961,33569.3359375,9155.2734375,25905203.9079204,-1552129.6658195,34061.529697516,2137.65747805789,24890.8996582031,23345.6958567283,23152.809518483
3772.65152,3805.60384,32.9523200000003,32.8191999999999,0.650342702865601,0.01081344,0.634191513061523,0.00684032,0.172365822321484,0.438353837499398,0.427467367950956,0.52249793154726,0.000328154133001861,0.000207582349285268,0.995960223741442,33950.8056640625,9155.2734375,25661198.8475632,-1622540.32475353,35291.3061195532,1085.79488095073,24890.8996582031,25693.9512595573,25602.1168249188
3838.42304,3873.13664,34.7136,35.1539199999997,0.76259046792984,0.00775168,0.76259046792984,0.00775168,0.18026066997802,0.514012776009559,0.514012776009559,0.546429831240965,0.000223303834808259,0.000223303834808259,1.0126843657817,33950.8056640625,9155.2734375,23805918.9920887,-1548287.99941114,35511.3446549372,2105.30535113945,24890.8996582031,25289.0288159407,25059.7079154742
3908.29056,3942.28736,33.9967999999999,34.2732800000003,0.766242384910583,0.00748544,0.766242384910583,0.00748544,0.188160654920646,0.516474296398247,0.516474296398247,0.570377303751367,0.000220180722891567,0.000220180722891567,1.0081325301205,33950.8056640625,9155.2734375,28087693.6144484,-1662649.59634879,35268.0173694578,1930.12696742869,24890.8996582031,25148.7270982369,24061.5035733846
3976.56064,4010.11712,33.5564799999997,34.36544,0.752830982208252,0.00672768,0.752830982208252,0.00672768,0.200533333041917,0.507434539643981,0.507434539643981,0.607882991590148,0.000200488251449498,0.000200488251449498,1.0241074153189,33950.8056640625,9155.2734375,27464125.126869,-1662017.05888587,35265.2227194464,751.626491116356,24890.8996582031,25443.4618156038,24845.8115185209
4044.48256,4080.128,35.6454400000002,32.7372799999998,0.77989274263382,0.00815104,0.77989274263382,0.00815104,0.190292633616525,0.525675117234483,0.525675117234483,0.576840037741765,0.00022866992243608,0.00022866992243608,0.918414248779076,33950.8056640625,9918.212890625,24021877.4937842,-1593885.34837015,36435.9963703625,1010.64978457436,24890.8996582031,26585.6537656236,26292.6096386221
4112.86528,4148.64384,35.7785599999997,35.9321600000003,0.766684949398041,0.01193984,0.761141419410706,0.00822272,0.202033596552987,0.516772600416364,0.513036066382025,0.612430787497436,0.000333714939896969,0.000229822552947912,1.00429307384089,33950.8056640625,9155.2734375,25536391.6615184,-1621995.40144908,36371.1653084591,1991.97049268313,26607.5134277344,26168.7987505655,25343.3880600068
4184.576,4219.12576,34.5497599999999,33.3414400000001,0.798781454563141,0.01063936,0.757393956184387,0.006912,0.208148961714805,0.538406772903341,0.510510144465924,0.630968486007911,0.000307943094250149,0.000200059276822763,0.965026674570251,33950.8056640625,9536.7431640625,27793204.7485,-1642059.65642354,35097.9291877266,1975.87191837776,26607.5134277344,24951.1286437978,23556.4099647515
4252.4672,4288.4608,35.9935999999998,34.3756800000001,0.883384048938751,0.00995328,0.7669797539711,0.00758784,0.21002640205585,0.595431894802214,0.516971309059274,0.636659629887757,0.000276529160739689,0.000210810810810812,0.955049786628743,33950.8056640625,9155.2734375,25146077.0534758,-1594243.7699275,35923.4551490821,1966.29387408543,23555.7556152344,25732.1352164531,24804.842978307
4322.83648,4358.144,35.3075200000003,36.9151999999995,0.88826197385788,0.0101376,0.838646829128265,0.00831488,0.223356050301476,0.59871978762843,0.565277436396561,0.677066211324778,0.000287122969837585,0.000235498839907191,1.04553364269139,33950.8056640625,9155.2734375,25322302.9304003,-1598542.99055642,35967.1456473214,1976.74227864408,26607.5134277344,25583.0375865737,24873.2748049333
4395.0592,4433.408,38.3488000000007,33.5564799999993,0.917426884174347,0.00690176,0.917426884174347,0.00690176,0.222165964967526,0.6183779621589,0.6183779621589,0.673458668269091,0.000179973297730304,0.000179973297730304,0.875033377837082,33950.8056640625,9155.2734375,19662220.8953557,-1400417.77168233,35445.9208826865,1816.41424161718,26607.5134277344,25083.04478868,24788.4800544489
4466.96448,4504.63744,37.6729600000008,36.5567999999994,0.979163467884064,0.00812032,0.979163467884064,0.00812032,0.234319259040366,0.659990589261521,0.659990589261521,0.710299330350584,0.000215547703180208,0.000215547703180208,0.970372383799909,33950.8056640625,9155.2734375,22060578.6308094,-1470269.37994885,35563.9261451526,2213.38534709372,26607.5134277344,24914.5702371483,24079.8810687177
4541.19424,4578.8672,37.6729599999999,37.62176,0.990632772445679,0.01079296,0.886224031448364,0.00826368,0.229390509814201,0.667721303615477,0.59734614282258,0.695358657999758,0.000286490894264747,0.000219353085077467,0.998640935036698,33569.3359375,9536.7431640625,24075708.7918607,-1524440.1093146,35689.6965867022,2453.44157271412,26607.5134277344,25002.0369420123,23260.6754489136
4616.48896,4655.64672,39.1577600000001,36.9356800000005,1.01055335998535,0.01118208,0.991100788116455,0.0073728,0.227412436736557,0.681148479710144,0.668036762625612,0.68936246294439,0.000285564853556485,0.000188284518828452,0.943253138075325,33187.8662109375,9536.7431640625,21173936.0617719,-1453800.32690481,35605.4306030273,1924.62092633369,26607.5134277344,25447.9727214747,24460.9293454662
4692.5824,4733.15328,40.5708800000002,36.7718399999994,1.04703569412231,0.00687104,1.04703569412231,0.00687104,0.236670588222385,0.705738855060566,0.705738855060566,0.717426988359842,0.000169358909641594,0.000169358909641594,0.90636042402825,33569.3359375,9918.212890625,19780303.2815396,-1398714.00797739,35581.1412732972,1822.8414275615,26607.5134277344,25264.5027646674,24188.7520790971
4769.92512,4810.72128,40.7961599999999,35.7171200000003,1.16974771022797,0.00779264,1.16974771022797,0.00779264,0.238620392228117,0.788451066530273,0.788451066530273,0.723337490489533,0.0001910140562249,0.0001910140562249,0.875502008032137,33569.3359375,9536.7431640625,18146219.0069404,-1354179.09075294,35794.0235239937,1782.07955240714,26607.5134277344,25484.3899727708,25044.070588603
4846.4384,4887.77728,41.3388800000002,38.7379199999996,1.07775330543518,0.01378304,1.06261444091797,0.00772096,0.251362404193142,0.726443604631028,0.716239477903286,0.761962751610377,0.00033341590289819,0.000186772355709684,0.937081991577889,33950.8056640625,9536.7431640625,16381870.2723605,-1284943.27707476,35707.8358451313,1683.17695583638,26607.5134277344,25270.4004188561,25123.088689448
4926.5152,4967.5776,41.0623999999998,36.8742400000001,1.18112707138062,0.00738304,1.18112707138062,0.00738304,0.253680026339065,0.796121155865597,0.796121155865597,0.76898823242231,0.000179800498753118,0.000179800498753118,0.898004987531179,33950.8056640625,9536.7431640625,20607210.1862457,-1434117.97991066,36232.6117122874,2177.11604247712,26607.5134277344,25760.2252698567,24142.0826026278
5004.45184,5046.79424,42.3424000000005,38.6150399999997,1.17163288593292,0.00667648,1.17163288593292,0.00667648,0.252575715441344,0.789721741208388,0.789721741208388,0.765640700109505,0.000157678355501812,0.000157678355501812,0.911970979443755,33950.8056640625,9536.7431640625,19500858.5374058,-1368777.53524523,35159.035982113,2257.83899450695,26607.5134277344,25043.0312143211,22994.6493185403
5085.40928,5127.94624,42.5369600000004,38.9836799999994,1.15326201915741,0.00807936,1.15326201915741,0.00807936,0.25731912380978,0.777339131372447,0.777339131372447,0.780019542896386,0.000189937409725564,0.000189937409725564,0.916466056812688,33569.3359375,9155.2734375,16102118.912623,-1258712.9648596,35822.8923893776,2220.21982434601,22602.0812988281,24790.4376151588,24406.7623388859
5166.92992,5208.51456,41.58464,39.0451200000007,1.08739268779755,0.00771072,1.08739268779755,0.00771072,0.255063130777545,0.732940887111555,0.732940887111555,0.773180880352663,0.000185422309775917,0.000185422309775917,0.938931297709939,33187.8662109375,9536.7431640625,20136796.9890342,-1401508.27251658,35916.6114725531,2191.10378198275,26607.5134277344,25313.0682098763,23459.010681437
5247.55968,5291.40736,43.8476799999999,39.7004799999995,1.22023785114288,0.0077824,1.22023785114288,0.0077824,0.261128232404902,0.822483195942069,0.822483195942069,0.791566213432253,0.000177487155534797,0.000177487155534797,0.905418028958423,33569.3359375,9155.2734375,14992746.3138917,-1253603.30757084,35750.979468936,909.836175845245,25749.2065429688,26267.1308365433,26142.2571316404
5331.10784,5374.19776,43.0899200000003,40.4787200000001,1.21197259426117,0.01358848,1.21039402484894,0.00780288,0.262589703640181,0.81691212232803,0.815848111066641,0.795996417095396,0.000315351711026613,0.000181083650190113,0.939401140684405,33569.3359375,9155.2734375,16579884.9878717,-1294607.28864504,35794.0417377889,1832.81220210284,25749.2065429688,25543.4474178754,24999.9688579725
5414.67648,5459.90656,45.2300800000003,43.4278399999994,1.13088798522949,0.01027072,1.13088798522949,0.01027072,0.265029385401421,0.762258246187715,0.762258246187715,0.803391901053369,0.000227077201720624,0.000227077201720624,0.960153950645215,33950.8056640625,9155.2734375,14920491.5394156,-1265017.21288254,37140.2264255048,1992.94541615484,22602.0812988281,26933.4586092357,26693.0829271989
5503.3344,5549.3632,46.0288,40.5811199999998,1.25060975551605,0.00831488,1.25060975551605,0.00831488,0.262593111174621,0.842954926885585,0.842954926885585,0.79600674646158,0.000180645161290322,0.000180645161290322,0.88164627363737,33569.3359375,9536.7431640625,15776941.9820393,-1248425.907048,35540.4889544021,2279.63961715667,25749.2065429688,25356.1125618654,24037.7214848775
5589.94432,5634.54976,44.6054400000003,42.4140800000005,1.18088936805725,0.00745472,1.18088936805725,0.00745472,0.275943057153407,0.795960935471759,0.795960935471759,0.836474857054722,0.000167125803489439,0.000167125803489439,0.950872359963274,33187.8662109375,9536.7431640625,16418882.6854592,-1273176.95755604,35203.8134325732,1805.50737448012,25749.2065429688,25240.4084139118,24122.8659912026
5676.96384,5724.91776,47.9539199999999,40.7859199999994,1.34249722957611,0.00728064,1.34249722957611,0.00728064,0.272593318904401,0.904890313712977,0.904890313712977,0.826320690278745,0.000151825752722614,0.000151825752722614,0.850523168908807,33187.8662109375,9155.2734375,16912593.5149418,-1275372.22365846,35137.8740034553,2245.01232970317,22602.0812988281,25820.4346395568,22267.2621152131
5765.70368,5815.28576,49.5820800000001,43.6224000000002,1.17781412601471,0.00842752,1.17781412601471,0.00842752,0.273343037423342,0.793888114258193,0.793888114258193,0.828593335575321,0.000169971086327963,0.000169971086327963,0.879801734820324,33950.8056640625,9155.2734375,15109310.5030916,-1242983.39040726,35883.250989412,1626.29124629898,25796.8902587891,26642.4363292301,24485.2349999561
5858.90816,5909.28896,50.3807999999999,43.5097599999999,1.22621941566467,0.014592,1.18226528167725,0.00825344,0.276045601194312,0.826514980646999,0.796888349607006,0.836785702027023,0.000289634146341464,0.000163821138211382,0.863617886178862,33569.3359375,9155.2734375,13596786.8547885,-1147123.19885921,35124.7733797857,2099.20781909218,25749.2065429688,25108.5333325966,23281.2800251688
5952.79872,6003.64032,50.8416000000007,44.1651199999997,1.38404393196106,0.01485824,1.0975786447525,0.0091136,0.279090449900602,0.932894251245665,0.739806580076409,0.846015647554991,0.000292245720040278,0.000179254783484388,0.868680765357485,33950.8056640625,9155.2734375,14654420.0714235,-1209875.52007852,36319.8543355344,2120.51681131959,25796.8902587891,26311.6937457715,23632.2614825096
6047.80544,6101.97504,54.1696000000002,43.9091199999993,1.36076235771179,0.01323008,1.36076235771179,0.01323008,0.287985132021328,0.917201651989573,0.917201651989573,0.872978376866732,0.000244234404536861,0.000244234404536861,0.81058601134214,33187.8662109375,9155.2734375,12679553.1657463,-1089639.11750154,34262.2835878806,2117.78314023891,22602.0812988281,25000.8788199047,21819.1245520401
6145.88416,6198.30272,52.4185600000001,43.38688,1.38810086250305,0.01406976,1.20190989971161,0.00754688,0.284576175171741,0.935628765008509,0.810129512556369,0.862644698886644,0.000268411799179527,0.000143973432310998,0.827700722797421,33950.8056640625,9155.2734375,12800231.4277558,-1130373.41507725,35006.9955260602,1611.89457450573,25749.2065429688,25829.6977757871,24081.2812497247
6241.6896,6296.64768,54.9580800000003,45.6601600000004,1.25409555435181,0.01558528,1.15342724323273,0.00956416,0.281925221671831,0.845304477806462,0.777450498205877,0.854608780270788,0.000283584870504936,0.000174026457983975,0.830817961617292,33950.8056640625,9155.2734375,10506762.5265077,-1045109.24497591,35409.9763336228,761.031282092792,25749.2065429688,26275.9203099891,25702.6711714698
6342.30784,6396.38528,54.07744,46.2438399999992,1.43013775348663,0.01516544,1.1464706659317,0.00914432,0.288145192838136,0.963963106883957,0.772761520621707,0.873463574248542,0.000280439310736603,0.000169096761976898,0.855141071766695,33950.8056640625,9155.2734375,12220746.1464134,-1098400.21710018,35625.9428097452,2219.11604024531,25749.2065429688,25701.4455317382,23660.6943312843
6442.62912,6498.44736,55.8182400000005,46.8070399999997,1.36875534057617,0.01415168,1.2435587644577,0.00722944,0.292086491244695,0.92258920334708,0.838202311110883,0.885410955912158,0.00025353146211704,0.000129517519721151,0.838561731792318,33950.8056640625,9155.2734375,10510306.4904122,-1014317.29759174,34119.899714808,713.860631197136,23508.0718994141,25073.6507768702,23870.6975439044
6545.2544,6601.09312,55.8387200000006,46.9811199999995,1.38231015205383,0.01512448,1.13964462280273,0.00883712,0.294829558152445,0.931725622655903,0.768160527657021,0.89372610079466,0.00027086007702182,0.000158261507427103,0.841371721987877,33950.8056640625,9536.7431640625,11114143.417223,-1030286.23197579,35148.7120076584,2736.40014281496,17642.9748535156,24877.62674583,22876.3803518109
6648.07424,6706.688,58.6137600000002,48.6297599999998,1.48360216617584,0.01506304,1.1063928604126,0.00896,0.287416215116704,1,0.74574767119979,0.871253801182965,0.000256988120195667,0.000152865129280223,0.829664570230602,33187.8662109375,9155.2734375,10272721.7023703,-1012207.47976247,35064.3490848077,1672.5922464165,16546.2493896484,25831.5856915839,24036.6023963364
6755.31776,6812.96896,57.6512000000002,48.7424000000001,1.32686650753021,0.01598464,1.05510592460632,0.00643072,0.294380976652851,0.894354657724965,0.711178474028507,0.892366301604127,0.000277264653641207,0.000111545293072824,0.845470692717582,34332.275390625,9155.2734375,11089643.8406655,-1045767.14345319,35659.1768729671,2069.9847043226,22602.0812988281,25877.2892376655,23431.51554019
6861.71136,6922.02496,60.3135999999995,48.2713600000006,1.17340576648712,0.0116736,1.17340576648712,0.0116736,0.295157411590241,0.790916725008371,0.790916725008371,0.894719933219164,0.000193548387096776,0.000193548387096776,0.800339558573871,33187.8662109375,9155.2734375,8970472.36728065,-941136.397161233,34996.4103748422,1617.0556373886,17595.2911376953,25238.4670949877,24131.1646648172
6970.29632,7030.15936,59.8630399999993,51.2000000000007,1.35468018054962,0.01451008,1.35468018054962,0.01451008,0.30418440571219,0.913102050829076,0.913102050829076,0.922083744056388,0.000242387957577834,0.000242387957577834,0.85528566541227,33569.3359375,9536.7431640625,10823919.7762123,-1009815.43729211,34487.677546809,2110.37815146705,17547.607421875,25443.055949356,21662.2009717224
7081.35936,7142.59456,61.2351999999992,50.7801600000003,1.39268028736115,0.01562624,1.17791545391083,0.0116736,0.292710693356909,0.938715458303044,0.793956412821263,0.887303119382307,0.000255183946488298,0.000190635451505019,0.829264214046838,33569.3359375,9155.2734375,9386525.66333702,-938221.56356851,34788.4903252254,2717.57255237634,20742.4163818359,24634.4798076169,22255.0631206551
7193.37472,7256.49408,63.1193600000006,53.8316799999993,1.25937271118164,0.0185856,1.18925273418427,0.006656,0.317525533183299,0.848861466971176,0.8015981381651,0.9625251228302,0.000294451654769627,0.000105451005840362,0.852855288773505,33950.8056640625,9155.2734375,8619959.74331262,-914285.746376991,35128.1870169943,2036.33518814332,22554.3975830078,25120.6340548695,23366.749462625
7310.32576,7376.16896,65.8432000000003,52.7667199999996,1.26429438591003,0.01206272,1.26429438591003,0.01206272,0.303699829896879,0.852178848706389,0.852178848706389,0.920614834165971,0.000183203732503887,0.000183203732503887,0.801399688958001,33950.8056640625,9155.2734375,8289865.91216652,-917894.408606282,35503.6183587414,1665.0740468964,23460.3881835938,26319.0478384238,24497.825723507
7428.93568,7497.0624,68.1267200000002,50.9644800000005,1.45425665378571,0.01668096,1.45425665378571,0.01668096,0.301083469871692,0.980220093324764,0.980220093324764,0.912683779836688,0.000244851946490304,0.000244851946490304,0.748083571321214,33950.8056640625,9155.2734375,7652773.82787998,-861738.089798266,34971.3186932425,2438.03990477357,22554.3975830078,25328.9138328557,23188.9531971528
7548.02688,7615.13984,67.1129599999995,54.0569599999999,1.41554892063141,0.01846272,1.16175699234009,0.01191936,0.315175866104526,0.954129720826811,0.78306504184653,0.955402503206724,0.000275099176075681,0.00017760146475435,0.805462313091247,33569.3359375,9155.2734375,8044027.47164545,-881146.027052525,34892.1303517625,2085.08720073251,22554.3975830078,25355.7347067984,22904.816558147
7669.1968,7739.5968,70.4000000000005,53.8726399999996,1.28678345680237,0.01949696,1.1475750207901,0.0165888,0.315278984459593,0.867337272848019,0.773505894607925,0.955715089115586,0.000276945454545452,0.000235636363636362,0.765236363636352,33569.3359375,9155.2734375,7080715.74162553,-814561.296720052,34491.4412945724,2534.17403375097,22602.0812988281,24601.3729223377,22251.9551591881
7793.46944,7863.58272,70.1132800000005,53.0739199999998,1.38257908821106,0.02064384,1.25329279899597,0.00765952,0.303233890884539,0.931906895077417,0.844763392484442,0.919202418601818,0.000294435519205489,0.000109244924784576,0.756973857163713,33569.3359375,9155.2734375,6723392.72227744,-818271.238595172,35073.3615275241,1538.27703745601,21123.8861083984,25473.5544901004,24320.3422216654
7916.65664,7988.70528,72.04864,57.0163199999997,1.4559633731842,0.02163712,1.23407983779907,0.01383424,0.319820568821372,0.981370482180624,0.831813181413759,0.969482136451403,0.00030031267765776,0.00019201250710631,0.791358726549172,33569.3359375,9536.7431640625,6895829.76915952,-822248.197117383,35343.7046929736,1950.06666144718,20933.1512451172,25576.2427999154,23445.567012015
8045.7216,8120.3712,74.6495999999997,0,1.43657660484314,0.02444288,1.08508837223053,0.01631232,0.329888047233146,0.968303118986462,0.73138769743608,1,0.000327434842249658,0.000218518518518519,0,33950.8056640625,9155.2734375,6028560.702697,-777056.51206388,36032.6313144473,2448.22392819199,21076.2023925781,25667.2647706364,24412.4248132934
