note.starts,note.ends,note.durs,INI,pk.amps,pk.times,qpk.amps,qpk.times,note.rmss,rel.pk.amps,rel.qpk.amps,rel.note.rmss,rel.pk.tm,rel.qpk.tm,rel.INI,max.Hz,min.Hz,FMa,FMb,FMc,FM.resid,note.DF,arcL,chordL
998.83008,1013.00224,14.1721600000001,35.6864,0.0760364532470703,0.0021504,0.0760364532470703,0.0021504,0.0191255587477862,0.0455516705516706,0.0455516705516706,0.075288831492462,0.000151734104046242,0.000151734104046242,2.51806358381502,30517.578125,14877.3193359375,202635111.487528,-3108411.2067531,31560.6177269996,4607.12802454076,24223.3276367188,20487.8103800348,3353.61469878658
1048.68864,1065.54368,16.8550399999999,28.4774400000001,0.09686678647995,0.00128,0.09686678647995,0.00128,0.0224247765224471,0.0580306386832122,0.0580306386832122,0.0882763867513187,7.59416767922239e-05,7.59416767922239e-05,1.68955042527341,28610.2294921875,11062.6220703125,36046202.0982196,-1077074.32494476,27117.8863860749,5386.41289895269,26321.4111328125,8178.01735695501,7913.67972373793
1094.02112,1113.36448,19.3433599999998,27.7913599999999,0.114522404968739,0.00347136,0.114522404968739,0.00347136,0.0255239548985995,0.06860770905463,0.06860770905463,0.100476475731947,0.000179460031762839,0.000179460031762839,1.43673901535205,31280.517578125,14877.3193359375,74565075.7973844,-1831857.54836318,31739.403219784,3647.38385814236,26321.4111328125,14967.2431331382,7534.59548483841
1141.15584,1161.87136,20.7155200000002,27.7811199999999,0.10263630002737,0.00314368,0.10263630002737,0.00314368,0.0236011511582114,0.0614870200520476,0.0614870200520476,0.0929072512866787,0.000151754819574887,0.000151754819574887,1.34107760751357,31661.9873046875,12207.03125,124783470.204718,-2898460.25798626,33574.94578642,3013.61184745331,26512.1459960938,27168.1860596469,6494.43536534437
1189.65248,1208.35072,18.6982399999999,27.72992,0.110478892922401,0.00241664,0.110478892922401,0.00241664,0.0275126329014678,0.0661853350387358,0.0661853350387358,0.10830501789509,0.000129244249726178,0.000129244249726178,1.48302300109529,29373.1689453125,9536.7431640625,3731842.09958037,-827258.037982367,27170.7422593061,5479.1779955187,26321.4111328125,14163.5271055481,14163.5271055481
1236.08064,1254.7584,18.67776,30.43328,0.104904428124428,0.00208896,0.104904428124428,0.00208896,0.0279909637606757,0.0628458028389095,0.0628458028389095,0.110187994070137,0.000111842105263158,0.000111842105263158,1.62938596491228,29754.638671875,9536.7431640625,46845383.2788668,-1775347.76766867,29255.3621179917,5139.98351275582,26321.4111328125,16817.099137258,16817.0991372457
1285.19168,1303.82848,18.6368,31.7542400000002,0.188505217432976,0.00268288,0.188505217432976,0.00268288,0.037646977728783,0.11292909118047,0.11292909118047,0.148199433010076,0.000143956043956044,0.000143956043956044,1.70384615384617,30899.0478515625,9536.7431640625,49482790.9165511,-1874676.11211207,30012.6917221967,4666.44003173705,25558.4716796875,17751.0904477131,17751.0904477021
1335.58272,1356.06272,20.4799999999998,34.1708800000001,0.136518150568008,0.00367616,0.136518150568008,0.00367616,0.0317385397035947,0.0817848486276795,0.0817848486276795,0.124940536330075,0.000179500000000002,0.000179500000000002,1.66850000000002,32043.45703125,9536.7431640625,27483462.1292011,-1622752.54671626,31676.4794143976,4331.47720229085,27656.5551757812,21706.572642524,21706.5726425229
1390.2336,1411.2256,20.992,33.77152,0.16116926074028,0.00360448,0.16116926074028,0.00360448,0.0308514850527975,0.0965527553533068,0.0965527553533068,0.121448596094017,0.000171707317073171,0.000171707317073171,1.60878048780488,31661.9873046875,9536.7431640625,22370592.9368484,-1479932.78221618,31299.4139113293,4328.90972264495,25558.4716796875,21208.832566652,21208.8325666512
1444.99712,1468.53888,23.5417600000001,29.88032,0.143725097179413,0.00338944,0.143725097179413,0.00338944,0.0296273914453263,0.0861023627108186,0.0861023627108186,0.116629883158137,0.000143975641583297,0.000143975641583297,1.26924749891257,30517.578125,9536.7431640625,57659415.5977924,-2041060.0397063,31481.291118421,4821.82512710311,25558.4716796875,20030.8252234268,16094.463496194
1498.4192,1520.24064,21.8214399999999,30.37184,0.116873279213905,0.00219136,0.116873279213905,0.00219136,0.0285428764799038,0.0700160631341697,0.0700160631341697,0.112360629351777,0.000100422336931019,0.000100422336931019,1.39183481933365,29754.638671875,9536.7431640625,45743709.2447464,-1696184.15403092,29337.7383205544,4840.94750332091,25558.4716796875,16216.2337889408,15231.1588500007
1550.61248,1573.80608,23.1936000000001,32.03072,0.129986837506294,0.00318464,0.129986837506294,0.00318464,0.0301638655174604,0.0778720908890946,0.0778720908890946,0.118741743342177,0.000137306843267108,0.000137306843267108,1.38101545253863,29754.638671875,9155.2734375,51887745.3330357,-1886924.62182689,30387.0753238076,4570.74447989786,25558.4716796875,18457.5721285892,15851.9213203
1605.8368,1628.59008,22.7532799999999,33.35168,0.144187346100807,0.00227328,0.144187346100807,0.00227328,0.0347558645832537,0.0863792852878331,0.0863792852878331,0.136818404444592,9.99099909991003e-05,9.99099909991003e-05,1.46579657965797,29754.638671875,9155.2734375,71680421.0300425,-2236943.98631106,30427.2300318668,4326.26953217883,25558.4716796875,21116.34696837,13788.016598308
1661.94176,1685.74976,23.808,29.5116800000001,0.195816174149513,0.00335872,0.195816174149513,0.00335872,0.0458486217635745,0.117308915298345,0.117308915298345,0.180485663380629,0.000141075268817204,0.000141075268817204,1.23956989247312,31661.9873046875,9155.2734375,53702517.2312418,-2064037.82063707,31594.8715783599,3899.54218994508,25558.4716796875,20964.4255630748,18700.9052177552
1715.26144,1740.73856,25.47712,31.96928,0.153089225292206,0.0042496,0.153089225292206,0.0042496,0.0348421326276068,0.0917121940559441,0.0917121940559441,0.137158003425209,0.000166800643086817,0.000166800643086817,1.2548231511254,32424.9267578125,9155.2734375,64604912.3921769,-2359910.18590228,34598.8087839894,4249.10821507996,24795.5322265625,24912.0908512138,18189.7230723219
1772.70784,1798.25664,25.5488,29.0713599999999,0.20854739844799,0.00427008,0.20854739844799,0.00427008,0.0450633707293592,0.12493589565051,0.12493589565051,0.177394478774001,0.000167134268537074,0.000167134268537074,1.137875751503,32806.396484375,9155.2734375,65983521.5250562,-2452231.46171315,34177.9535466974,3202.39570370676,29945.3735351562,25986.3221415105,19581.4093731966
1827.328,1854.08512,26.75712,34.3040000000001,0.117994911968708,0.01174528,0.113846898078918,0.00618496,0.034716929663307,0.0706880072286782,0.068203028589058,0.136665134955021,0.00043895905089935,0.00023115193264447,1.28205128205129,30136.1083984375,9155.2734375,30367894.1978957,-1469621.91623144,30879.0158444646,4303.47066646969,16021.728515625,17979.2390462675,17581.1543975332
1888.38912,1914.28608,25.89696,28.1088,0.246943846344948,0.00310272,0.246943846344948,0.00310272,0.0547972325835053,0.147938314493921,0.147938314493921,0.215712370270507,0.000119810201660735,0.000119810201660735,1.08540925266904,31661.9873046875,9155.2734375,22538362.1540444,-1268095.46990054,30310.4945591518,5322.63512510089,23365.0207519531,17724.4078963436,17724.4078963344
1942.39488,1966.91968,24.5247999999999,29.7267200000001,0.229256391525269,0.00533504,0.229256391525269,0.00533504,0.0522663819841522,0.137342171717172,0.137342171717172,0.20574953536356,0.000217536534446765,0.000217536534446765,1.21210855949897,31280.517578125,9155.2734375,34994203.5478193,-1630312.2269884,30808.9865777725,5190.60109367047,23365.0207519531,19041.2827312087,18935.2641458963
1996.6464,2023.12704,26.48064,31.1705599999998,0.239799991250038,0.00326656,0.239799991250038,0.00326656,0.0571344457772965,0.143658597070821,0.143658597070821,0.224912940702452,0.000123356535189482,0.000123356535189482,1.17710750193348,31280.517578125,9536.7431640625,39830640.8905907,-1659474.48221896,31363.6611774774,5162.76537279506,28705.5969238281,18555.839567893,16013.7332825296
2054.2976,2081.45408,27.1564800000001,27.9859200000001,0.288902282714844,0.00623616,0.288902282714844,0.00623616,0.0683194165341323,0.17307463778052,0.17307463778052,0.268943203538929,0.000229638009049773,0.000229638009049773,1.03054298642534,31661.9873046875,8773.8037109375,36544415.051705,-1644386.7465214,31556.011525202,4451.87334637255,23460.3881835938,19290.9933310194,17705.1850116713
2109.44,2135.25504,25.81504,28.3443200000002,0.23833729326725,0.00585728,0.23833729326725,0.00585728,0.0580145105290431,0.142782328731318,0.142782328731318,0.228377364810028,0.000226894089646966,0.000226894089646966,1.09797699325665,31280.517578125,9155.2734375,21766846.9512405,-1246912.4700386,30191.3471965047,5300.56225227242,28705.5969238281,17683.3138959402,17683.3138959325
2163.59936,2190.15168,26.5523199999998,29.6755200000002,0.22976653277874,0.00990208,0.216984122991562,0.00330752,0.0602614649951888,0.13764778547637,0.129990141088487,0.23722262671342,0.000372927111453917,0.000124566139606634,1.11762437331278,31280.517578125,8773.8037109375,26332699.2170149,-1473075.55809342,31126.9388570414,4642.4735721823,16021.728515625,20548.3439732664,20548.3439732553
2219.8272,2246.67648,26.8492799999999,30.19776,0.234586164355278,0.00637952,0.234586164355278,0.00637952,0.0661469351556271,0.140535114650464,0.140535114650464,0.260391109109493,0.000237604881769642,0.000237604881769642,1.12471395881007,31280.517578125,8773.8037109375,34769325.1909415,-1572907.69048391,31017.7321086692,4509.1651005137,28610.2294921875,18411.1031385895,17166.7944591751
2276.87424,2304.41984,27.5455999999999,29.0406400000002,0.292131334543228,0.0037376,0.292131334543228,0.0037376,0.074528806256456,0.175009087623977,0.175009087623977,0.293386813403617,0.000135687732342008,0.000135687732342008,1.05427509293681,31661.9873046875,9155.2734375,33444606.6424349,-1714800.64855111,32240.2230364532,2599.62451490729,23460.3881835938,22102.5830074382,21858.780354569
2333.46048,2361.0368,27.5763199999997,30.75072,0.297736495733261,0.00360448,0.297736495733261,0.00360448,0.0753350127238551,0.178367009318296,0.178367009318296,0.29656049024478,0.000130709246193837,0.000130709246193837,1.11511325659118,31661.9873046875,8773.8037109375,39180654.4545863,-1822563.70231736,32188.2044373765,3312.95764357687,21648.4069824219,21925.496056066,20464.5370118684
2391.78752,2419.53792,27.7504000000004,29.1123199999997,0.387955218553543,0.00633856,0.387955218553543,0.00633856,0.0827655494544625,0.232414947695279,0.232414947695279,0.325811213592876,0.000228413284132838,0.000228413284132838,1.04907749077488,31661.9873046875,9155.2734375,40105317.8997146,-1827637.56321715,32192.3508474478,2738.90713994041,23460.3881835938,21810.4111455999,19833.1817246973
2448.65024,2476.61568,27.9654399999999,31.5392000000002,0.301745593547821,0.0066048,0.301745593547821,0.0066048,0.0810121429590847,0.180768766568399,0.180768766568399,0.318908830875113,0.000236177224459905,0.000236177224459905,1.12779201757599,31661.9873046875,8773.8037109375,42503173.9523352,-1948691.25666826,33290.3956236104,2857.26681934216,16117.0959472656,23416.2125525446,21255.7282154898
2508.15488,2535.36256,27.20768,27.6582399999998,0.397670418024063,0.00653312,0.397670418024063,0.00653312,0.10208127120337,0.238235097724987,0.238235097724987,0.401848632372975,0.000240120436582612,0.000240120436582612,1.01656003010914,32043.45703125,9155.2734375,54951898.9424113,-2207435.89076209,33887.4786738822,1568.96066914293,23460.3881835938,24956.0815686777,19380.6347178775
2563.0208,2594.7136,31.6928000000003,28.4364799999998,0.276052504777908,0.01481728,0.146409317851067,0.00538624,0.0640937057137247,0.165376634701083,0.0877104168809132,0.252308456596942,0.000467528271405489,0.00016995153473344,0.89725363489498,31280.517578125,9536.7431640625,31916333.4020819,-1684135.16661462,33243.9455211672,2329.39411778506,16021.728515625,23116.4162956461,21317.1222494179
2623.15008,2655.68256,32.5324800000003,35.19488,0.444865107536316,0.01175552,0.231915697455406,0.00541696,0.0951794420715214,0.26650833847525,0.138935300045135,0.374679196052183,0.000361347182876925,0.000166509285489454,1.08183821214982,33187.8662109375,8773.8037109375,29985510.7505599,-1756826.60669853,37402.5524172009,3123.22980597792,16021.728515625,26047.126476601,25418.3936721065
2690.87744,2723.87072,32.9932799999997,27.6480000000001,0.359279066324234,0.01282048,0.327996402978897,0.00521216,0.0871294783228253,0.215235731894739,0.196495015911376,0.342990063609652,0.000388578522656739,0.000157976412166358,0.837988826815655,31661.9873046875,8773.8037109375,32120555.0286851,-1740272.24843446,32749.3390466413,1040.41544811858,16021.728515625,24691.1996512686,22452.2498006675
2751.51872,2781.98272,30.4639999999999,31.85664,0.41380387544632,0.00909312,0.4012531042099,0.00503808,0.0929602707578266,0.247900276806527,0.240381401686549,0.36594330408202,0.000298487394957984,0.000165378151260505,1.04571428571429,32043.45703125,8773.8037109375,34700798.7021789,-1826851.59672336,33453.4278282752,1362.75793170969,16021.728515625,24639.0927181843,23448.9470316133
2813.83936,2843.76064,29.92128,30.4332800000002,0.418707430362701,0.00512,0.418707430362701,0.00512,0.100998297577129,0.250837882501485,0.250837882501485,0.39758544613449,0.000171115674195756,0.000171115674195756,1.01711156741958,32424.9267578125,8773.8037109375,28279029.1591422,-1684250.66502821,33947.4885360054,1126.63526197962,16021.728515625,25078.3428541176,25077.2017652357
2874.19392,2906.17344,31.9795199999999,28.6310399999998,0.417388647794724,0.00531456,0.417388647794724,0.00531456,0.0973670077927743,0.250047830539558,0.250047830539558,0.383290670840347,0.000166186359269933,0.000166186359269933,0.895292987512004,32424.9267578125,8773.8037109375,42812279.177017,-2020847.34201133,35267.7565354568,2859.98305287629,16021.728515625,26852.5015928438,20842.0510673488
2934.80448,2965.53472,30.7302400000003,30.9760000000001,0.373587340116501,0.0044032,0.373587340116501,0.0044032,0.101381343056369,0.223807485916861,0.223807485916861,0.399093326083032,0.000143285571476173,0.000143285571476173,1.00799733422192,32043.45703125,8773.8037109375,37320236.4252227,-1765614.09344188,32927.5864821214,3710.80239127949,23460.3881835938,22751.0514601788,19014.467256195
2996.51072,3028.2752,31.7644799999998,28.7948799999999,0.412830859422684,0.01292288,0.402893364429474,0.00446464,0.106911320651639,0.247317365538873,0.241364043432058,0.420862392117541,0.000406834300451324,0.000140554480980014,0.906511927788526,32424.9267578125,9536.7431640625,29861740.06777,-1628010.52232916,33159.8265558227,2336.62501474884,23460.3881835938,22795.2195639406,21582.9437953907
3057.07008,3088.90624,31.8361599999998,29.99296,0.437494575977325,0.01340416,0.435720860958099,0.00473088,0.111738133820424,0.262092824454957,0.261030233043101,0.439863412066946,0.00042103570279833,0.000148600836281763,0.942103570279839,32806.396484375,8773.8037109375,27241927.282051,-1528359.91532607,32810.308994391,3073.63331231194,16021.728515625,21826.6593461475,21046.2983066111
3118.8992,3149.50656,30.60736,31.4572800000001,0.48340916633606,0.00979968,0.427978515625,0.00557056,0.117437892366501,0.289599187577129,0.256391974039033,0.462300830308284,0.000320173971227836,0.000182000669120107,1.02776848444296,32424.9267578125,8773.8037109375,35018101.725331,-1724810.32846709,33088.6840820313,3130.560904072,16021.728515625,22491.0555633814,19986.5657530901
3180.96384,3213.49632,32.5324800000003,28.8870399999996,0.520773410797119,0.00539648,0.520773410797119,0.00539648,0.12512264511103,0.311983237350884,0.311983237350884,0.492552289210681,0.000165879760780609,0.000165879760780609,0.887944601825602,32806.396484375,8773.8037109375,32691963.0142317,-1791368.34349255,34669.4033370059,1240.09561645151,16021.728515625,25401.6344892715,23677.7151128294
3242.38336,3277.056,34.6726400000002,28.2931199999998,0.583320498466492,0.00536576,0.583320498466492,0.00536576,0.123278365433959,0.349453742744184,0.349453742744184,0.485292179131649,0.000154754873006496,0.000154754873006496,0.81600708800944,33187.8662109375,9536.7431640625,28744917.9724219,-1622610.53861758,34277.9885110923,2258.95956110577,16021.728515625,24093.7716188603,21703.2816570633
3305.34912,3337.03168,31.6825600000002,31.6415999999999,0.587561190128326,0.00513024,0.587561190128326,0.00513024,0.136284984439269,0.351994242481375,0.351994242481375,0.536493462162964,0.000161926308985132,0.000161926308985132,0.998707175177755,33187.8662109375,8773.8037109375,28042311.0307589,-1665475.6204656,34514.3375233707,1003.53339375592,23555.7556152344,24839.4833823106,24618.0910842274
3368.67328,3401.68704,33.0137599999998,30.5664000000002,0.652615427970886,0.00549888,0.652615427970886,0.00549888,0.144018243666873,0.390966723227753,0.390966723227753,0.566935869548419,0.000166563275434244,0.000166563275434244,0.925868486352367,33569.3359375,8773.8037109375,33611697.0642012,-1838983.6284622,35274.7711069855,1242.5234298016,23460.3881835938,26229.700305147,24078.0948883238
3432.25344,3465.74848,33.4950400000002,30.5049599999998,0.660248160362244,0.00576512,0.660248160362244,0.00576512,0.140623112791124,0.395539315667992,0.395539315667992,0.553570747003768,0.000172118618159583,0.000172118618159583,0.910730663405672,33187.8662109375,8773.8037109375,28358810.3481787,-1677205.06515841,34835.3123926855,1153.13646563481,23460.3881835938,25235.0735416509,24361.7993346458
3496.25344,3529.56416,33.3107199999999,30.2182400000002,0.739640891551971,0.00570368,0.739640891551971,0.00570368,0.149885848681638,0.443101654268934,0.443101654268934,0.590034024799549,0.000171226560098371,0.000171226560098371,0.907162619120818,33187.8662109375,9155.2734375,29321274.7529208,-1622973.86166632,34240.9834902511,3068.48481198884,23460.3881835938,23389.5269301694,21527.4221602385
3559.7824,3592.87808,33.0956799999999,30.60736,0.704127192497253,0.00504832,0.704127192497253,0.00504832,0.148908458670643,0.4218262232049,0.4218262232049,0.586186474366614,0.000152537128712872,0.000152537128712872,0.924814356435645,33187.8662109375,8773.8037109375,29178938.4677125,-1644975.85999023,34271.9575278779,2309.40130801649,23460.3881835938,23886.9339690014,22481.2020603652
3623.48544,3661.25056,37.76512,27.48416,0.797762393951416,0.0054272,0.797762393951416,0.0054272,0.148766937846089,0.477920894465012,0.477920894465012,0.585629369727054,0.000143709327548807,0.000143709327548807,0.727765726681127,33187.8662109375,9155.2734375,24630457.659154,-1546950.01084817,34375.9810433902,1048.10435513489,23460.3881835938,25286.4810059029,23292.6884496922
3688.73472,3723.35616,34.6214399999999,30.0851200000002,0.980908274650574,0.00592896,0.980908274650574,0.00592896,0.167853985041562,0.587639331665067,0.587639331665067,0.660766598340307,0.000171251109139308,0.000171251109139308,0.868973676427101,33569.3359375,8773.8037109375,24532324.8614279,-1575352.80945273,34922.9583990789,1005.21244769062,23460.3881835938,25445.4903149636,25135.456128638
3753.44128,3788.87168,35.4304000000002,30.40256,1.0123485326767,0.00607232,1.0123485326767,0.00607232,0.167884207942383,0.606474458956077,0.606474458956077,0.660885572479424,0.000171387283236993,0.000171387283236993,0.858092485549128,33569.3359375,9155.2734375,28048895.8749664,-1665113.20845494,35343.73391438,1318.23229957394,23460.3881835938,25638.9658002975,23785.4765449582
3819.27424,3853.75232,34.4780799999999,32.5632000000001,1.02757692337036,0.00577536,1.02757692337036,0.00577536,0.172196526636191,0.615597433612139,0.615597433612139,0.677861256158076,0.000167508167508168,0.000167508167508168,0.94446094446095,33569.3359375,9536.7431640625,25041837.3437829,-1539590.3029528,34352.737368295,2135.52219233246,23555.7556152344,24013.6722805604,23313.9339799024
3886.31552,3927.00928,40.6937600000001,25.9481599999999,1.07066106796265,0.00621568,1.07066106796265,0.00621568,0.167778489314778,0.641408142511084,0.641408142511084,0.66046940519018,0.000152742828384499,0.000152742828384499,0.637644690488169,33950.8056640625,8773.8037109375,22645667.3741626,-1500355.61457368,34972.1169089251,2112.19114374615,23460.3881835938,26147.6458844407,23554.2914134578
3952.95744,3990.84544,37.8879999999999,31.3139200000001,1.1256195306778,0.00690176,1.1256195306778,0.00690176,0.177428823825484,0.674332479203803,0.674332479203803,0.698458486628469,0.000182162162162163,0.000182162162162163,0.82648648648649,33569.3359375,9155.2734375,27729602.3912768,-1607212.62202377,35749.2720590152,3309.65388475629,26607.5134277344,25488.9493947793,21088.2125056892
4022.15936,4060.35456,38.1952000000001,31.30368,1.1406022310257,0.00606208,1.1406022310257,0.00606208,0.185710363506387,0.683308266488414,0.683308266488414,0.731059230677622,0.000158713136729222,0.000158713136729222,0.819571045576405,33950.8056640625,8773.8037109375,22693369.6863681,-1452635.45684343,34482.8636415543,2888.43585701955,23460.3881835938,24115.6999335994,22376.950609799
4091.65824,4129.01376,37.3555199999996,31.8054400000001,1.02759075164795,0.00638976,1.02759075164795,0.00638976,0.185572497757895,0.6156057178116,0.6156057178116,0.730516514449371,0.000171052631578949,0.000171052631578949,0.851425438596502,33569.3359375,8773.8037109375,20874631.405677,-1415992.28031446,34675.8103078942,2898.6271583775,26607.5134277344,24259.6782122426,23765.9392919652
4160.8192,4198.08256,37.2633599999999,35.8912,1.1222071647644,0.00796672,1.1222071647644,0.00796672,0.18276935406721,0.672288210155857,0.672288210155857,0.719481782562044,0.000213794998625997,0.000213794998625997,0.963176696894754,33950.8056640625,8773.8037109375,23983577.3545364,-1605502.98973517,36180.1334164697,1034.45606649955,26607.5134277344,27213.7657149034,26523.8477195686
4233.97376,4272.40448,38.4307200000003,31.0476799999997,1.12724375724792,0.00744448,1.12724375724792,0.00744448,0.18799234367712,0.675305515562869,0.675305515562869,0.740042373225726,0.000193711697308818,0.000193711697308818,0.807887023714347,33950.8056640625,9155.2734375,25097118.0910269,-1588485.32046868,35670.9572576707,2181.35146113723,26607.5134277344,26290.2337213117,23980.1929078324
4303.45216,4344.29952,40.8473599999998,33.4848000000002,1.11360239982605,0.007936,1.11360239982605,0.007936,0.184803621270815,0.667133295625943,0.667133295625943,0.72748978916319,0.000194284281774882,0.000194284281774882,0.819754324392088,33569.3359375,8773.8037109375,23463204.8135913,-1591664.36418293,36977.9566392541,1390.98439584154,26607.5134277344,28119.7863675245,25866.7700566261
4377.78432,4417.49504,39.71072,32,1.21228361129761,0.0074752,1.21228361129761,0.0074752,0.188669445541778,0.726250914118561,0.726250914118561,0.742707822578798,0.00018824136152656,0.00018824136152656,0.805827746260959,33950.8056640625,9155.2734375,21677640.6378107,-1482708.68097114,36016.8669580364,2936.01959250869,26607.5134277344,26012.1440805054,24695.0628336131
4449.49504,4490.05568,40.5606400000006,34.2015999999994,1.18220734596252,0.00685056,1.18220734596252,0.00685056,0.207858690010775,0.708232923122629,0.708232923122629,0.818247356474049,0.000168896743246652,0.000168896743246652,0.843221408735141,34713.7451171875,9155.2734375,24655562.1392954,-1567180.86397517,36117.2684476522,3304.94660835801,26607.5134277344,26803.9442603141,23003.3781996338
4524.25728,4566.35392,42.0966399999998,31.44704,1.27828049659729,0.00700416,1.27828049659729,0.00700416,0.195630354189552,0.76578811303076,0.76578811303076,0.770109828717697,0.000166382875212845,0.000166382875212845,0.747020189734863,33569.3359375,9155.2734375,19385606.4491031,-1351589.94789706,34820.9879432952,3535.39631555419,23460.3881835938,24573.680948886,22543.6369396617
4597.80096,4636.29312,38.4921600000007,35.5635199999997,1.19909405708313,0.00794624,1.19909405708313,0.00794624,0.202229145043192,0.718349358974359,0.718349358974359,0.796086337910725,0.000206437882415532,0.000206437882415532,0.923915935089095,34332.275390625,8773.8037109375,22746296.2567459,-1557918.89881825,36343.4514691753,992.688906272964,26607.5134277344,27086.0955512453,26265.6959798118
4671.85664,4713.76896,41.9123200000004,32.9830400000001,1.23830807209015,0.00704512,1.23830807209015,0.00704512,0.204841693975167,0.741841563257004,0.741841563257004,0.806370782872524,0.000168091864158318,0.000168091864158318,0.786953334962125,34332.275390625,9155.2734375,21233230.8023823,-1415226.78497527,35462.9786894283,3668.78235069863,26607.5134277344,25147.2585223156,22016.2408054813
4746.752,4785.84832,39.0963199999997,36.6284800000003,1.28405940532684,0.00710656,1.28405940532684,0.00710656,0.222156033949445,0.769250122834682,0.769250122834682,0.874529650381562,0.000181770560502883,0.000181770560502883,0.936877946568901,34332.275390625,8773.8037109375,20396577.0593478,-1419460.940264,35486.2213134765,2662.37344132468,26607.5134277344,25073.2880524646,24319.0775431333
4822.4768,4863.6416,41.1647999999996,36.5772800000004,1.31099140644073,0.00761856,1.31099140644073,0.00761856,0.214781430324738,0.785384458270488,0.785384458270488,0.845499110832562,0.000185074626865674,0.000185074626865674,0.888557213930368,33950.8056640625,8773.8037109375,19544291.8169738,-1420694.42174546,35839.0298119203,2145.15235867547,26607.5134277344,26271.8547725649,25364.0026418669
4900.21888,4943.0016,42.7827199999992,35.5532800000001,1.20158088207245,0.0070144,1.20158088207245,0.0070144,0.21460603905514,0.71983915798254,0.71983915798254,0.84480867329209,0.000163954044997609,0.000163954044997609,0.831019626615622,34332.275390625,9155.2734375,18550114.3074907,-1308473.27825047,34853.6270642845,3786.59995647068,26607.5134277344,24121.4003137629,22026.6376943257
4978.55488,5022.54592,43.9910399999999,34.9388800000006,1.25413036346436,0.00772096,1.25413036346436,0.00772096,0.222797410647319,0.751320329996801,0.751320329996801,0.877054465617876,0.000175512104283054,0.000175512104283054,0.794227188081953,34332.275390625,9155.2734375,22226724.3232108,-1439012.38332142,34810.875644203,3542.92828099632,26607.5134277344,26292.3539086239,20290.2365686968
5057.4848,5103.49312,46.0083199999999,36.8025600000001,1.20331847667694,0.0091648,1.20331847667694,0.0091648,0.20638056216529,0.720880110494081,0.720880110494081,0.812428623554892,0.000199198753616738,0.000199198753616738,0.799910972624085,34332.275390625,9155.2734375,17224380.0273009,-1322168.92364387,36244.4624848816,3191.87144783555,26607.5134277344,26375.0335587285,24370.7973735762
5140.29568,5184.91136,44.6156799999999,33.0854399999998,1.40188109874725,0.007168,1.40188109874725,0.007168,0.214656880968544,0.839834358860094,0.839834358860094,0.845008815327232,0.000160661005278862,0.000160661005278862,0.741565297222858,33569.3359375,9155.2734375,17163875.7335941,-1299284.65523849,34674.7635260819,1956.79768902338,26607.5134277344,25374.4031994184,23802.7627751066
5217.9968,5264.51712,46.5203200000005,33.9148799999994,1.32627463340759,0.00879616,1.32627463340759,0.00879616,0.21549717880356,0.794540284062343,0.794540284062343,0.848316694743375,0.000189082104336339,0.000189082104336339,0.729033678186198,34332.275390625,9536.7431640625,15912528.7060224,-1278056.39216212,36197.8414218083,2544.18759054187,26607.5134277344,26306.5737746007,25018.6497163048
5298.432,5344.77824,46.3462399999999,33.1161600000005,1.45559394359589,0.00734208,1.45559394359589,0.00734208,0.23565500834944,0.87201247486174,0.87201247486174,0.927669117956065,0.000158418029164826,0.000158418029164826,0.714538223597008,34332.275390625,8773.8037109375,16130396.4435809,-1246436.76087643,34247.3083901258,1908.10679480289,26607.5134277344,25037.6843596484,23119.9857046796
5377.8944,5426.50368,48.6092799999997,32.6553599999997,1.37211501598358,0.00822272,1.37211501598358,0.00822272,0.236908589002033,0.822002191027926,0.822002191027926,0.932603908293953,0.000169159469138404,0.000169159469138404,0.671792711186012,34332.275390625,8773.8037109375,13037031.8699373,-1122931.54937009,34879.7693908939,2933.71994404755,26607.5134277344,24581.1035292639,23780.1855746295
5459.15904,5507.55328,48.3942400000005,33.2799999999997,1.47434389591217,0.00677888,1.47434389591217,0.00677888,0.236575671508037,0.883245135175282,0.883245135175282,0.93129335996243,0.000140076174354632,0.000140076174354632,0.687685146000834,33569.3359375,9536.7431640625,15101356.3314939,-1145540.8941581,33891.3249374675,3746.97203478951,26607.5134277344,23378.3736033573,20070.1672058757
5540.83328,5590.96832,50.1350400000001,36.6284800000003,1.33268940448761,0.00882688,1.33268940448761,0.00882688,0.241319421133919,0.79838322421043,0.79838322421043,0.94996739563037,0.000176062091503268,0.000176062091503268,0.730596405228763,34332.275390625,9536.7431640625,13561823.7732468,-1135012.80403698,35097.0041013793,3334.18715159779,26607.5134277344,24679.7452666592,22815.9667188828
5627.5968,5678.45888,50.8620799999999,36.7923199999996,1.49970984458923,0.00876544,1.49970984458923,0.00876544,0.25065383585304,0.898441285022167,0.898441285022167,0.986712841143172,0.000172337427018321,0.000172337427018321,0.723374270183202,34332.275390625,9536.7431640625,12984044.0359059,-1096808.7788102,34453.5870578902,2907.62684544248,26607.5134277344,24128.7927845553,22196.887787734
5715.2512,5766.5536,51.3024000000005,37.4784,1.56680631637573,0.01045504,1.56680631637573,0.01045504,0.237969675932922,0.938637220622515,0.938637220622515,0.9367809363323,0.000203792415169659,0.000203792415169659,0.730538922155681,33950.8056640625,9155.2734375,13034224.1002735,-1161049.62806018,35724.3076018756,1852.65171325111,25653.8391113281,26452.1987567713,25259.3855937783
5804.032,5855.25248,51.22048,38.2464,1.5069295167923,0.00969728,1.5069295167923,0.00969728,0.237462182146533,0.902766422711276,0.902766422711276,0.934783158663643,0.000189324270291883,0.000189324270291883,0.746701319472212,33950.8056640625,9536.7431640625,13448860.4271641,-1157209.19433915,35403.4144703935,2472.64623736459,25653.8391113281,25796.9013070122,23989.2197709309
5893.49888,5944.84224,51.3433599999998,38.9836800000003,1.34302115440369,0.00861184,1.34302115440369,0.00861184,0.238542367326827,0.804572735271265,0.804572735271265,0.939035368028727,0.000167730355005984,0.000167730355005984,0.759274032708424,33569.3359375,9536.7431640625,11520938.5446244,-1051559.03408039,34327.5900917186,2352.2838458172,20265.5792236328,24370.0986518387,23619.7600151409
5983.82592,6036.21376,52.3878399999994,39.9974400000001,1.47789657115936,0.00973824,1.47789657115936,0.00973824,0.243397309069819,0.885373460281549,0.885373460281549,0.958147117683425,0.000185887412040659,0.000185887412040659,0.763487099296336,33950.8056640625,9536.7431640625,11989998.3365177,-1107807.32145417,35484.9586088068,1834.36018753953,20265.5792236328,26048.2826764967,25129.2527720393
6076.2112,6133.89312,57.68192,37.4374400000006,1.38376843929291,0.00943104,1.38376843929291,0.00943104,0.240024170838143,0.828983485876868,0.828983485876868,0.94486857041197,0.000163500798863838,0.000163500798863838,0.649032487129427,33950.8056640625,9536.7431640625,10576923.3278913,-1035311.31887623,35186.0241650285,1669.73302225157,20265.5792236328,26143.0409528186,24527.1641781062
6171.33056,6227.0464,55.7158399999998,41.0931199999995,1.42799985408783,0.01185792,1.42799985408783,0.01185792,0.228155963283137,0.855481497668998,0.855481497668998,0.898148707713588,0.000212828524168352,0.000212828524168352,0.737548244807934,33950.8056640625,9536.7431640625,10579277.4802465,-1040045.32297616,35866.4880259261,2371.98676507667,25653.8391113281,26017.0309686036,25106.2256245206
6268.13952,6324.45952,56.3200000000006,40.33536,1.35154390335083,0.011008,1.35154390335083,0.011008,0.240962618184069,0.809678515928516,0.809678515928516,0.94856282086623,0.000195454545454543,0.000195454545454543,0.716181818181811,33950.8056640625,9155.2734375,10693229.5504077,-1039813.7803953,35291.1918914343,1788.29712416977,20265.5792236328,25911.9443425047,24644.0039080567
6364.79488,6421.28896,56.4940799999995,42.1478400000005,1.31009232997894,0.01225728,1.31009232997894,0.01225728,0.229524265612248,0.784845842474519,0.784845842474519,0.903535106346208,0.000216965742251225,0.000216965742251225,0.746057640021767,34332.275390625,9536.7431640625,9837320.7829357,-1017394.7973962,36079.6982434741,1815.45275714907,25701.5228271484,26530.3101765019,26080.176235768
6463.4368,6523.41248,59.9756799999996,38.79936,1.63807690143585,0.01216512,1.63807690143585,0.01216512,0.228416950958795,0.98133377039627,0.98133377039627,0.899176100292981,0.000202834215468671,0.000202834215468671,0.646918217517505,33950.8056640625,9536.7431640625,9657225.47980788,-994900.978552989,35855.3312091669,2259.20226685191,20265.5792236328,26316.0255741623,24932.0289290993
6562.21184,6620.60032,58.3884799999996,44.1139200000007,1.38910126686096,0.01050624,1.38910126686096,0.01050624,0.239816164994529,0.832178258832671,0.832178258832671,0.944049743777109,0.000179936864258156,0.000179936864258156,0.755524377411451,33950.8056640625,9536.7431640625,9551337.54782189,-987897.624060603,35468.9210791151,1677.71788525697,20265.5792236328,25969.9928268165,25119.2812784354
6664.71424,6729.0112,64.2969599999997,41.1852799999997,1.53342723846436,0.01181696,1.53342723846436,0.01181696,0.238295742480718,0.918640591434709,0.918640591434709,0.938064515531011,0.000183787227265489,0.000183787227265489,0.640547857939161,34332.275390625,9155.2734375,8293352.66594241,-914381.734528193,35353.2678940717,2200.38150180741,20265.5792236328,25901.1871575176,24506.4243057828
6770.19648,6829.5168,59.3203200000007,43.9603199999992,1.36581599712372,0.01024,1.36581599712372,0.01024,0.250029836240206,0.818228595342566,0.818228595342566,0.984256431773828,0.000172622130157084,0.000172622130157084,0.741066804764349,33950.8056640625,9536.7431640625,9167828.53920209,-956342.869978625,34976.9098244807,1702.34184799311,20265.5792236328,25410.6148876942,24469.8898849614
6873.47712,6937.31328,63.8361600000007,39.3011200000001,1.66923522949219,0.00997376,1.66923522949219,0.00997376,0.253415307092008,1,1,0.997583527094034,0.000156239974334294,0.000156239974334294,0.615656079563677,33950.8056640625,9536.7431640625,8455061.09734712,-909761.684499003,34380.4880350578,1700.09909866531,20265.5792236328,25324.1764812229,23620.8507179863
6976.6144,7042.92864,66.3142399999997,43.6121599999997,1.44829487800598,0.01379328,1.44829487800598,0.01379328,0.246009487683778,0.867639774441245,0.867639774441245,0.968430104867647,0.00020799876466955,0.00020799876466955,0.657659048795551,34332.275390625,9155.2734375,7017534.46774501,-868882.387142536,36537.6869396417,1580.21472099543,25653.8391113281,27031.6123829994,26759.1169683016
7086.5408,7153.18272,66.64192,43.3459200000007,1.55062615871429,0.013568,1.55062615871429,0.013568,0.244187180156312,0.928944064513917,0.928944064513917,0.96125648938419,0.00020359557467732,0.00020359557467732,0.650430239704988,33950.8056640625,9536.7431640625,7843445.36492355,-904045.701863967,36226.4013896986,2270.73884707525,20265.5792236328,26687.2895826595,25413.4592430338
7196.52864,7267.04128,70.5126399999999,45.5782399999998,1.23947060108185,0.0155136,1.23947060108185,0.0155136,0.234555607894912,0.742538007335801,0.742538007335801,0.923341266589459,0.000220011617775196,0.000220011617775196,0.646383967470228,33950.8056640625,8773.8037109375,6628466.98767593,-838645.251745937,36154.1648963829,1624.89370001364,20265.5792236328,26875.2993697283,26178.1381006377
7312.61952,7383.64416,71.0246399999996,44.0217600000005,1.35083222389221,0.01153024,1.35083222389221,0.01153024,0.234393677852336,0.809252165318342,0.809252165318342,0.922703819921897,0.000162341407151097,0.000162341407151097,0.619809688581326,33950.8056640625,9155.2734375,7059137.39998297,-841387.363239462,34920.4375657494,1649.36655001147,20265.5792236328,25993.612532789,24149.419580945
7427.66592,7497.92256,70.2566399999996,49.5411199999999,1.43106770515442,0.01393664,1.43106770515442,0.01393664,0.225322832441055,0.857319375885552,0.857319375885552,0.886995929727937,0.000198367584900161,0.000198367584900161,0.705145022591461,33950.8056640625,9155.2734375,7090655.91346683,-849575.150329999,35649.0890701095,2192.68387754355,20313.2629394531,26207.6676459625,24688.8500634883
7547.46368,7619.072,71.6083200000003,50.40128,1.32716143131256,0.0128512,1.32716143131256,0.0128512,0.243684425329616,0.795071544060515,0.795071544060515,0.959277366895364,0.000179465179465179,0.000179465179465179,0.703846703846702,33569.3359375,9155.2734375,6612805.63351909,-833965.699009313,35749.8669575439,780.083950070855,20265.5792236328,26777.2184717122,25810.0586821148
7669.47328,7741.2352,71.7619199999999,50.9132799999998,1.52768194675446,0.01286144,1.52768194675446,0.01286144,0.247440935437752,0.915198720805338,0.915198720805338,0.974065078996267,0.000179223744292238,0.000179223744292238,0.709474885844746,33569.3359375,9155.2734375,6353883.8905428,-801885.533323009,35009.3254876805,1580.3926445729,20265.5792236328,25776.803000955,24823.7847570564
7792.14848,7865.3952,73.2467200000001,53.4732800000002,1.37620258331299,0.01544192,1.37620258331299,0.01544192,0.254029161678529,0.824450957539193,0.824450957539193,1,0.000210820634698728,0.000210820634698728,0.730043338459389,34332.275390625,9155.2734375,6012425.09891956,-788438.382896131,35599.7325411602,1534.02800122522,20265.5792236328,26202.5005022451,25493.3718503538
7918.86848,7988.91008,70.0415999999996,78.22336,1.28086221218109,0.01550336,1.28086221218109,0.01550336,0.247512749407409,0.767334758786965,0.767334758786965,0.974347778703585,0.000221345029239767,0.000221345029239767,1.11681286549708,33569.3359375,9155.2734375,5611779.23618769,-777635.899829493,35876.6773218372,878.294657466892,23651.123046875,26942.8626064908,26936.4516704766
8067.13344,8074.31168,7.17824000000019,0,0.0285197868943214,0.0010752,0.0285197868943214,0.0010752,0.00963439491819853,0.0170855409653663,0.0170855409653663,0.0379263343410578,0.000149786019971465,0.000149786019971465,0,27465.8203125,26321.4111328125,-83266726.8468869,504119.920411281,26553.0177525112,370.076068925098,26702.880859375,2197.84282824376,671.801639626238
