note.starts,note.ends,note.durs,INI,pk.amps,pk.times,qpk.amps,qpk.times,note.rmss,rel.pk.amps,rel.qpk.amps,rel.note.rmss,rel.pk.tm,rel.qpk.tm,rel.INI,max.Hz,min.Hz,FMa,FMb,FMc,FM.resid,note.DF,arcL,chordL
999.12704,1017.38496,18.25792,28.79488,0.257919460535049,0.00559104,0.212023988366127,0.00218112,0.0600116432324613,0.182739840073678,0.150222203650058,0.187585905005919,0.000306225462703309,0.000119461581604038,1.57711721817162,36621.09375,11444.091796875,68473920.0627329,-2401905.5462514,34208.2977294922,4751.12517879722,20790.1000976562,21098.7216075709,21027.905574194
1046.17984,1067.56096,21.38112,33.0239999999999,0.146465510129929,0.0110592,0.100542902946472,0.002816,0.0455583262289719,0.103773029929301,0.0712361679373349,0.142407362903102,0.000517241379310345,0.000131704980842912,1.54454022988505,35858.154296875,11444.091796875,63846416.9734125,-2255584.4040378,34867.6714980811,4761.85360091045,24223.3276367188,20803.5819483934,19039.3849284776
1100.58496,1122.22208,21.6371200000001,32.37888,0.15499147772789,0.0088576,0.11400455981493,0.00192512,0.0441784078994783,0.109813806969128,0.0807739555015827,0.138093979454,0.000409370563180311,8.89730241362987e-05,1.49645054424987,35476.6845703125,9536.7431640625,28758098.9866784,-1651694.93951695,31573.8044164006,4219.84643236482,15830.9936523438,22274.3872934796,22274.3872934779
1154.60096,1176.44288,21.8419200000001,32.55296,0.185674086213112,0.00923648,0.159919053316116,0.00451584,0.0561544103635401,0.131552899304391,0.113305068826901,0.17552886941147,0.000422878574777308,0.00020675105485232,1.49038912330051,33950.8056640625,9918.212890625,71981178.0413575,-2336303.23205893,33990.5666985133,4814.91475632233,24223.3276367188,21225.5346482503,16689.3258835865
1208.99584,1228.57472,19.57888,35.0208,0.235237270593643,0.00769024,0.167425572872162,0.00313344,0.0643930661551598,0.166669165321897,0.118623551504928,0.201281467065175,0.000392782426778242,0.000160041841004184,1.78870292887029,30899.0478515625,9155.2734375,52945509.7877963,-2014095.1241077,29770.3462488511,1127.18538720007,24223.3276367188,19171.0146751587,19137.9898861777
1263.59552,1284.94592,21.3503999999998,30.2489600000001,0.269352406263351,0.0034304,0.269352406263351,0.0034304,0.0734710835942371,0.190840255101015,0.190840255101015,0.229657762484589,0.000160671462829738,0.000160671462829738,1.41678657074342,31661.9873046875,9918.212890625,66510264.7879156,-2290762.79559863,31445.4668200545,1161.113757922,23460.3881835938,20858.8255180771,18590.6908139076
1315.19488,1333.77024,18.57536,30.85312,0.279821246862411,0.006656,0.224316388368607,0.0026112,0.0729978153223879,0.198257587057512,0.158931555034071,0.228178408607517,0.000358324145534729,0.000140573318632855,1.66097023153252,30899.0478515625,9918.212890625,60785966.5066262,-2196426.7652383,29743.4189740349,943.605960927458,23460.3881835938,19857.0130847557,19825.5849035415
1364.62336,1385.64608,21.0227199999999,32.8089600000001,0.308627605438232,0.00360448,0.308627605438232,0.00360448,0.0851560986018302,0.218667327944572,0.218667327944572,0.266183076526006,0.000171456405260595,0.000171456405260595,1.56064296151974,32424.9267578125,9918.212890625,75733479.8015714,-2544107.28466215,32909.538969782,1245.64222343613,23460.3881835938,22718.6905042673,20013.2834936639
1418.45504,1440.13312,21.6780799999999,32.1638399999999,0.306852519512177,0.00987136,0.294280648231506,0.00519168,0.0896430918001201,0.217409652709164,0.208502291696193,0.280208632810079,0.000455361360415684,0.000239489844119037,1.48370335380255,31661.9873046875,9918.212890625,78397327.6160745,-2453739.74091943,31716.31426265,1930.50397509004,22697.4487304688,22049.1251796436,16350.3927057485
1472.29696,1494.528,22.2310400000001,34.6214399999999,0.363279461860657,0.00548864,0.363279461860657,0.00548864,0.0862303120445233,0.25738899509464,0.25738899509464,0.269540879944862,0.00024689083371718,0.00024689083371718,1.55734684477198,32043.45703125,9536.7431640625,55511151.2312577,-2168520.7006978,31848.9822686887,899.536311460346,16593.9331054688,21582.3952440171,20773.7970449076
1529.14944,1550.71488,21.5654400000001,34.2016000000001,0.322263449430466,0.00528384,0.322263449430466,0.00528384,0.0853970552153225,0.228328529721441,0.228328529721441,0.266936264773727,0.000245014245014244,0.000245014245014244,1.58594491927825,32806.396484375,9155.2734375,57401623.8738083,-2280926.36167234,32472.5612644318,937.050818485719,15640.2587890625,22824.2421470313,22493.5105676079
1584.91648,1606.37952,21.4630399999999,36.0448000000001,0.248784363269806,0.00480256,0.248784363269806,0.00480256,0.0699582691178225,0.176267485448536,0.176267485448536,0.218677318571004,0.000223759541984734,0.000223759541984734,1.67938931297712,30899.0478515625,9155.2734375,81519471.8287716,-2591262.09768287,32215.0987245227,2156.70820682132,15640.2587890625,23120.9007753485,18063.4321074128
1642.42432,1665.97632,23.5519999999999,38.66624,0.282879918813705,0.00995328,0.215992093086243,0.0053248,0.069778793097237,0.200424702412274,0.153033665881118,0.218116307908157,0.000422608695652176,0.00022608695652174,1.64173913043479,31661.9873046875,8773.8037109375,69718339.5752741,-2438910.00274811,32926.8606085526,2333.26041372491,15830.9936523438,23890.7221790222,18768.675213981
1704.64256,1726.09536,21.4528,39.08608,0.247925817966461,0.00991232,0.195859104394913,0.00493568,0.0685791776798837,0.175659193111448,0.138769138784067,0.214366519840338,0.000462052505966587,0.000230071599045346,1.82195704057279,32043.45703125,8773.8037109375,76793290.2223952,-2562766.47420936,33259.1211340622,2382.68713789081,15640.2587890625,23126.1597144046,19636.5067912998
1765.18144,1786.0608,20.8793599999999,35.4508800000001,0.31764680147171,0.00925696,0.27659684419632,0.0047104,0.0804807828404892,0.225057564793438,0.195973048983834,0.251568856833964,0.000443354585581169,0.000225600784698383,1.69789112309957,31280.517578125,9155.2734375,53411990.050244,-2053348.60972372,30859.7789091222,3165.5642563543,15640.2587890625,19881.2763179315,19587.7720013044
1821.51168,1844.29568,22.7839999999999,32.5427200000001,0.333439469337463,0.00502784,0.333439469337463,0.00502784,0.0896044082639336,0.236246908917133,0.236246908917133,0.28008771483894,0.000220674157303372,0.000220674157303372,1.42831460674159,32043.45703125,8773.8037109375,55439542.4190398,-2215656.74189805,31685.4108843887,753.031072429994,21743.7744140625,22572.4033423112,21702.2659739295
1876.8384,1901.66016,24.8217599999998,30.67904,0.307704359292984,0.0054784,0.307704359292984,0.0054784,0.0814725494954286,0.218013194082081,0.218013194082081,0.254668946008341,0.000220709570957097,0.000220709570957097,1.23597359735974,32806.396484375,8773.8037109375,56796017.9190518,-2263139.25727039,32470.2442140507,1115.39727873008,21743.7744140625,23907.4686381772,21181.9500218909
1932.3392,1956.18816,23.84896,31.58016,0.299178630113602,0.00898048,0.292926728725433,0.00485376,0.0794046821938118,0.211972585965424,0.207543019241532,0.248205154345391,0.000376556462000858,0.000203520824388149,1.32417346500644,32806.396484375,9155.2734375,68335266.5164385,-2443988.04835411,32543.6699659304,2502.22992932723,16498.5656738281,24284.8862138257,19419.3259696331
1987.76832,2011.02336,23.25504,32.0204800000001,0.371731519699097,0.00534528,0.371731519699097,0.00534528,0.0948008314655212,0.263377405951602,0.263377405951602,0.29633082528482,0.000229854689564069,0.000229854689564069,1.37692646411273,32424.9267578125,9155.2734375,59120235.367036,-2200658.05734249,32183.9985094572,2889.16751992412,13542.1752929688,21753.6721268353,19204.3519991334
2043.04384,2069.06368,26.0198400000002,31.6927999999998,0.368962109088898,0.0101888,0.362120151519775,0.005376,0.0932635398678926,0.26141523663349,0.256567606177926,0.291525520512842,0.000391578118850844,0.000206611570247933,1.21802439984257,32806.396484375,9155.2734375,46379446.6997089,-2016536.0458645,31691.464510831,829.267240333797,21743.7744140625,22769.0034311342,21069.5722949312
2100.75648,2127.0528,26.2963199999999,33.3619200000003,0.381399393081665,0.00587776,0.381399393081665,0.00587776,0.104390278254462,0.270227240516695,0.270227240516695,0.32630575943954,0.000223520249221184,0.000223520249221184,1.26869158878506,33187.8662109375,9155.2734375,48029708.37014,-2047141.24037469,32467.144751266,1235.17201463144,13351.4404296875,23007.1255529904,20619.9085237167
2160.41472,2186.84416,26.4294399999999,35.6454399999998,0.452460318803787,0.00567296,0.452460318803787,0.00567296,0.109502429027727,0.320574981532474,0.320574981532474,0.342285449007695,0.000214645486245642,0.000214645486245642,1.34870205346765,33187.8662109375,9155.2734375,54077551.7061616,-2214375.1766771,32857.6611907114,798.615981240026,21171.5698242188,24586.5759257256,20750.6986857641
2222.4896,2248.21248,25.7228800000003,32.7167999999997,0.475412964820862,0.0054272,0.475412964820862,0.0054272,0.1276320232612,0.336837278505827,0.336837278505827,0.398955391013826,0.000210987261146495,0.000210987261146495,1.27189490445857,33950.8056640625,9155.2734375,60469084.9935391,-2353852.69008952,33207.4351124949,1350.69311037349,21171.5698242188,25276.1754437586,20537.4991032926
2280.92928,2307.81952,26.8902400000002,31.9385600000001,0.416961759328842,0.01086464,0.403506755828857,0.005888,0.115704359307714,0.295423715056342,0.285890641504322,0.361671598789469,0.000404036557501901,0.000218964204112718,1.18773800456968,33187.8662109375,9155.2734375,49850990.1603658,-2106980.14810801,32551.3653402474,814.411630518646,23937.2253417969,23915.6550535754,20610.6982759708
2339.75808,2365.77792,26.0198399999999,31.2831999999999,0.512245178222656,0.00626688,0.512245178222656,0.00626688,0.121953429007583,0.362933458967126,0.362933458967126,0.381205098156488,0.000240850059031878,0.000240850059031878,1.20228256591893,33569.3359375,9536.7431640625,57193307.3291747,-2283433.88682334,33883.9246081067,1060.97244009985,23937.2253417969,24889.9908458887,20692.8809271603
2397.06112,2424.4224,27.3612800000001,31.6825600000002,0.447049975395203,0.00841728,0.42649582028389,0.00615424,0.118546329562736,0.316741671369769,0.302178741491973,0.370555100949596,0.000307634730538921,0.000224925149700598,1.15793413173653,34332.275390625,9918.212890625,51688769.0682567,-2176700.81348549,33723.9916482125,845.765102775483,21171.5698242188,24971.209543541,20861.0587993305
2456.10496,2483.8656,27.76064,31.8259199999998,0.546438634395599,0.00836608,0.472188383340836,0.00606208,0.12914278778087,0.387160040007764,0.334552613739771,0.403677776777789,0.000301364810033198,0.000218369605311693,1.14644042788638,33950.8056640625,9155.2734375,48145188.1937956,-2080159.71722945,33172.7883561327,990.3494908559,23937.2253417969,24294.3398691199,20643.3249220128
2515.69152,2543.80032,28.1088,33.11616,0.626813888549805,0.00851968,0.459618896245956,0.00616448,0.139287903548671,0.444107123642132,0.325646941958505,0.435389635013716,0.000303096539162113,0.000219307832422587,1.17814207650273,33569.3359375,9155.2734375,47283213.7957948,-2060049.15115298,33188.2431573076,1078.50422843163,21171.5698242188,24329.5928328224,20546.8230868237
2576.91648,2604.6976,27.7811200000001,32.5939200000003,0.636512935161591,0.00891904,0.528489112854004,0.00616448,0.147460126300929,0.450979044911772,0.374442532421846,0.460934574600756,0.000321046811647621,0.000221894581643936,1.17323995576853,34332.275390625,9918.212890625,49304935.5656514,-2149057.4073423,34185.2663062778,632.138051981499,23937.2253417969,25185.4004038772,21650.1345141652
2637.29152,2665.87136,28.5798399999999,34.77504,0.650856971740723,0.008704,0.538594901561737,0.00375808,0.156114733817637,0.461142011851312,0.381602636620415,0.487987364626918,0.000304550340379794,0.000131494088140452,1.2167681834468,33950.8056640625,9536.7431640625,43584560.0152818,-2010994.98180609,33798.8962769037,686.133646054033,23937.2253417969,24520.0467695526,21873.7300194094
2700.6464,2729.13408,28.4876799999997,33.9763200000002,0.638135850429535,0.00877568,0.590611219406128,0.0049664,0.162963135079085,0.452128904933587,0.418456984812624,0.509394269675261,0.000308051761322792,0.000174335010783611,1.19266714593819,33950.8056640625,9155.2734375,46186155.4710664,-2064034.28886374,33873.5316581877,973.910155053444,23937.2253417969,24803.0073130021,21317.2703043958
2763.1104,2791.5264,28.4160000000002,34.3449599999999,0.780257344245911,0.0088064,0.6014124751091,0.00499712,0.169548510048892,0.552824133580389,0.426109837899636,0.529979000520399,0.000309909909909908,0.000175855855855855,1.20864864864864,33950.8056640625,9155.2734375,44540567.9839737,-2022519.01405215,33779.6720120276,954.886984330424,18596.6491699219,24412.9781781527,21506.7699196016
2825.87136,2855.03488,29.1635200000001,34.2630399999998,0.746236801147461,0.00521216,0.746236801147461,0.00521216,0.172333175425018,0.52872006406918,0.52872006406918,0.538683377647616,0.000178721910112359,0.000178721910112359,1.17485955056179,33950.8056640625,9918.212890625,41368502.1993304,-1940334.79264384,33580.9458856997,744.753092963216,18596.6491699219,24101.7803779695,21402.6305448191
2889.29792,2918.48192,29.1840000000002,35.6966399999997,0.791318953037262,0.00528384,0.791318953037262,0.00528384,0.184221030618937,0.560661450769622,0.560661450769622,0.575842734649264,0.000181052631578946,0.000181052631578946,1.22315789473682,34332.275390625,9918.212890625,43581425.5629254,-2025715.34099955,34134.9062712296,620.680089242085,18596.6491699219,25078.8811017957,21999.9211469783
2954.17856,2985.43104,31.2524800000001,34.4780799999999,0.786674380302429,0.00994304,0.73190301656723,0.00595968,0.191131894934409,0.557370700715271,0.518564360825973,0.597444888284171,0.000318152031454783,0.000190694626474442,1.1032110091743,34713.7451171875,9918.212890625,40991162.3579677,-1976371.75142144,34634.3700702374,785.02147841739,23841.8579101562,25915.2338483507,21729.7327614056
3019.90912,3049.64608,29.7369600000002,35.6352000000002,0.855922043323517,0.00940032,0.630040526390076,0.00422912,0.184845263226119,0.606433717672962,0.446393245370534,0.577793976645733,0.000316115702479337,0.000142217630853994,1.19834710743801,34332.275390625,9918.212890625,40547275.6819623,-1948576.22176527,34015.4896611753,672.774928651516,18596.6491699219,24731.9645333867,22089.3129058705
3085.28128,3113.8304,28.5491199999997,36.22912,0.730738401412964,0.00862208,0.702891945838928,0.00381952,0.182997578458471,0.517739213368715,0.498009578281616,0.572018437089812,0.000302008608321381,0.000133787661406027,1.26901004304162,34332.275390625,9155.2734375,47690692.6021224,-2136999.2844752,34211.2756058161,729.794796029124,19359.5886230469,25739.9657158086,22139.0425706839
3150.05952,3179.7248,29.6652800000002,35.9014400000001,0.875635981559753,0.00940032,0.71016138792038,0.00439296,0.195337397393835,0.620401341182405,0.503160087981944,0.610590553731128,0.000316879530548842,0.000148084225060406,1.21021746634449,34713.7451171875,8773.8037109375,38867209.2189496,-1934640.56494578,34290.8112899117,840.705714100422,23841.8579101562,24961.6166152308,23187.3891135117
3215.62624,3244.98432,29.35808,34.5599999999999,0.792954683303833,0.00924672,0.74474161863327,0.0054784,0.194700505741969,0.561820390411853,0.527660704635978,0.608599741774133,0.000314963376351587,0.000186606208580398,1.17718869898849,34332.275390625,9918.212890625,41556569.3407124,-1965888.97466542,33979.0012525476,744.609802563244,18596.6491699219,24602.2491948176,21897.2491087743
3279.54432,3310.42816,30.88384,37.41696,0.883822858333588,0.01021952,0.800330460071564,0.00603136,0.198614051256297,0.626201867242942,0.567046239846239,0.620832800853076,0.000330901856763926,0.000195291777188329,1.21153846153846,34713.7451171875,9155.2734375,35183504.3650593,-1834317.36192748,34243.0701622596,683.562101359687,23841.8579101562,24724.3983473465,23092.3302677987
3347.84512,3377.57184,29.7267200000001,38.5126399999999,0.768600285053253,0.0057344,0.768600285053253,0.0057344,0.200072159662428,0.544564930772751,0.544564930772751,0.6253905928119,0.000192903892524973,0.000192903892524973,1.29555632104718,35476.6845703125,9918.212890625,43443509.6592453,-2077530.34801823,35319.1209876019,847.696099019829,23841.8579101562,26307.1903969329,23368.094346538
3416.08448,3447.0912,31.0067199999999,36.93568,0.988927841186523,0.01016832,0.799127459526062,0.00484352,0.212753251789458,0.700670337817624,0.566193895758525,0.665029469786124,0.000327939233817703,0.000156208718626157,1.19121532364598,34713.7451171875,9918.212890625,36699132.6352226,-1896964.48521253,34972.5576547476,787.600334739327,23841.8579101562,25491.2082938975,23535.4881966054
3484.02688,3515.56608,31.5392000000002,36.93568,0.932239830493927,0.01035264,0.831953048706055,0.0049152,0.213452814741383,0.660506024560415,0.589451322339025,0.667216181270376,0.000328246753246752,0.000155844155844155,1.17110389610389,35476.6845703125,9155.2734375,36821778.1299872,-1937624.01411665,35670.7450671074,875.478767651732,23841.8579101562,26496.8189942703,24483.7103114814
3552.50176,3586.43712,33.9353599999999,35.9321599999998,0.998491764068604,0.00996352,0.970741629600525,0.0059392,0.207520105463067,0.707446521880365,0.687785131754161,0.648671569272351,0.000293602896801449,0.000175015087507544,1.05884127942064,35095.21484375,9155.2734375,30588745.4831095,-1696943.43222458,33963.1487016131,2401.98810922869,25939.94140625,24709.7729326762,22360.122126413
3622.36928,3654.66624,32.2969600000001,41.1033600000001,1.09960126876831,0.01104896,1.00800573825836,0.00689152,0.232840756633478,0.77908413573247,0.714187316538879,0.727819498062469,0.000342105263157893,0.000213379835129993,1.27266962587191,35476.6845703125,8773.8037109375,33616117.4457295,-1842379.53885942,35435.2119641427,820.840894676411,25939.94140625,26048.6367183716,24438.5004583689
3695.7696,3731.34336,35.5737599999998,41.30816,1.06119561195374,0.00919552,0.866530537605286,0.00787456,0.239665295551588,0.751873146807242,0.613949996376598,0.749151813597354,0.000258491652274037,0.000221358664363847,1.16119746689696,35858.154296875,9918.212890625,30122004.0027137,-1784596.25120093,37353.0270430842,2076.15401037411,25844.5739746094,27499.1113243223,25365.6315827493
3772.65152,3806.59712,33.9456,44.0627199999999,1.20204329490662,0.0091136,0.911429226398468,0.00632832,0.252726547092043,0.851665861184682,0.645761396697315,0.789979002435283,0.000268476621417798,0.000186425339366516,1.29803921568627,35858.154296875,9918.212890625,29802506.955292,-1804908.33783343,37544.9584662842,717.008834789319,25749.2065429688,27727.564012395,26927.1556698443
3850.65984,3884.8512,34.1913600000003,41.2467200000001,1.27853655815125,0.00966656,0.900045573711395,0.00605184,0.268453656301073,0.905862495525648,0.637695906535485,0.839139196277584,0.000282719377058998,0.000176999101527402,1.2063492063492,36239.6240234375,9918.212890625,30151920.3319527,-1812169.59097346,37871.1535490858,801.696766771516,31566.6198730469,27745.407439731,26711.4675794242
3926.09792,3964.34432,38.2464,39.1065599999997,1.00195789337158,0.00668672,1.00195789337158,0.00668672,0.253689903468664,0.709902326933566,0.709902326933566,0.79299028604656,0.000174832663989291,0.000174832663989291,1.02248995983935,35858.154296875,9918.212890625,27207565.084842,-1728661.10105142,37835.1826821604,840.087229320911,24986.2670898438,28599.9583511015,26316.1883541535
4003.45088,4039.18848,35.7375999999999,38.6355200000003,1.06081259250641,0.0087552,1.06081259250641,0.0087552,0.268452420319705,0.751601771733782,0.751601771733782,0.839135332815914,0.000244985673352436,0.000244985673352436,1.08108882521491,35476.6845703125,9918.212890625,27006498.7780382,-1679198.86931554,36390.4267109086,622.443363016468,24986.2670898438,26685.7867505174,25518.4839768671
4077.824,4114.91328,37.0892799999997,36.3827200000005,1.02183973789215,0.00878592,1.02183973789215,0.00878592,0.244040205841581,0.723988914585857,0.723988914585857,0.762827018305366,0.000236885698509113,0.000236885698509113,0.98094975151852,34713.7451171875,9918.212890625,27141529.387079,-1694016.92762035,36400.69844858,653.053576373012,23365.0207519531,27371.7868003027,25493.5815944187
4151.296,4192.09216,40.7961599999999,43.7759999999998,0.992262601852417,0.01700864,0.525561332702637,0.00995328,0.213215303541878,0.703033066203862,0.372368155887707,0.666473762784424,0.000416917670682732,0.000243975903614459,1.0730421686747,36621.09375,9918.212890625,8080812.9627872,-1111894.53443054,39659.4006747485,2623.36438117501,31566.6198730469,31911.9147945082,31911.9147945064
4235.86816,4274.54464,38.6764800000001,35.60448,0.986428380012512,0.00628736,0.986428380012512,0.00628736,0.2435166798529,0.698899431759347,0.698899431759347,0.761190567591953,0.000162562880593063,0.000162562880593063,0.920571882446383,35095.21484375,9918.212890625,25356237.7585016,-1614197.73146382,36401.4410203503,1756.71053529857,24890.8996582031,26878.7050400207,24501.8482339938
4310.14912,4348.2624,38.1132799999996,38.10304,1.11296141147614,0.00631808,1.11296141147614,0.00631808,0.246109643905367,0.788549998978015,0.788549998978015,0.769295719896243,0.000165771090811394,0.000165771090811394,0.999731327243428,35476.6845703125,9155.2734375,26666170.3753523,-1690082.51234602,36934.8833637853,638.335751265624,24890.8996582031,27879.3818309613,25678.7192770226
4386.36544,4426.6496,40.2841600000002,37.1199999999999,1.05234754085541,0.00666624,1.05234754085541,0.00666624,0.262577345697378,0.745604154564025,0.745604154564025,0.820770876676336,0.000165480427046263,0.000165480427046263,0.921453990849002,35095.21484375,9536.7431640625,26857427.7546722,-1681105.26108749,37806.3347332638,2236.71326780293,24890.8996582031,28475.9874086388,24137.3157192032
4463.7696,4504.53504,40.7654400000001,38.0825599999998,1.16438066959381,0.00714752,1.16438066959381,0.00714752,0.260780885386199,0.824981321320418,0.824981321320418,0.815155455815846,0.000175332830946998,0.000175332830946998,0.934187390102982,35095.21484375,8773.8037109375,23561357.1855287,-1590211.55739694,37489.6003600748,2094.44873249794,24890.8996582031,27992.7098309226,25670.9133527045
4542.6176,4580.99712,38.3795200000004,38.7174400000004,1.06440794467926,0.00943104,1.06440794467926,0.00943104,0.258668709284351,0.754149133145412,0.754149133145412,0.808553162589811,0.000245731056563498,0.000245731056563498,1.00880469583778,34713.7451171875,9918.212890625,23391338.8332255,-1572013.24846171,36409.7472160093,609.211506405882,20503.9978027344,26945.5640258775,25877.9629034326
4619.71456,4658.5856,38.87104,39.2806399999999,0.974184811115265,0.0060928,0.974184811115265,0.0060928,0.245145543808092,0.690224677952198,0.690224677952198,0.766282111544225,0.000156743940990516,0.000156743940990516,1.01053740779768,35095.21484375,9155.2734375,25248179.3439802,-1607111.96851475,36192.5555813697,1785.89477981811,18596.6491699219,26827.2404860631,24321.1813422605
4697.86624,4737.13664,39.2703999999994,40.192,1.18011653423309,0.00891904,1.18011653423309,0.00891904,0.251783930083974,0.836130419498734,0.836130419498734,0.787032546464271,0.0002271186440678,0.0002271186440678,1.02346805736638,35095.21484375,9536.7431640625,25440038.1615998,-1587923.118913,36153.4856980847,2578.66484036527,18596.6491699219,26432.1100237527,23125.6569944268
4777.32864,4817.664,40.33536,39.4342400000005,0.979269683361053,0.00809984,0.979269683361053,0.00809984,0.270769181523668,0.69382738687173,0.69382738687173,0.846377123303879,0.000200812388931201,0.000200812388931201,0.977659304391989,35095.21484375,9918.212890625,22296520.6482512,-1520539.76102244,36165.6513381913,608.127986416354,24890.8996582031,26791.1873977955,25056.3891169767
4857.09824,4898.59072,41.4924799999999,41.1340799999998,1.08698773384094,0.00613376,1.08698773384094,0.00613376,0.265792326529767,0.770147255395448,0.770147255395448,0.830820344688471,0.000147828232971373,0.000147828232971373,0.991362290227047,35095.21484375,9155.2734375,21714416.8209041,-1507751.43659224,35929.2336326232,636.377261078246,18596.6491699219,27169.5363384358,25176.2440004509
4939.7248,4981.95456,42.2297600000002,44.7590399999999,0.939086496829987,0.0108544,0.891067206859589,0.00553984,0.26225001121835,0.665356991248597,0.631334597779572,0.819747686322254,0.000257032007759456,0.000131183317167798,1.05989330746847,35095.21484375,9155.2734375,21079846.3465849,-1472454.86592285,37017.1345127184,2687.88869416609,24890.8996582031,26837.8420238729,24588.6161838302
5026.7136,5069.78304,43.0694400000002,41.7689599999994,1.08335840702057,0.01485824,1.02068483829498,0.00915456,0.269017549487126,0.767575822432017,0.723170650747798,0.840901827792652,0.00034498335710889,0.000212553495007132,0.969805040418432,35095.21484375,9155.2734375,20576430.6967881,-1422158.43500157,35753.5342572754,2525.72683672922,18596.6491699219,26064.1097046198,23082.7686588097
5111.552,5153.5872,42.0352000000003,41.0521600000002,1.11733853816986,0.00975872,1.11733853816986,0.00975872,0.2691598193282,0.791651259465821,0.791651259465821,0.841346538443043,0.000232155907429962,0.000232155907429962,0.97661388550548,34713.7451171875,9155.2734375,22198167.7968807,-1508466.18525632,36898.234857686,2590.02280693685,18596.6491699219,27068.1135861555,24185.4467498656
5194.63936,5238.58944,43.9500799999996,38.7174400000004,1.18706953525543,0.0152576,0.952191412448883,0.01024,0.274065970694874,0.841056725920973,0.674642022240087,0.856682309880736,0.000347157502329919,0.000232991612301959,0.880941286113716,35476.6845703125,9155.2734375,21617119.4347851,-1465293.93151795,36012.0244386817,2328.3326450768,18596.6491699219,27017.7568860884,22643.9515590197
5277.30688,5320.1408,42.83392,43.7657600000002,1.28436350822449,0.01509376,0.88302081823349,0.009472,0.27915820154823,0.909990977813462,0.625633609697271,0.872599733261824,0.00035237867559168,0.000221133158020559,1.02175472149176,35095.21484375,9155.2734375,24809636.4802014,-1580257.52238002,36686.6634127017,2214.87507581982,18596.6491699219,28158.2223354245,22169.2751884178
5363.90656,5409.3312,45.4246399999993,41.8099200000006,1.19902718067169,0.01555456,0.924527943134308,0.01058816,0.282463202602476,0.84952889861586,0.655042035686371,0.882930588749397,0.000342425608656453,0.000233092876465288,0.920423805229965,35095.21484375,9155.2734375,19883291.383145,-1390065.79575405,35590.1926794261,2340.72698521924,18596.6491699219,26474.5301745732,22116.0962830591
5451.14112,5496.12544,44.9843199999996,44.7283200000002,1.07424914836884,0.0155136,1.0294554233551,0.00904192,0.275684891625793,0.761121774855482,0.729384742960591,0.861742773677455,0.000344866833598911,0.000201001593444118,0.994309128158447,34713.7451171875,9155.2734375,20088068.9594528,-1409463.54211907,36375.3231642636,3079.7695623247,18501.2817382812,26693.1871608604,22753.7627081849
5540.85376,5588.00896,47.1552000000001,44.2470400000002,1.25304222106934,0.01549312,0.962479948997498,0.01030144,0.277249808641796,0.887799371977437,0.681931606048868,0.866634430677565,0.000328555917480998,0.000218458197611291,0.938327904451684,34713.7451171875,9155.2734375,19541298.3531132,-1401751.41147172,36283.5771498267,2325.98636271956,18405.9143066406,27628.1688708655,22647.5853108043
5632.256,5681.6128,49.3567999999996,46.3564800000004,1.13602066040039,0.01545216,1.05877208709717,0.00869376,0.265118394608524,0.804887825723992,0.750156042778779,0.828713751325097,0.00031307053941909,0.000176141078838176,0.939211618257277,34713.7451171875,8773.8037109375,18184827.106669,-1327870.88947896,35256.9919848732,2696.79654830021,22554.3975830078,27241.5972299167,21239.515054274
5727.96928,5777.64352,49.6742399999994,47.0528000000004,1.41140246391296,0.01656832,1.03681290149689,0.00984064,0.270570884848116,1,0.734597627541639,0.84575728256399,0.000333539476396623,0.000198103483817772,0.947227375798824,34713.7451171875,9155.2734375,19690190.2368598,-1395143.70836533,36655.8430165897,2889.78502279732,18548.9654541016,28709.7162665496,20716.5659342249
5824.69632,5875.88608,51.1897600000002,43.7145599999994,1.09828758239746,0.009216,1.09828758239746,0.009216,0.267151093323337,0.778153369062836,0.778153369062836,0.835067612134167,0.00018003600720144,0.00018003600720144,0.853970794158817,34332.275390625,9155.2734375,16387336.0015874,-1253715.57719981,35153.7644655447,2562.69849917615,22554.3975830078,26721.6904094342,21236.1630660783
5919.60064,5969.16224,49.5616,47.1142400000008,0.815742671489716,0.013312,0.801474094390869,0.01037312,0.230306502596864,0.577966024820557,0.567856522064491,0.719897863003557,0.000268595041322314,0.000209297520661157,0.95061983471076,35095.21484375,9155.2734375,16212771.0356457,-1290096.52296173,36721.0944171859,2290.46359771196,16164.7796630859,27213.3617851609,24114.9721191641
6016.27648,6068.40832,52.1318399999991,47.6569600000003,0.969021916389465,0.01615872,0.967428207397461,0.01006592,0.262495816015158,0.68656668892511,0.685437521991685,0.82051602914342,0.000309958750736599,0.000193085837752901,0.914162247102751,34713.7451171875,9536.7431640625,14469594.0477533,-1212526.85626064,35716.5319994352,1846.06738757776,23317.3370361328,26917.0018736157,23886.8244407909
6116.06528,6168.9344,52.8691200000003,49.8483200000001,0.990672409534454,0.01384448,0.748613595962524,0.01299456,0.256260145810067,0.701906390887203,0.530404059156219,0.801024414254463,0.000261863257795854,0.00024578733294596,0.942862676738326,34332.275390625,8773.8037109375,13660754.0952378,-1209815.88071311,36775.0293498931,2019.51035386878,10728.8360595703,27793.3949242179,25778.1281855291
6218.78272,6274.72384,55.9411199999995,49.4592000000002,1.13739335536957,0.01404928,0.838436841964722,0.01395712,0.259947247022607,0.805860400878333,0.594045187961657,0.812549648034909,0.000251144060040273,0.000249496613582283,0.884129599121374,35095.21484375,8773.8037109375,14212385.7076088,-1217150.74233108,37071.9216086648,2648.4170586718,18548.9654541016,28506.0839095599,23612.4093138576
6324.18304,6382.25408,58.0710399999998,49.3568000000005,0.881145536899567,0.02300928,0.781600892543793,0.01355776,0.235197036761716,0.624304944499448,0.553776057877132,0.735184817798687,0.000396226415094341,0.00023346852406983,0.849938282489872,34713.7451171875,9155.2734375,13012490.5180899,-1157407.33097696,36459.0249898218,2695.0490285686,14829.6356201172,28142.7704301976,23330.5323909147
6431.61088,6487.62368,56.0127999999995,52.2240000000002,1.02149784564972,0.01419264,0.829648494720459,0.01364992,0.250331376835623,0.723746678759313,0.587818510972658,0.782492118957467,0.000253382084095066,0.000243692870201099,0.932358318098731,34332.275390625,9536.7431640625,13805102.4711955,-1148230.37801019,36088.0039207023,3212.60068469301,22554.3975830078,26748.6705989318,21003.0039110839
6539.84768,6599.23968,59.3919999999998,55.2345599999999,1.02775347232819,0.0150016,0.956199824810028,0.01424384,0.24790410747715,0.728178884907745,0.677482043044664,0.774904899298464,0.000252586206896552,0.000239827586206897,0.930000000000001,34332.275390625,8773.8037109375,10881884.9146466,-1049239.46905912,36096.5287652311,2812.98286322207,18596.6491699219,26652.6554299971,23931.5645359727
6654.47424,6713.26208,58.7878400000009,51.8758399999997,0.7291459441185,0.02308096,0.686729907989502,0.01432576,0.215297421891191,0.516610933281936,0.486558529935973,0.672982100730987,0.000392614527085868,0.000243685769029782,0.882424664692544,34713.7451171875,8773.8037109375,12270478.8443234,-1152729.16902893,37529.1163855925,2612.0583705295,10776.5197753906,28786.0293443484,25359.5587434495
6765.13792,6826.36288,61.2249599999996,50.5344000000005,1.16214656829834,0.0154624,0.995754420757294,0.01491968,0.262581015920018,0.823398426750944,0.705507072728689,0.820782349150649,0.000252550593744775,0.000243686235156382,0.825388861013561,34713.7451171875,8773.8037109375,10341247.4585696,-1049900.07476342,36717.910534705,1858.31038673426,22554.3975830078,27779.8327096453,25515.9681711468
6876.89728,6939.76064,62.8633600000003,53.2070399999993,0.73388135433197,0.02443264,0.56424218416214,0.00401408,0.221576102792597,0.51996604306426,0.399774124382522,0.692608159537131,0.000388662648639842,6.38540478905356e-05,0.846391920508212,34713.7451171875,9155.2734375,11436697.2725397,-1103869.11616812,37428.1163118324,2701.56824081216,12779.2358398438,29075.3194316868,24197.3581389223
6992.96768,7055.93344,62.96576,55.95136,0.935062050819397,0.017152,0.732680141925812,0.01296384,0.251965500988281,0.662505610360801,0.519114965900324,0.787600105367387,0.000272402016588063,0.000205887136119694,0.888599772320702,34713.7451171875,9155.2734375,9245950.73380073,-976329.104963115,36089.655588798,2269.78925095614,15830.9936523438,26729.8891351804,24818.0040524953
7111.8848,7177.5744,65.6896000000006,58.9721599999993,0.980646371841431,0.01780736,0.913349628448486,0.01415168,0.271522079035783,0.694802791489178,0.647122030605162,0.848730549298894,0.000271083398285266,0.000215432579890879,0.897739672642227,34713.7451171875,9155.2734375,7914747.30344237,-904003.988555827,36062.0955098635,2479.25152837589,22554.3975830078,26396.0645934377,25230.5479399022
7236.54656,7304.51968,67.9731200000006,55.8182399999996,1.33734118938446,0.01839104,1.21570038795471,0.01380352,0.319915524732883,0.947526466460051,0.861342118239125,1,0.000270563422717684,0.00020307321482374,0.821181078638131,35095.21484375,8773.8037109375,8492152.43913457,-941577.121554345,36685.4102471974,2134.13978663112,23841.8579101562,27433.9569826586,24765.2602501594
7360.33792,7430.13376,69.7958399999998,0,1.19759333133698,0.02710528,0.345345348119736,0.01741824,0.249396145124403,0.848512994668278,0.244682404168618,0.779568748133243,0.000388350938967137,0.00024955985915493,0,35095.21484375,9155.2734375,2519339.45966266,-587592.705920157,37730.3834945436,3548.22171504445,22554.3975830078,28738.6668941278,28738.666894122
