note.starts,note.ends,note.durs,INI,pk.amps,pk.times,qpk.amps,qpk.times,note.rmss,rel.pk.amps,rel.qpk.amps,rel.note.rmss,rel.pk.tm,rel.qpk.tm,rel.INI,max.Hz,min.Hz,FMa,FMb,FMc,FM.resid,note.DF,arcL,chordL
954.12224,969.8816,15.75936,28.8972799999999,0.0366424918174744,0.01071104,0.0352613069117069,0.00141312,0.0131962405981539,0.0288589062139416,0.0277711121343739,0.0462008500520905,0.000679662118258609,8.96686159844054e-05,1.83365821962312,30136.1083984375,15640.2587890625,133426403.458947,-2212152.78751307,29058.7708190247,3786.28452487384,26893.6157226562,16613.600103215,1724.67381522915
998.77888,1018.35776,19.57888,24.1254399999999,0.120693974196911,0.00919552,0.0926610827445984,0.0037888,0.0268272297718117,0.0950562013982763,0.0729780471789148,0.0939237816089712,0.000469665271966527,0.000193514644351464,1.23221757322175,30899.0478515625,15640.2587890625,70061747.10991,-1546533.71600091,30586.0182818244,4410.60308202507,17738.3422851562,13646.5399030014,3422.45042117751
1042.4832,1061.86752,19.3843200000001,29.1328000000001,0.181155785918236,0.00229376,0.181155785918236,0.00229376,0.0404109405588843,0.142674735713091,0.142674735713091,0.141481188626262,0.000118330692023243,0.000118330692023243,1.50290544109878,30899.0478515625,9155.2734375,55026729.4202545,-1538810.94780279,29338.3878820083,5170.09426413991,26512.1459960938,12363.8689029356,9152.40779987388
1091.00032,1110.55872,19.5583999999999,26.3168000000001,0.194206014275551,0.00846848,0.163454309105873,0.00396288,0.0514705239172086,0.15295283901759,0.128733400562608,0.180201470253138,0.00043298429319372,0.000202617801047122,1.34554973821991,31280.517578125,12969.970703125,88810665.3505902,-2026742.21526771,30854.1690602022,4455.93973856182,24414.0625,17459.0701349125,5667.00137805864
1136.87552,1156.94592,20.0703999999998,27.7913600000002,0.173172414302826,0.0047616,0.173172414302826,0.0047616,0.0474003990954046,0.136387189171011,0.136387189171011,0.165951712893322,0.000237244897959186,0.000237244897959186,1.38469387755104,30517.578125,9918.212890625,31059810.8079657,-1112701.80371191,28427.4419148763,5434.42933941841,23651.123046875,10110.1832068613,9820.82759342657
1184.73728,1204.03968,19.3024,30.3103999999998,0.131845042109489,0.00768,0.123038217425346,0.00437248,0.0396645533568435,0.10383856327141,0.0969024812803618,0.138868041120668,0.00039787798408488,0.000226525198938992,1.57029177718832,29754.638671875,12969.970703125,89115671.6760367,-1935672.81172315,29194.7757496553,4081.14011110947,15830.9936523438,16862.1206723753,4160.17814931242
1234.35008,1254.4,20.0499200000002,30.5151999999998,0.141860589385033,0.00369664,0.141860589385033,0.00369664,0.0384624166216665,0.111726611413604,0.111726611413604,0.134659286465816,0.000184371807967312,0.000184371807967312,1.52196118488251,29373.1689453125,9155.2734375,-1127327.30091492,-657067.88656153,27232.5440949085,5634.52939748545,23651.123046875,13627.3433369699,13627.3433369699
1284.9152,1305.86624,20.9510400000001,30.6380799999999,0.142993852496147,0.00777216,0.142464488744736,0.00338944,0.0397197583188346,0.112619147161508,0.112202230677467,0.139061317088328,0.000370967741935481,0.000161779081133919,1.46236559139784,29373.1689453125,9536.7431640625,-14655254.9118937,-314058.456178597,25900.2049763997,5058.87059190349,24414.0625,13012.7179299613,13012.7179299596
1336.50432,1357.49632,20.992,28.93824,0.156323179602623,0.00815104,0.142576307058334,0.00470016,0.0434434296807176,0.123117063154145,0.112290296583062,0.152098119574158,0.00038829268292683,0.000223902439024391,1.37853658536585,30136.1083984375,9155.2734375,25607311.2490941,-1130514.11598705,28470.0816875887,5493.1328046619,27656.5551757812,12447.530479691,12447.5304796792
1386.43456,1408.43008,21.9955200000002,29.2454399999999,0.162942379713058,0.003584,0.162942379713058,0.003584,0.0465632303595347,0.128330215036662,0.128330215036662,0.163020733653701,0.000162942271880818,0.000162942271880818,1.32960893854747,30517.578125,9155.2734375,29674691.7830666,-1242919.77696159,29056.2616905315,5541.42966582601,27656.5551757812,13047.7841781332,12981.96486923
1437.67552,1460.14208,22.4665600000001,29.3785599999999,0.194059818983078,0.0016896,0.194059818983078,0.0016896,0.052889999138357,0.152837698479239,0.152837698479239,0.185171140316149,7.5205104831358e-05,7.5205104831358e-05,1.30765724703737,32043.45703125,9536.7431640625,32553366.0342231,-1398744.65868331,29450.1321357593,5393.18393966838,27656.5551757812,15056.6623980666,14993.78914712
1489.52064,1512.0896,22.5689600000001,29.81888,0.204761981964111,0.00248832,0.204761981964111,0.00248832,0.0541304374455474,0.161266511653147,0.161266511653147,0.189513991130599,0.000110254083484573,0.000110254083484573,1.32123411978221,31661.9873046875,9536.7431640625,35088317.9867341,-1573566.62272069,29948.7197608279,4173.82246207955,27656.5551757812,17642.7443599283,17641.2482545217
1541.90848,1565.30688,23.3984,27.2179199999998,0.195033401250839,0.00167936,0.195033401250839,0.00167936,0.0512814655805836,0.153604472734026,0.153604472734026,0.17953956538739,7.17724288840261e-05,7.17724288840261e-05,1.163238512035,31661.9873046875,8773.8037109375,30677215.154116,-1515524.15382736,29841.6405393366,4086.14891051833,27656.5551757812,18665.5214624873,18665.521462478
1592.5248,1615.27808,22.7532800000001,30.1158399999999,0.24569109082222,0.00864256,0.203705295920372,0.0019456,0.0596513698551919,0.193501473179237,0.160434286498107,0.208843115096511,0.000379837983798378,8.5508550855085e-05,1.32358235823581,31661.9873046875,9536.7431640625,53448817.4393843,-1973068.50596386,31059.6666837993,4572.56758693754,17738.3422851562,19195.3178430472,17222.6993228825
1645.39392,1669.19168,23.7977599999999,28.8153600000001,0.291984677314758,0.00239616,0.291984677314758,0.00239616,0.0656048022489836,0.229961391831878,0.229961391831878,0.229686448110559,0.000100688468158348,0.000100688468158348,1.21084337349398,31661.9873046875,9536.7431640625,45305872.507186,-1983883.2199055,31648.21997621,2913.31222880631,27561.1877441406,21882.0406104976,21553.7487784046
1698.00704,1723.46368,25.4566400000001,32.2662399999999,0.240251138806343,0.0037888,0.240251138806343,0.0037888,0.0589685353930172,0.189217073913583,0.189217073913583,0.2064524696424,0.000148833467417538,0.000148833467417538,1.26749798873692,33569.3359375,9155.2734375,45911478.4619425,-2067247.26559972,33890.860421317,2239.14493328523,27561.1877441406,23668.1009642176,22872.671050811
1755.72992,1780.08064,24.3507199999999,30.3616000000002,0.227683916687965,0.010496,0.219064652919769,0.00287744,0.060507835263966,0.179319376827626,0.172531014126785,0.211841653174932,0.000431034482758622,0.000118166526492852,1.24684608915056,32043.45703125,9155.2734375,53113279.0049923,-2117534.29095029,32237.9205459939,2770.50243739717,27561.1877441406,22141.6527041882,20069.5640469574
1810.44224,1833.56416,23.1219199999998,32.5324800000001,0.216746389865875,0.00214016,0.216746389865875,0.00214016,0.0600933206228087,0.170705195719434,0.170705195719434,0.210390411918905,9.25597874224985e-05,9.25597874224985e-05,1.40699734278124,31280.517578125,9536.7431640625,63574303.4869847,-2330239.93404711,32254.2692485608,2418.43466433161,27656.5551757812,22814.7667289331,19891.3247541394
1866.09664,1894.06208,27.9654399999999,25.26208,0.315021544694901,0.00282624,0.315021544694901,0.00282624,0.0653086537069826,0.248104775707029,0.248104775707029,0.228649613848531,0.000101061882094471,0.000101061882094471,0.903332112779202,31661.9873046875,9155.2734375,41421787.8893886,-1876527.39698834,31328.3897671304,2690.18554716379,27561.1877441406,22422.7498542736,20083.3492210637
1919.32416,1943.95136,24.6272000000001,32.1228799999999,0.28425994515419,0.00239616,0.28425994515419,0.00239616,0.069464645657381,0.223877544639932,0.223877544639932,0.243199997307356,9.72972972972968e-05,9.72972972972968e-05,1.30436590436589,31661.9873046875,9155.2734375,60642434.1181807,-2212453.1966504,31721.0720894032,3439.3147022764,27561.1877441406,22652.1592579726,17706.9529368748
1976.07424,2001.01888,24.9446400000002,30.7609599999998,0.344770103693008,0.00275456,0.344770103693008,0.00275456,0.0759610424436624,0.271534155957771,0.271534155957771,0.265944282057958,0.000110426929392446,0.000110426929392446,1.23316912972084,31661.9873046875,9155.2734375,40371746.3500056,-1806307.45418415,31054.112818334,3943.03467493336,27561.1877441406,20471.8163498728,19936.9729706131
2031.77984,2059.19232,27.4124800000002,27.136,0.301151692867279,0.00243712,0.301151692867279,0.00243712,0.0675610405656054,0.237181153069998,0.237181153069998,0.23653535878782,8.8905491221516e-05,8.8905491221516e-05,0.989914082928644,31661.9873046875,9155.2734375,54737436.4127651,-2094847.85800083,31553.8575459442,3686.59812624155,27561.1877441406,23792.9550194875,16292.8535721759
2086.32832,2111.83616,25.5078399999998,31.5289600000001,0.363610029220581,0.0029184,0.363610029220581,0.0029184,0.0829316035283982,0.286372110936002,0.286372110936002,0.290348645183913,0.000114411882778002,0.000114411882778002,1.23604977920515,32043.45703125,9918.212890625,61139417.8746639,-2194391.68236377,32357.5502866274,3520.86761879846,27561.1877441406,23186.2770028527,16193.835715272
2143.36512,2168.91392,25.5488,31.4060800000002,0.367959350347519,0.00263168,0.367959350347519,0.00263168,0.0824791481659014,0.289797550753846,0.289797550753846,0.288764571128693,0.000103006012024048,0.000103006012024048,1.22925851703407,31661.9873046875,9155.2734375,49806997.8465922,-2135812.68071083,32430.3763253348,522.336678352446,27561.1877441406,23737.3766099118,22056.3723985954
2200.32,2225.73568,25.4156799999996,31.0886400000004,0.409274131059647,0.00262144,0.409274131059647,0.00262144,0.0870720426791139,0.322336259850378,0.322336259850378,0.304844577334376,0.000103142626913781,0.000103142626913781,1.22320709105563,31661.9873046875,9155.2734375,52083600.0843744,-2093599.19593353,31765.0336723823,2680.40206282154,27561.1877441406,22511.6030764504,19566.492097141
2256.82432,2284.47232,27.6479999999997,29.6960000000004,0.414576798677444,0.00616448,0.414576798677444,0.00616448,0.0917806194597175,0.32651253662293,0.32651253662293,0.321329594273962,0.000222962962962966,0.000222962962962966,1.0740740740741,32043.45703125,9155.2734375,42440484.9052079,-1991993.6808656,32896.8636132041,793.868573790463,27561.1877441406,24115.7037252326,22632.6294155159
2314.16832,2340.90496,26.7366399999996,31.85664,0.452436566352844,0.00349184,0.452436566352844,0.00349184,0.0999700845809486,0.356330145372587,0.356330145372587,0.350001415408062,0.000130601302183073,0.000130601302183073,1.19149751053238,33569.3359375,9155.2734375,46934299.7571781,-2083436.91457857,33926.6810963747,2548.64444341053,27561.1877441406,24089.1860913613,22153.2162606285
2372.7616,2399.54944,26.78784,32.0512000000003,0.470279902219772,0.00301056,0.470279902219772,0.00301056,0.0985846535658068,0.37038320592569,0.37038320592569,0.345150936204384,0.000112385321100918,0.000112385321100918,1.19648318042815,33569.3359375,9155.2734375,45083323.1551551,-1992203.85741768,32729.4994248703,2167.81260594106,27561.1877441406,23001.5960384698,21015.5697187063
2431.60064,2458.97216,27.3715199999997,31.8976000000002,0.525328934192657,0.00319488,0.525328934192657,0.00319488,0.102036518650667,0.413738741318514,0.413738741318514,0.357236128195197,0.000116722783389451,0.000116722783389451,1.16535727646841,33569.3359375,9155.2734375,61593638.5143761,-2421232.15012931,34476.3766029741,1811.11867708206,27561.1877441406,27462.200691162,20126.8436496365
2490.86976,2520.36096,29.4911999999999,29.3273600000002,0.493079781532288,0.00370688,0.493079781532288,0.00370688,0.111612386918509,0.388339942657641,0.388339942657641,0.390761832025047,0.000125694444444445,0.000125694444444445,0.994444444444454,33569.3359375,9155.2734375,39306032.548841,-1901280.44307838,33370.3082540761,2549.38622207585,27561.1877441406,24098.2481463741,21885.3716255443
2549.68832,2578.21696,28.52864,32.1843199999998,0.542636692523956,0.003584,0.542636692523956,0.003584,0.113699833192623,0.42736999153328,0.42736999153328,0.39807010983226,0.000125628140703518,0.000125628140703518,1.12814070351758,33569.3359375,9536.7431640625,43427837.3974634,-2054338.48989735,34054.4659158458,790.149074453795,27561.1877441406,25327.5843756097,23262.2915926921
2610.40128,2638.78656,28.38528,33.3619199999998,0.55845320224762,0.00351232,0.55845320224762,0.00351232,0.116761490827596,0.43982676366059,0.43982676366059,0.408789161538853,0.000123737373737374,0.000123737373737374,1.17532467532467,33187.8662109375,9536.7431640625,57564217.5246782,-2356346.19414276,34763.8789844136,1592.00064339683,27561.1877441406,27722.9392812997,20504.6679500849
2672.14848,2702.91968,30.7712000000001,31.3241600000001,0.57185572385788,0.0039936,0.57185572385788,0.0039936,0.117074586363397,0.450382326205503,0.450382326205503,0.409885328268605,0.000129783693843593,0.000129783693843593,1.0179700499168,33569.3359375,9155.2734375,38191131.9568532,-1906765.45894737,33927.3306039664,2579.69080218977,27561.1877441406,25087.9164861425,22511.5483169625
2734.24384,2764.07296,29.8291199999999,32,0.566577851772308,0.00352256,0.566577851772308,0.00352256,0.116553453192812,0.446225577906687,0.446225577906687,0.408060808982809,0.000118091314795744,0.000118091314795744,1.07277720562994,33569.3359375,9155.2734375,40183679.2086237,-1910483.23531766,33370.3082540761,2545.48522140174,27561.1877441406,24182.2430504342,21233.5442603244
2796.07296,2826.8544,30.7814400000002,32.9113599999996,0.587562084197998,0.004096,0.587562084197998,0.004096,0.120350708067657,0.46275234684372,0.46275234684372,0.421355231873736,0.000133067198935462,0.000133067198935462,1.06919494344642,33569.3359375,8773.8037109375,36759892.7885922,-1935239.25208926,34577.0028921274,702.072497719628,27561.1877441406,26201.1656769129,24739.5610044524
2859.76576,2888.71424,28.94848,33.6793600000001,0.609632134437561,0.0045568,0.609632134437561,0.0045568,0.134023106752694,0.48013428454526,0.48013428454526,0.469223140677108,0.000157410682702511,0.000157410682702511,1.16342412451362,33950.8056640625,9155.2734375,40390553.064144,-2040398.72468847,35234.5342221468,668.277571628388,27561.1877441406,26318.5585736527,25218.5727727204
2922.3936,2955.008,32.6143999999999,29.1635200000001,0.671705901622772,0.008192,0.648609638214111,0.00467968,0.137059452098838,0.529022363294581,0.510832200275014,0.479853572503517,0.000251177394034537,0.00014348508634223,0.894191522762955,34713.7451171875,9155.2734375,46843077.7465405,-2223091.38480504,36725.2969334268,1671.11023611464,27561.1877441406,30074.2073055928,22677.8526124802
2984.17152,3016.22272,32.0512000000003,32.69632,0.600183963775635,0.0041984,0.600183963775635,0.0041984,0.132359968308079,0.472693091070098,0.472693091070098,0.463400390680697,0.000130990415335462,0.000130990415335462,1.02012779552715,33950.8056640625,9155.2734375,35575819.9232358,-1892161.04060943,34535.9867454594,871.303980121705,27561.1877441406,26219.3545458008,24099.724236807
3048.91904,3080.12032,31.2012799999998,30.0236799999998,0.657709538936615,0.0043008,0.657709538936615,0.0043008,0.144914856421945,0.517999103192399,0.517999103192399,0.50735582623487,0.00013784049885133,0.00013784049885133,0.962257958647851,34332.275390625,9155.2734375,37718552.986201,-1908209.58942184,34890.1015061599,2472.09059998972,27561.1877441406,25450.0512053659,22818.8207613076
3110.144,3142.656,32.5120000000002,30.4947200000001,0.672031402587891,0.0049152,0.672031402587891,0.0049152,0.143832802297957,0.529278721455803,0.529278721455803,0.503567488188228,0.000151181102362204,0.000151181102362204,0.937952755905511,34713.7451171875,9155.2734375,38991890.7682363,-2033202.68051514,36107.6420188969,847.641831559795,27561.1877441406,28122.0342919635,24887.8816353484
3173.15072,3204.42368,31.2729599999998,33.3721600000003,0.722081661224365,0.00812032,0.645344495773315,0.00509952,0.147671592413054,0.568697321237947,0.508260638276898,0.517007328510165,0.000259659462999347,0.000163064833005895,1.06712508185987,34332.275390625,9536.7431640625,48241873.9934036,-2244558.81495155,36623.294536884,1682.98518646014,27465.8203125,29202.9671880096,23013.5404455213
3237.79584,3272.2432,34.4473599999997,30.5868800000003,0.6520916223526,0.004352,0.6520916223526,0.004352,0.144279828887681,0.51357454253142,0.51357454253142,0.505132555776039,0.000126337693222356,0.000126337693222356,0.887931034482776,34332.275390625,9155.2734375,35993083.6159054,-1864110.69515434,34487.6193843647,2561.37588762077,27561.1877441406,26768.3372085743,21503.557324874
3302.83008,3335.96672,33.1366399999997,32.4710399999999,0.728575348854065,0.00868352,0.723451554775238,0.00549888,0.157596348602187,0.573811621958041,0.569776222468373,0.551754510413005,0.000262051915945614,0.000165945611866503,0.979913473423986,35095.21484375,9155.2734375,32608565.1493995,-1850689.12510743,36184.8954607133,2015.26598547863,20599.365234375,26997.4395623238,25520.2111584761
3368.43776,3402.07616,33.6384000000003,32.8908799999999,0.704077839851379,0.00955392,0.695994198322296,0.00556032,0.15866119335844,0.5545178654552,0.548151348300281,0.555482597404632,0.00028401826484018,0.000165296803652967,0.977777777777768,34713.7451171875,9155.2734375,33686254.165977,-1909584.40399323,36536.3226996528,779.434980601007,20599.365234375,28006.6920599971,26117.9541345328
3434.96704,3470.00832,35.0412799999999,32.4300800000001,0.699388563632965,0.01005568,0.692190110683441,0.00617472,0.160390003951447,0.550824683690363,0.545155323659103,0.561535269632145,0.000286966686148452,0.000176212741087084,0.925482174167159,35095.21484375,9536.7431640625,43945217.8817986,-2188768.32911458,38337.185530305,1918.73681398668,21743.7744140625,31770.4495490968,22737.2929845299
3502.4384,3536.97792,34.5395199999998,31.37536,0.746230602264404,0.00950272,0.719785034656525,0.00550912,0.161900862682387,0.58771655246578,0.566888543301668,0.566824878984052,0.000275126000592945,0.000159501927067893,0.908390157130156,35095.21484375,9155.2734375,33050999.6122884,-1894442.3492024,36546.7624841783,729.151595579757,20599.365234375,28289.5439457028,26003.9993907413
3568.35328,3600.90624,32.55296,33.1468800000002,0.739236533641815,0.00514048,0.739236533641815,0.00514048,0.164165297250823,0.582208161512495,0.582208161512495,0.574752803696468,0.00015791129285939,0.00015791129285939,1.01824473104751,34713.7451171875,9155.2734375,35769727.3262733,-1966990.65508253,36441.1182892628,731.274742029517,20599.365234375,27956.4160741489,26126.3595920139
3634.05312,3667.49696,33.4438399999999,33.7100799999998,0.728416502475739,0.00804864,0.728416502475739,0.00804864,0.165060053187175,0.573686517673175,0.573686517673175,0.577885399267239,0.000240661359461115,0.000240661359461115,1.00796080832823,34713.7451171875,8773.8037109375,32954238.9849055,-1837439.59740805,35533.5091205453,902.572851430421,20694.7326660156,26633.3082877452,24592.0348428281
3701.20704,3737.06752,35.8604800000003,32.9625599999999,0.799456000328064,0.0061952,0.799456000328064,0.0061952,0.177272115190236,0.629635829641857,0.629635829641857,0.620640579519804,0.000172758423757851,0.000172758423757851,0.919189034837227,35095.21484375,9155.2734375,28544385.0779905,-1763412.61813197,36845.1837248403,951.964618996692,20694.7326660156,27940.4957616387,26529.4851306968
3770.03008,3804.93824,34.90816,33.4335999999998,0.764771938323975,0.00796672,0.764771938323975,0.00796672,0.173721973733212,0.602319344248874,0.602319344248874,0.608211315904936,0.000228219419184512,0.000228219419184512,0.957758873569959,35095.21484375,9536.7431640625,32634040.7735171,-1815913.10501688,35641.6331658157,2227.8079827475,27465.8203125,26900.0190326073,23623.0077352079
3838.37184,3873.62816,35.2563200000004,35.0822399999997,0.855695724487305,0.00989184,0.750072836875916,0.00637952,0.178731570740961,0.673929130793267,0.590742620912705,0.625750223175904,0.000280569270984603,0.000180946848678476,0.995062445541659,35476.6845703125,9536.7431640625,31149442.9350221,-1830350.44788418,37349.3731185003,2285.38257662737,20599.365234375,27963.5571984738,25812.4112258459
3908.7104,3944.69376,35.9833600000002,36.0550399999997,0.835916340351105,0.00570368,0.835916340351105,0.00570368,0.18556619549295,0.658351276683359,0.658351276683359,0.649678664839289,0.000158508821855435,0.000158508821855435,1.0019920318725,35095.21484375,8773.8037109375,29647549.7186858,-1791142.80562875,36676.0592155269,743.248938295484,25558.4716796875,28041.8956745646,26063.623878226
3980.7488,4018.06336,37.3145600000003,34.2630399999998,0.928633213043213,0.00616448,0.928633213043213,0.00616448,0.190928521942563,0.731373262928178,0.731373262928178,0.668452499583073,0.000165203073545553,0.000165203073545553,0.918221734357837,35476.6845703125,8773.8037109375,27907984.5358835,-1763866.22348972,36963.8648791626,679.743211276811,27465.8203125,28781.281475854,26959.4733241515
4052.3264,4091.27936,38.9529600000001,33.7817600000003,0.846098244190216,0.00671744,0.846098244190216,0.00671744,0.192353123243795,0.666370343984676,0.666370343984676,0.673440116367768,0.000172450052576235,0.000172450052576235,0.86724500525763,35476.6845703125,9155.2734375,23864370.0559771,-1597698.48879041,36704.3095250283,1799.68683822319,27465.8203125,27457.3658347004,26024.8869020992
4125.06112,4161.9968,36.9356799999996,35.4611199999999,0.850678682327271,0.00643072,0.850678682327271,0.00643072,0.195699408533649,0.669977807016243,0.669977807016243,0.685155667001917,0.000174105905184366,0.000174105905184366,0.960077626836715,35476.6845703125,9536.7431640625,28578387.7606691,-1774133.26680991,37227.3717759316,562.210308867105,20694.7326660156,28527.7889045109,26540.9115259984
4197.45792,4234.72128,37.2633599999999,35.3177599999999,0.84791487455368,0.00953344,0.819607973098755,0.00669696,0.190284426791347,0.667801086346461,0.645507127235705,0.666197482839532,0.000255839516350646,0.000179719703215169,0.94778785380599,35476.6845703125,9155.2734375,33545644.4027938,-1902812.51535754,37765.9272564134,2250.6270939071,20694.7326660156,29641.5845164081,24325.1149223151
4270.03904,4307.6096,37.5705600000001,32.7168000000001,0.783165276050568,0.00662528,0.783165276050568,0.00662528,0.190847582768209,0.616805575454361,0.616805575454361,0.668169126554985,0.000176342327609702,0.000176342327609702,0.870809484873264,35476.6845703125,9536.7431640625,27464969.5393878,-1705743.86433757,37020.5549297396,2155.49400217161,20694.7326660156,27650.9407634475,25317.6574259704
4340.3264,4378.3168,37.9903999999997,36.5670400000008,0.879732847213745,0.00723968,0.879732847213745,0.00723968,0.197741018647322,0.692860296115505,0.692860296115505,0.692303469591984,0.000190566037735851,0.000190566037735851,0.962533692722402,35476.6845703125,8773.8037109375,31026731.7014796,-1852948.49720633,38225.6428312274,1747.60005481821,27465.8203125,29715.7154544933,25614.2882553852
4414.88384,4454.7584,39.8745599999993,35.6659200000004,0.830085635185242,0.01088512,0.827772676944733,0.00649216,0.199004209519105,0.653759127918451,0.651937487477836,0.696725978534612,0.000272984078068829,0.000162814586543403,0.894453004622521,35476.6845703125,9155.2734375,26380286.7035389,-1707642.01538729,37310.6198576538,1810.80444020169,20694.7326660156,29121.988011147,26147.3316296587
4490.42432,4529.3056,38.8812799999996,34.9184000000005,0.921976566314697,0.0096768,0.921976566314697,0.0096768,0.20844829769496,0.726130618825411,0.726130618825411,0.729790312156448,0.000248880695285754,0.000248880695285754,0.898077429549666,35476.6845703125,8773.8037109375,26365150.5063286,-1675985.85030542,36318.5328821982,640.55562833551,20694.7326660156,27962.8904052017,25306.8551117903
4564.224,4602.20416,37.9801600000001,32.6143999999995,0.907975196838379,0.00934912,0.907975196838379,0.00934912,0.2061994218955,0.715103415473724,0.715103415473724,0.721916859651259,0.000246157994068482,0.000246157994068482,0.858722027500659,35095.21484375,9155.2734375,25551772.0323974,-1667930.51850376,36766.892413011,954.575959062851,20694.7326660156,27948.3168507666,26490.027073011
4634.81856,4675.21536,40.3968000000004,36.51584,0.757995009422302,0.00779264,0.757995009422302,0.00779264,0.200702913467524,0.596981968271112,0.596981968271112,0.702673245547521,0.000192902408111531,0.000192902408111531,0.903929024081106,35476.6845703125,9536.7431640625,24019841.856462,-1625856.83786481,37936.2413960118,2146.68255054555,20694.7326660156,28544.1621880077,26481.3987477922
4711.7312,4752.41472,40.6835199999996,34.3756800000001,0.928417146205902,0.008704,0.928417146205902,0.008704,0.208428258238101,0.731203092934692,0.731203092934692,0.729720152785333,0.000213944122829099,0.000213944122829099,0.844953435690925,35476.6845703125,9155.2734375,24206529.4839944,-1581593.5577474,35678.1928934515,2144.75243170188,22697.4487304688,27389.2854821893,24279.3849208386
4786.7904,4827.71968,40.9292800000003,35.2460799999999,0.99541699886322,0.0100864,0.99541699886322,0.0100864,0.207474681367042,0.783970859761711,0.783970859761711,0.726381621504,0.000246434826119588,0.000246434826119588,0.861145859394537,35095.21484375,9155.2734375,23308794.374812,-1597712.49610519,36793.7878491407,778.517688167031,20694.7326660156,28411.8083525081,26346.1908247902
4862.96576,4905.66656,42.7007999999996,35.4406400000007,0.924487411975861,0.01045504,0.924487411975861,0.01045504,0.212655063503649,0.728108111508336,0.728108111508336,0.744518458016317,0.000244844124700242,0.000244844124700242,0.829976019184676,35095.21484375,9536.7431640625,21544274.6430686,-1539403.2149207,37023.2543479039,933.026770215466,20694.7326660156,28546.7219746203,26450.8163671281
4941.1072,4984.02304,42.9158399999997,35.4918399999997,0.98409241437912,0.00999424,0.98409241437912,0.00999424,0.219431725872214,0.775051839647947,0.775051839647947,0.768243969809993,0.000232879980911479,0.000232879980911479,0.827010260081125,35095.21484375,9155.2734375,21924914.3293619,-1519669.5175619,36452.0697305911,2075.54622271532,20694.7326660156,27828.7497445321,24837.2592494486
5019.51488,5063.0656,43.5507200000002,36.0345600000001,0.927684307098389,0.00478208,0.927684307098389,0.00478208,0.222180723851899,0.730625923260234,0.730625923260234,0.77786838083132,0.000109804843639783,0.000109804843639783,0.827415941688218,35095.21484375,9536.7431640625,24601532.9320347,-1578684.08914969,37281.7736713826,3914.09206307405,20694.7326660156,28560.2495481915,22091.9570482397
5099.10016,5142.20032,43.10016,37.76512,0.951138436794281,0.01101824,0.841527998447418,0.01047552,0.2318790934602,0.749097934732461,0.662770908282458,0.811822969389332,0.000255642670468045,0.000243050605844619,0.876217628890474,35095.21484375,9155.2734375,20740587.9738957,-1485850.63204217,36089.8337717544,515.430309952111,20694.7326660156,27710.8547284721,25512.1902962461
5179.96544,5224.05888,44.0934399999996,36.92544,0.979728937149048,0.00718848,0.979728937149048,0.00718848,0.228167898038138,0.771615250761564,0.771615250761564,0.798829845936227,0.000163028332559221,0.000163028332559221,0.837436135624716,34713.7451171875,8773.8037109375,22184317.0266247,-1553548.96284614,37303.5719414719,1660.83498172058,20694.7326660156,29027.1513577152,25369.8710974931
5260.98432,5305.73312,44.7488000000003,38.6867199999997,0.926808297634125,0.0121344,0.877850413322449,0.00986112,0.223232871836218,0.729935995427333,0.691377728188807,0.781552015643414,0.000271167048054918,0.000220366132723111,0.8645308924485,34713.7451171875,9155.2734375,21662869.6488949,-1536628.52684197,37257.2693892274,1666.78571703617,20694.7326660156,29116.0698750315,25383.3587817259
5344.41984,5391.16544,46.7456000000002,41.58464,1.05273759365082,0.01227776,1.00271952152252,0.01147904,0.224532114536647,0.82911543337157,0.789722183050524,0.786100744255727,0.000262650602409637,0.000245564074479736,0.889594742606788,34713.7451171875,9155.2734375,18850757.158537,-1430977.23701809,37169.7843216109,1581.06712028142,20694.7326660156,28613.2447368868,25700.1364250346
5432.75008,5480.06912,47.3190400000003,40.6630399999995,1.10087323188782,0.0108032,1.10087323188782,0.0108032,0.241625805599682,0.867026115765919,0.867026115765919,0.845946808122623,0.000228305561566759,0.000228305561566759,0.859337805669751,35095.21484375,8773.8037109375,16148993.0415623,-1339527.76069766,36947.7159855128,612.057865808445,20694.7326660156,28329.5324426483,27226.0938854058
5520.73216,5569.32096,48.5888000000004,38.6662399999996,1.09735023975372,0.01385472,0.920776844024658,0.00714752,0.238540787956252,0.864251476418335,0.725185741134683,0.835145971589518,0.000285142255005266,0.000147102212855636,0.795785036880911,35095.21484375,8773.8037109375,14961507.5326761,-1301353.99540561,37616.853289276,923.287171903045,20170.2117919922,28686.9481328775,27909.0324989154
5607.9872,5657.35424,49.3670400000001,38.1849600000005,1.03605878353119,0.007424,1.03605878353119,0.007424,0.244702611938556,0.81597953040405,0.81597953040405,0.856718896373387,0.000150383737813731,0.000150383737813731,0.77349097697574,34713.7451171875,8773.8037109375,13894491.5681697,-1247983.17307682,37240.789004183,936.962421653761,20694.7326660156,28299.1217826968,27746.9053761916
5695.5392,5744.00512,48.4659199999996,38.8505599999999,1.01146626472473,0.01221632,0.958168983459473,0.0076288,0.246491531064243,0.796610946047521,0.75463505507499,0.862982012271164,0.000252060004225652,0.000157405451088106,0.801605746883586,34713.7451171875,8773.8037109375,15174823.9527963,-1295906.66622093,36971.2160901254,696.05205402876,20694.7326660156,28171.7455618325,27162.475870894
5782.85568,5832.40704,49.5513600000004,40.6527999999998,1.04803776741028,0.01375232,1.00722301006317,0.00751616,0.243795180187885,0.825413942616707,0.793269042092686,0.853541921996977,0.000277536681132463,0.000151684232279395,0.82041744162016,35095.21484375,8773.8037109375,14120245.4202427,-1252403.09772445,37078.2396571356,765.725299328801,20170.2117919922,28152.9921293801,27388.3118077974
5873.05984,5922.23232,49.1724800000002,41.3286399999997,1.01284968852997,0.00714752,1.01284968852997,0.00714752,0.242731119540345,0.797700503440297,0.797700503440297,0.849816580218184,0.000145356101624323,0.000145356101624323,0.840483132028313,34332.275390625,8773.8037109375,14628444.674685,-1256094.55085256,36442.7141815062,906.962535705259,20694.7326660156,27533.5948247142,26394.6881438331
5963.56096,6013.14304,49.5820800000001,41.4310400000004,1.04648911952972,0.01398784,0.969536125659943,0.00760832,0.240880030598922,0.824194257990291,0.763587592809541,0.84333580397137,0.000282114828583229,0.000153448988021478,0.835605121850481,34713.7451171875,8773.8037109375,13438934.467574,-1225953.87586876,36988.2776669645,685.293285849009,20694.7326660156,28170.9349821126,27747.2997243371
6054.57408,6104.5248,49.9507199999998,42.5881600000002,1.01443517208099,0.01193984,1.01443517208099,0.01193984,0.241397350166187,0.798949199116637,0.798949199116637,0.845146971597365,0.000239032390323904,0.000239032390323904,0.852603526035268,34332.275390625,9155.2734375,14219455.6332612,-1235224.96968834,36151.5925480769,663.498672936108,20170.2117919922,27429.3917132374,26221.7764599562
6147.11296,6200.54528,53.4323199999999,41.99424,1.01137018203735,0.01417216,0.977736473083496,0.01329152,0.240005059041005,0.796535273211797,0.770046025232666,0.84027247472646,0.000265235722499042,0.000248754311996934,0.78593330778076,34713.7451171875,8773.8037109375,12371527.1314108,-1165344.07111778,36805.2600761372,797.04163844017,20694.7326660156,27939.007112555,26946.1687477605
6242.53952,6294.94784,52.4083199999995,44.7180800000006,1.02801060676575,0.01441792,0.996708452701569,0.00745472,0.252143175537587,0.809640944599786,0.78498798341657,0.882768767212356,0.00027510746385307,0.000142243063696758,0.853262993356798,34713.7451171875,8773.8037109375,12119205.123934,-1152143.35670559,36618.6015697307,737.007157091727,20694.7326660156,27670.8300249977,27094.9010528989
6339.66592,6394.38848,54.7225599999992,42.7929600000007,0.997317135334015,0.00615424,0.997317135334015,0.00615424,0.248901147901987,0.785467369892013,0.785467369892013,0.871418229038776,0.000112462574850301,0.000112462574850301,0.781998502994035,34332.275390625,8773.8037109375,12463848.4396339,-1146626.73124651,36239.8544491256,1549.22055403216,20694.7326660156,27320.0302331357,25422.6259013998
6437.18144,6496.11264,58.9312,40.2841600000002,1.10935866832733,0.0129536,1.10935866832733,0.0129536,0.235331627456061,0.873709078693553,0.873709078693553,0.823910503278705,0.000219808861859253,0.000219808861859253,0.683579496090359,34332.275390625,9155.2734375,12093299.3108294,-1146652.18417839,36967.6277661743,1439.09421590639,20742.4163818359,28786.2726558018,25574.9352935429
6536.3968,6591.76448,55.3676799999994,44.0729600000004,1.08636772632599,0.01354752,1.08636772632599,0.01354752,0.249693911943946,0.855601864743913,0.855601864743913,0.874193744713626,0.000244682818568525,0.000244682818568525,0.796005178472367,34332.275390625,9536.7431640625,12687118.1656195,-1145622.30810642,36032.3561170389,1557.63619648689,30183.7921142578,27186.6710346921,24537.073794857
6635.83744,6691.95264,56.1152000000002,44.9228799999992,1.01307106018066,0.01309696,1.01307106018066,0.01309696,0.253990068372461,0.79787485140052,0.79787485140052,0.889234852632036,0.000233394160583941,0.000233394160583941,0.800547445255457,34332.275390625,8773.8037109375,11424376.5651736,-1089908.44654524,35275.062093271,711.90873314063,20694.7326660156,26803.7065510704,25186.0320617008
6736.87552,6792.26368,55.3881600000004,45.8649599999999,1.03261303901672,0.01660928,1.00850963592529,0.00719872,0.255624937545689,0.813265729763103,0.794282363328381,0.89495863017044,0.000299870586060268,0.00012996857090035,0.828064337215743,34332.275390625,9155.2734375,12695569.1564687,-1147977.39630148,36194.998248519,1743.49781125014,20694.7326660156,27265.7773174288,24636.2758524887
6838.12864,6894.83776,56.7091200000004,48.2918399999999,1.11915755271912,0.00868352,1.11915755271912,0.00868352,0.257875382045603,0.881426487407796,0.881426487407796,0.90283757479241,0.000153123871433729,0.000153123871433729,0.851570964247012,34332.275390625,8773.8037109375,9951035.79865506,-1041934.81234945,36597.4215179564,723.033144515471,20694.7326660156,27463.0714457342,27085.4285585206
6943.1296,7006.53568,63.4060799999997,47.3702400000002,1.26971173286438,0.00759808,1.26971173286438,0.00759808,0.259210471692999,1,1,0.907511805771048,0.00011983204134367,0.00011983204134367,0.74709302325582,34713.7451171875,8773.8037109375,13913447.3172386,-1241205.44400286,39063.5807545675,3349.33503454463,20742.4163818359,32600.0704019877,22763.3083774312
7053.90592,7115.008,61.1020799999997,50.6880000000001,1.07442283630371,0.00899072,1.07442283630371,0.00899072,0.253610481020391,0.846194304182642,0.846194304182642,0.887905893963525,0.000147142617730854,0.000147142617730854,0.829562594268483,34332.275390625,9155.2734375,9529227.40258053,-1029580.25971556,37798.0098484187,1659.53583319019,20599.365234375,28287.7574493982,27332.4662219103
7165.696,7224.66816,58.9721600000003,47.5750399999997,1.17884194850922,0.01379328,1.17884194850922,0.01379328,0.263146354357624,0.928432744218117,0.928432744218117,0.921291573081171,0.000233894773398158,0.000233894773398158,0.806737280777905,34713.7451171875,9536.7431640625,10935181.7197841,-1080598.41193592,37373.4907349649,1934.17922108489,20742.4163818359,27696.6939055252,25695.7697866184
7272.2432,7332.3008,60.0576000000001,47.75936,1.09375643730164,0.00603136,1.09375643730164,0.00603136,0.251244319340626,0.861421068256334,0.861421068256334,0.879621816376979,0.000100426257459505,0.000100426257459505,0.795225916453537,34713.7451171875,8773.8037109375,10037694.6434903,-1026208.62483741,36349.1068936188,1369.27520479716,25701.5228271484,27030.9573368387,25426.5125425038
7380.06016,7443.54816,63.4880000000003,43.8886400000001,1.00685405731201,0.01498112,1.00685405731201,0.01498112,0.24997354855353,0.792978462158982,0.792978462158982,0.875172769684589,0.000235967741935483,0.000235967741935483,0.691290322580644,34332.275390625,9155.2734375,10402226.2779526,-1037760.81552748,36480.6322919793,2192.1497044049,20170.2117919922,27808.4119496717,23956.8332419454
7487.4368,7549.70624,62.26944,47.5955199999999,1.08966541290283,0.01384448,1.08966541290283,0.01384448,0.262338350825164,0.858199057863807,0.858199057863807,0.918462703012678,0.0002223318533136,0.0002223318533136,0.764347969084029,34713.7451171875,9155.2734375,10831586.0051771,-1046846.07000034,35841.3190257793,1595.05717285744,22649.7650146484,27400.3189296081,23187.2262366388
7597.30176,7660.91264,63.6108799999993,49.5513600000004,1.05919396877289,0.01283072,1.05919396877289,0.01283072,0.25127837369444,0.834200347494168,0.834200347494168,0.879741042764409,0.000201706374758534,0.000201706374758534,0.778976175144896,33950.8056640625,8773.8037109375,7760019.68503166,-891157.786969966,35079.9743725615,661.4855719517,20742.4163818359,25882.500305715,25287.621533736
7710.464,7775.80544,65.3414400000001,46.8991999999998,1.0911318063736,0.0124928,1.0911318063736,0.0124928,0.257206139853832,0.859353960534081,0.859353960534081,0.900494516713062,0.000191192603040275,0.000191192603040275,0.717755837642999,33950.8056640625,9155.2734375,7932214.92430034,-885834.972725807,34747.4387328549,879.787549811893,20742.4163818359,25447.9739847046,24015.1111071786
7822.70464,7889.55136,66.8467200000005,47.4316799999997,1.06201386451721,0.01680384,0.98487776517868,0.01344512,0.249049058587511,0.836421241947086,0.775670366498753,0.871936073446973,0.000251378676470586,0.000201133578431371,0.709558823529402,33569.3359375,9155.2734375,7958509.85152767,-879479.5907032,34436.870440228,1465.10906138285,16880.0354003906,25366.9390276784,23227.8522110393
7936.98304,8006.44096,69.4579199999998,50.66752,1.1219437122345,0.01970176,1.08484661579132,0.01221632,0.264279596540643,0.883620811870007,0.854403867989771,0.925259123671124,0.000283650302226154,0.000175880878667257,0.729470735662687,33950.8056640625,9155.2734375,6816283.91878276,-821451.632862657,34319.5046869363,822.252179477119,22649.7650146484,25326.0327287349,24171.8235934643
8057.10848,8128.16384,71.0553600000003,50.2681599999996,1.16690611839294,0.02002944,1.03303480148315,0.01579008,0.279597841294224,0.91903231906071,0.813597901590388,0.978889240798606,0.000281884997838304,0.000222222222222221,0.707450641302773,33569.3359375,9155.2734375,6200917.22026833,-777766.714575664,33997.4268445884,847.326971846557,20694.7326660156,24819.8383774144,23956.9050344106
8178.432,8249.3952,70.9632000000011,51.7324799999988,1.17390811443329,0.01961984,1.02269470691681,0.0075264,0.283382579604713,0.924546953492376,0.805454246382115,0.992139842427813,0.000276479076479072,0.000106060606060604,0.729004329004301,33569.3359375,9155.2734375,6172042.07658158,-772132.231916599,33943.791627395,812.818099138335,20170.2117919922,24585.5309452648,23711.9541566515
8301.12768,8377.0368,75.9091200000003,51.4560000000001,1.18905925750732,0.02095104,1.09563541412354,0.0087552,0.277540525684997,0.936479695926642,0.862900913463136,0.971686452302539,0.000276001618777822,0.000115337919870497,0.677863213273978,33950.8056640625,9155.2734375,5252340.46279855,-715308.232729941,34278.6555956289,2237.51018475859,20742.4163818359,24674.9622445651,24033.4111528759
8428.4928,8505.04704,76.5542399999995,53.1251200000006,1.11484432220459,0.02013184,1.07090318202972,0.01376256,0.269406192087712,0.878029471846795,0.843422293668061,0.943207650024984,0.000262974852862495,0.000179775280898878,0.69395398608883,33187.8662109375,9155.2734375,4890571.14035539,-686335.724271131,33803.4962375616,2220.07926491694,13780.5938720703,24279.3195219668,23880.4649319192
8558.17216,8634.05056,75.8783999999996,53.1251200000006,1.05788481235504,0.01908736,0.91177499294281,0.00771072,0.27232835400265,0.833169281635705,0.718096060186756,0.953438318635169,0.000251551956815116,0.000101619433198381,0.700134952766543,33569.3359375,9155.2734375,5769487.9806739,-737078.265733308,33489.8537881607,1061.68955240401,22649.7650146484,24372.2497647354,22710.3101917368
8687.17568,8766.06464,78.8889600000002,54.1900800000003,1.15324127674103,0.02217984,0.973084509372711,0.01918976,0.27559360445551,0.908270158407844,0.766382230065325,0.964870161320441,0.000281152647975077,0.000243250259605399,0.686915887850469,33187.8662109375,9155.2734375,5009190.81704936,-697335.839046344,34211.0938388991,904.038394887399,20170.2117919922,24700.9808127926,23837.5603079246
8820.25472,8902.83008,82.5753599999989,54.1593599999997,1.11708664894104,0.02087936,1.09768927097321,0.02043904,0.260481253998083,0.879795484303332,0.864518490741907,0.911960892788622,0.000252852182539686,0.000247519841269845,0.655877976190481,33187.8662109375,9155.2734375,5157603.2964977,-692582.779957669,33611.751102901,1575.17107490739,20742.4163818359,24479.1663895216,22022.1739550453
8956.98944,9042.67776,85.6883200000011,57.1903999999995,1.12567496299744,0.02065408,1.12567496299744,0.02065408,0.271608243679546,0.886559471619588,0.886559471619588,0.950917168099058,0.000241037284894834,0.000241037284894834,0.667423518164421,33187.8662109375,9155.2734375,4184564.94326599,-619973.960173873,32784.0636529891,2085.68493642183,20742.4163818359,23527.4611041178,22399.4084383312
9099.86816,9188.58752,88.7193599999991,54.4768000000004,1.16550505161285,0.02029568,1.16550505161285,0.02029568,0.247440674066601,0.917928866407777,0.917928866407777,0.866305020305441,0.000228762696214222,0.000228762696214222,0.614035087719308,33187.8662109375,9155.2734375,4411899.92776772,-642721.774949825,33366.6148131722,1408.43731117077,16927.7191162109,24520.3287359674,22295.2494239944
9243.06432,9333.4016,90.3372799999997,56.5862400000005,1.14538860321045,0.02235392,1.14538860321045,0.02235392,0.263853692869249,0.90208554710803,0.90208554710803,0.923768008719683,0.000247449557923374,0.000247449557923374,0.626388574019505,33187.8662109375,9536.7431640625,4476660.28941513,-648408.312391591,33988.1150118271,1624.72078372186,12969.970703125,24916.164189967,22042.205834916
9389.98784,9480.02816,90.0403200000001,59.6582400000007,0.994217991828918,0.02341888,0.990343511104584,0.02044928,0.264653618095404,0.783026545392341,0.779975080540871,0.926568596140897,0.00026009325599909,0.000227112475833049,0.662572500852958,33187.8662109375,9155.2734375,4116440.70990605,-626170.183879255,34333.897245993,2383.08222408154,13589.8590087891,24617.263355673,23007.5118086804
9539.6864,9631.32416,91.6377599999996,59.77088,1.1693696975708,0.01654784,1.1693696975708,0.01654784,0.274276059562831,0.920972585590578,0.920972585590578,0.960257355607271,0.000180578835624093,0.000180578835624093,0.652251648228856,33187.8662109375,9155.2734375,4165995.34649393,-627098.34493766,33897.4740983335,1408.77690392079,12636.1846923828,24715.8692028294,22482.0289528329
9691.09504,9785.40544,94.3104000000003,60.2828799999988,1.13933598995209,0.02393088,1.13512980937958,0.01775616,0.264957497586413,0.897318627891881,0.894005922760755,0.92763249693094,0.000253745928338761,0.000188273615635179,0.639196525515729,33187.8662109375,9155.2734375,3969617.19543707,-610512.37503449,34261.288266851,2399.06216877765,12683.8684082031,24677.1712406146,22270.0984850946
9845.68832,9939.13856,93.4502400000001,64.4096000000009,1.23737275600433,0.02286592,1.23737275600433,0.02286592,0.268217617040036,0.974530457565284,0.974530457565284,0.939046375672272,0.000244685513916283,0.000244685513916283,0.68923953539339,33187.8662109375,9155.2734375,3952573.17182422,-619674.7596813,34127.8762563164,1270.69306703101,20742.4163818359,25184.4168320974,23391.1415838399
10003.54816,10092.7488,89.2006399999991,0,1.16605389118195,0.02459648,1.12900221347809,0.01041408,0.285627658003596,0.918361121662955,0.889179948688935,1,0.000275743313052465,0.000116748938124212,0,33187.8662109375,9155.2734375,4168063.88324068,-634259.08455477,34407.4013331005,1391.73945233069,12636.1846923828,24845.9207780677,23412.0565577524
