note.starts,note.ends,note.durs,INI,pk.amps,pk.times,qpk.amps,qpk.times,note.rmss,rel.pk.amps,rel.qpk.amps,rel.note.rmss,rel.pk.tm,rel.qpk.tm,rel.INI,max.Hz,min.Hz,FMa,FMb,FMc,FM.resid,note.DF,arcL,chordL
998.27712,1024.256,25.9788800000001,20.1113599999999,0.0805432051420212,0.00663552,0.0778360813856125,0.00248832,0.0183064551606517,0.0459391914334193,0.0443951372048804,0.0525873361856619,0.000255419787150176,9.57824201813161e-05,0.774142688214418,40817.2607421875,13732.91015625,64883163.7767948,-2072737.80367632,33329.0595512886,7642.44916577331,40817.2607421875,23049.9381671475,10057.6163044563
1044.36736,1067.18208,22.8147200000001,25.8764799999999,0.274860113859177,0.00254976,0.274860113859177,0.00254976,0.0665418280454341,0.156771156123267,0.156771156123267,0.191148829804863,0.000111759425493716,0.000111759425493716,1.13420107719927,28991.69921875,13732.91015625,56241561.1158795,-1885122.52706177,29476.9019411321,1167.73738890028,25558.4716796875,17858.90337033,13734.1661682643
1093.05856,1116.98944,23.9308800000001,26.55232,0.233367219567299,0.0019456,0.233367219567299,0.0019456,0.0602930845016434,0.133104975833569,0.133104975833569,0.173198616364217,8.13008130081297e-05,8.13008130081297e-05,1.10954214805305,31280.517578125,10681.15234375,41672236.7786473,-1771527.80534489,31442.2836877349,3881.32416704623,26893.6157226562,19125.6805307234,18529.0703299696
1143.54176,1167.90272,24.36096,24.60672,0.220661029219627,0.00667648,0.20970219373703,0.00459776,0.0568514752701137,0.125857783351697,0.119607224533797,0.163312209624634,0.000274064733081127,0.000188734762505254,1.01008827238336,28991.69921875,10681.15234375,82804338.5165658,-2364627.22745956,30534.7872855968,2944.76748017585,25653.8391113281,25299.2717506671,8463.82697111835
1192.50944,1216.03072,23.5212799999999,23.38816,0.254985421895981,0.0050688,0.254985421895981,0.0050688,0.0641195491213528,0.145435286422433,0.145435286422433,0.184190563171686,0.000215498476273401,0.000215498476273401,0.994340444057468,30899.0478515625,9155.2734375,59077270.0797053,-2112599.44751759,30701.620536938,1961.62722925762,21171.5698242188,20766.7036328639,17006.5072565061
1239.41888,1265.27488,25.856,22.4358400000001,0.30211877822876,0.00156672,0.30211877822876,0.00156672,0.0688429170823733,0.172318600485402,0.172318600485402,0.197758964957558,6.05940594059406e-05,6.05940594059406e-05,0.867722772277232,31280.517578125,9155.2734375,47935124.8955268,-1925514.46264182,30208.9344371449,1838.77871646109,19931.7932128906,20933.2765220302,17739.9017491776
1287.71072,1312.53248,24.82176,23.95136,0.266910910606384,0.00664576,0.26242670416832,0.00116736,0.067479870231364,0.15223719240368,0.149679548743709,0.193843460707183,0.000267739273927392,4.7029702970297e-05,0.964933993399339,30899.0478515625,9155.2734375,78548729.1047637,-2516458.00212298,31209.9600196781,2527.88636929571,19931.7932128906,26242.3237920349,14067.4917084416
1336.48384,1359.38048,22.8966399999999,24.8012799999999,0.32795923948288,0.00132096,0.32795923948288,0.00132096,0.075719108278099,0.187057148500566,0.187057148500566,0.217511591826781,5.76923076923079e-05,5.76923076923079e-05,1.08318425760286,30899.0478515625,9155.2734375,49309828.0931941,-2017201.0558889,30179.6093321683,951.501981731523,21171.5698242188,20924.3899149487,20336.1470681063
1384.18176,1408.8704,24.6886400000001,25.16992,0.342742681503296,0.00161792,0.342742681503296,0.00161792,0.0814278650649871,0.19548913691999,0.19548913691999,0.233910633023983,6.55329738697634e-05,6.55329738697634e-05,1.01949398589797,30899.0478515625,9536.7431640625,55650276.9235666,-2063527.22712029,30876.1023041001,1449.37480719081,21171.5698242188,21232.847672912,17025.2262556492
1434.04032,1458.71872,24.6784,24.3404799999998,0.370178133249283,0.00167936,0.370178133249283,0.00167936,0.0921356077480844,0.211137414978937,0.211137414978937,0.264669819295934,6.80497925311203e-05,6.80497925311203e-05,0.986307053941902,30899.0478515625,9155.2734375,55764851.0231152,-2116779.12742967,31141.1233772909,1556.63616840097,16212.4633789062,21898.8057223064,18276.6213666715
1483.0592,1509.00736,25.9481600000001,24.1766399999999,0.357206881046295,0.00217088,0.357206881046295,0.00217088,0.0902739078128988,0.203739039944898,0.203739039944898,0.259321878391522,8.36621941594313e-05,8.36621941594313e-05,0.931728492501964,31280.517578125,9536.7431640625,47530395.6088099,-1973642.87491226,31428.151316457,2545.46497548768,26893.6157226562,21766.7298886259,19209.8526738794
1533.184,1558.74304,25.5590400000001,25.1084799999999,0.389523506164551,0.00201728,0.389523506164551,0.00201728,0.0912655388928475,0.222171378528542,0.222171378528542,0.262170449374587,7.89262820512818e-05,7.89262820512818e-05,0.982371794871786,30899.0478515625,8773.8037109375,34212272.5177836,-1663636.3527506,29993.1811047839,2461.0261645,16784.66796875,20277.4563048978,20171.284105235
1583.85152,1609.75872,25.9072000000001,24.9446399999999,0.361709773540497,0.00765952,0.352731943130493,0.00218112,0.0873286932572806,0.206307341515844,0.201186682744757,0.250861420776107,0.000295652173913042,8.41897233201578e-05,0.962845849802365,30899.0478515625,9536.7431640625,54511975.8046756,-2148822.86876189,31784.8502815544,1392.74153036398,26893.6157226562,23270.0715251872,19082.4717236741
1634.70336,1660.9792,26.27584,26.43968,0.370381087064743,0.00862208,0.364521086215973,0.00244736,0.0960049792794611,0.211253173150767,0.207910821672242,0.275785020997304,0.000328137178487919,9.31410756040529e-05,1.00623538581449,32806.396484375,9155.2734375,45974167.5090698,-2063181.25748723,32360.738175929,901.437232575477,26988.9831542969,23824.3189168274,22470.3465606784
1687.41888,1715.8144,28.39552,22.4460799999999,0.433235943317413,0.00400384,0.433235943317413,0.00400384,0.0977983052938632,0.247103512963045,0.247103512963045,0.280936550180986,0.000141002524341868,0.000141002524341868,0.790479624954919,32424.9267578125,9155.2734375,52768505.4194368,-2169291.22510054,32198.3819893698,1249.74075203613,19741.0583496094,25538.7197776319,19050.6132629652
1738.26048,1764.62848,26.3680000000002,26.3577599999999,0.417218267917633,0.00462848,0.417218267917633,0.00462848,0.107329876843734,0.237967558474875,0.237967558474875,0.308317053564739,0.000175533980582523,0.000175533980582523,0.999611650485426,32806.396484375,9155.2734375,44294760.9307638,-2061111.49415748,33182.0504669413,879.886482815932,23365.0207519531,24403.0623693089,23550.5063698874
1790.98624,1822.18752,31.20128,21.8112000000001,0.429822623729706,0.00256,0.429822623729706,0.00256,0.101406128804227,0.245156667891675,0.245156667891675,0.291300425992718,8.2047915982934e-05,8.2047915982934e-05,0.699048244174601,32424.9267578125,9155.2734375,46797132.5688382,-2025875.69459784,32089.3801175631,2446.09084210866,19741.0583496094,26198.7085910387,17651.9762073144
1843.99872,1870.92992,26.9312,26.0505599999999,0.465315610170364,0.003328,0.465315610170364,0.003328,0.108515627136503,0.265400698356642,0.265400698356642,0.311723253658142,0.000123574144486692,0.000123574144486692,0.967300380228134,32424.9267578125,8773.8037109375,42932099.0116274,-1970584.21504802,32660.5720886196,1484.8911486512,23365.0207519531,23292.9294130387,21931.9955505747
1896.98048,1926.99392,30.0134399999999,22.8147200000001,0.447161376476288,0.0031744,0.447161376476288,0.0031744,0.101030667658365,0.255046121387317,0.255046121387317,0.290221871934665,0.000105765950187649,0.000105765950187649,0.760150119413174,32043.45703125,8773.8037109375,50665287.8883147,-2116099.90763537,32965.6186311141,2953.87621229931,16784.66796875,26318.9817766769,17871.8128723551
1949.80864,1978.66496,28.8563200000001,25.6307199999999,0.483153939247131,0.01001472,0.454463809728622,0.00340992,0.107301400790003,0.275575093736922,0.259211188800728,0.308235252921325,0.000347054648687011,0.000118168914123491,0.888218594748041,32424.9267578125,9155.2734375,41512687.0077233,-1893589.53813555,32401.7068614131,2484.64060435971,16689.3005371094,23112.8349713258,20074.9423885152
2004.29568,2033.63328,29.3376000000001,24.8934399999998,0.481767863035202,0.00647168,0.481767863035202,0.00647168,0.115604619350289,0.274784521517591,0.274784521517591,0.332087175208896,0.000220593368237347,0.000220593368237347,0.848516579406624,32424.9267578125,9536.7431640625,43562618.8487872,-1963341.77324205,32660.4428498641,1201.22067483077,25939.94140625,24137.7157416487,20105.6172322371
2058.52672,2087.5776,29.0508800000002,25.7024000000001,0.412813484668732,0.00582656,0.412813484668732,0.00582656,0.119556821194122,0.235455215186112,0.235455215186112,0.34344031622999,0.000200563976031017,0.000200563976031017,0.884737398660554,32424.9267578125,9155.2734375,43932484.2268386,-1963366.4235784,32589.1245966372,1420.30807126231,16689.3005371094,23911.4082421049,19960.5428831118
2113.28,2142.04416,28.7641599999997,27.3715200000001,0.441025137901306,0.00497664,0.441025137901306,0.00497664,0.118959444344171,0.251546213007955,0.251546213007955,0.341724284537225,0.00017301530793877,0.00017301530793877,0.95158419366324,32424.9267578125,9155.2734375,44697290.601792,-1944007.69276076,32866.7079035944,2836.39078617558,22697.4487304688,23338.8813423772,18936.2425567147
2169.41568,2200.24832,30.8326400000001,25.0060799999997,0.587067425251007,0.0054272,0.587067425251007,0.0054272,0.130227976487854,0.334843923647882,0.334843923647882,0.374094401141367,0.000176021255396878,0.000176021255396878,0.811026237130508,32806.396484375,9155.2734375,38685652.0940001,-1783113.99928036,32562.1091402494,2538.44201044997,26893.6157226562,22892.4581117675,18201.531501272
2225.2544,2255.98464,30.7302400000003,25.1904,0.507281422615051,0.00842752,0.498582541942596,0.00534528,0.135383873920999,0.28933661558462,0.284375060556312,0.388905292123602,0.00027424191936021,0.000173942019326889,0.819726757747407,32806.396484375,9155.2734375,39024896.2836468,-1856989.85642314,32950.7681039664,1318.3433236555,26893.6157226562,23969.5238731723,20212.6748506585
2281.17504,2316.68736,35.5123199999998,22.28224,0.534127771854401,0.0055808,0.534127771854401,0.0055808,0.120750630745373,0.304648888976524,0.304648888976524,0.346869667443122,0.000157151095732411,0.000157151095732411,0.62745098039216,32806.396484375,8773.8037109375,31793111.4563093,-1723545.11259916,32605.7960247171,1013.43118387992,26893.6157226562,25605.7833117192,21112.0019641858
2338.9696,2373.40672,34.43712,23.6236800000001,0.654969096183777,0.004608,0.654969096183777,0.004608,0.148911776136099,0.373572800331262,0.373572800331262,0.427765701494463,0.000133809099018733,0.000133809099018733,0.685994647636043,33569.3359375,9155.2734375,34151359.5971175,-1755150.54172026,33838.0559911869,3289.86815008135,26988.9831542969,25159.7806946702,19941.712218888
2397.0304,2428.88704,31.85664,27.4022399999999,0.732561051845551,0.0060416,0.732561051845551,0.0060416,0.146775387050663,0.417828696263816,0.417828696263816,0.421628685339597,0.000189649630343941,0.000189649630343941,0.86017357762777,33187.8662109375,9155.2734375,36372077.9825173,-1823405.26901427,33537.3837723691,1217.77872802144,26988.9831542969,24529.9790000834,21175.525123184
2456.28928,2489.22112,32.9318400000002,26.1632,0.663901209831238,0.00672768,0.663901209831238,0.00672768,0.153141496195447,0.378667383766727,0.378667383766727,0.43991604457182,0.000204291044776118,0.000204291044776118,0.794465174129347,33950.8056640625,9155.2734375,35739963.4239832,-1873698.56371639,34743.7876048106,1233.76339120376,22697.4487304688,26171.0090645875,22944.1334694969
2515.38432,2548.86912,33.4847999999997,25.8457600000002,0.673911392688751,0.00626688,0.673911392688751,0.00626688,0.158478785518081,0.384376862372203,0.384376862372203,0.455248004007241,0.000187155963302754,0.000187155963302754,0.771865443425087,33950.8056640625,9536.7431640625,32933905.2298757,-1741850.0385105,34092.1683771415,2081.20899718969,22697.4487304688,24663.6286255138,21398.9573053515
2574.71488,2608.1792,33.46432,23.7158399999998,0.669977843761444,0.00643072,0.669977843761444,0.00643072,0.163014621854601,0.382133295619854,0.382133295619854,0.468277700265665,0.000192166462668298,0.000192166462668298,0.708690330477351,33569.3359375,9536.7431640625,35455290.8535665,-1845962.86204181,34407.963828435,1045.09472186008,22697.4487304688,25985.6861924279,22068.9046263984
2631.89504,2667.4688,35.5737600000002,25.0265599999998,0.879804253578186,0.00702464,0.879804253578186,0.00702464,0.160217479117429,0.501811368914324,0.501811368914324,0.460242595479505,0.000197466896948761,0.000197466896948761,0.703511801957388,33950.8056640625,9155.2734375,29507316.9253771,-1676901.29522997,34142.0103176474,1242.60327093527,23937.2253417969,25336.7661373795,22312.3988909093
2692.49536,2727.09632,34.6009600000002,27.2691199999999,0.705028414726257,0.00673792,0.705028414726257,0.00673792,0.175639669509423,0.402124986868842,0.402124986868842,0.504544559117243,0.000194732169280851,0.000194732169280851,0.788102989050008,33950.8056640625,9536.7431640625,30898893.6776439,-1704188.51044305,34351.902185533,1929.74756299832,23937.2253417969,25022.5790894499,21973.5862234173
2754.36544,2792.87808,38.5126399999999,22.8863999999999,0.908915340900421,0.00700416,0.908915340900421,0.00700416,0.17058181252578,0.518415374317052,0.518415374317052,0.490015300271459,0.00018186652486041,0.00018186652486041,0.594256846583353,34332.275390625,9536.7431640625,26810615.8070084,-1607193.19146444,34157.0761895949,2088.85384910081,26988.9831542969,26041.4980546653,22131.1189937422
2815.76448,2851.14368,35.3792000000003,26.5420799999997,0.807093858718872,0.007168,0.807093858718872,0.007168,0.181686787677985,0.460339754483887,0.460339754483887,0.521915581158045,0.000202604920405208,0.000202604920405208,0.750217076700419,33950.8056640625,9536.7431640625,28654234.0994157,-1663995.0557333,34616.9683146359,2042.04603194241,23937.2253417969,25310.7045097423,23004.6588461391
2877.68576,2912.86016,35.1744000000003,27.97568,0.8560431599617,0.0073216,0.8560431599617,0.0073216,0.184972638864737,0.488258823713393,0.488258823713393,0.531354555525139,0.00020815138282387,0.00020815138282387,0.79534206695778,33950.8056640625,9536.7431640625,31342964.1897881,-1742953.18041479,34978.4980527547,1926.54546996522,24032.5927734375,25933.3943366359,22528.6130023504
2940.83584,2976.3584,35.5225599999999,28.04736,0.994143962860107,0.00708608,0.994143962860107,0.00708608,0.19320398802753,0.56702697318388,0.56702697318388,0.555000024944897,0.000199481118477948,0.000199481118477948,0.789564716056504,33950.8056640625,9155.2734375,27235545.6737758,-1587743.1669814,34238.787120199,2514.5797983812,23937.2253417969,24246.6458030164,22033.466809072
3004.40576,3040.91136,36.5056,28.2624000000001,1.10598266124725,0.00740352,1.10598266124725,0.00740352,0.197007892585337,0.630816083212617,0.630816083212617,0.565927165455942,0.000202805049088359,0.000202805049088359,0.7741935483871,33950.8056640625,9536.7431640625,27307999.2836519,-1608069.03905841,34717.5034396167,2567.80098653969,23937.2253417969,25035.4118801046,22311.2787001492
3069.17376,3105.6384,36.4646399999997,27.4636800000003,0.906506419181824,0.00734208,0.906506419181824,0.00734208,0.21024016108473,0.517041404709267,0.517041404709267,0.60393833397382,0.000201347935973043,0.000201347935973043,0.75315922493683,33950.8056640625,9536.7431640625,25821531.6745795,-1555145.18585533,34440.3271604641,2508.71872959029,23937.2253417969,24456.9334603254,22373.6940943745
3133.10208,3169.95584,36.85376,27.77088,1.08159995079041,0.00861184,1.08159995079041,0.00861184,0.206999988655417,0.616908988239582,0.616908988239582,0.594630576937055,0.000233676021116977,0.000233676021116977,0.753542650736317,34332.275390625,9918.212890625,31016930.4847429,-1774452.89148184,36631.8716488372,2803.8421171119,25177.001953125,27489.469724622,23268.0776056931
3197.72672,3234.58048,36.85376,30.7814399999997,0.994929611682892,0.00804864,0.994929611682892,0.00804864,0.216050874930078,0.567475081396183,0.567475081396183,0.620630258203957,0.00021839399833287,0.00021839399833287,0.835232008891353,33950.8056640625,9155.2734375,24624576.9291121,-1516196.67042859,34550.9733851415,2501.81809779324,23937.2253417969,24245.550771034,22432.4570258879
3265.36192,3301.40672,36.0448000000001,30.9350399999998,1.11962389945984,0.0078848,1.11962389945984,0.0078848,0.212657155668324,0.6385965961998,0.6385965961998,0.610881420749003,0.000218749999999999,0.000218749999999999,0.858238636363629,33950.8056640625,9918.212890625,27700651.1049164,-1630885.48144418,34954.2777526555,1918.65043951214,25177.001953125,25213.9868549112,22795.490353097
3332.34176,3369.28768,36.9459200000001,30.60736,0.916421473026276,0.00753664,0.916421473026276,0.00753664,0.211605480297839,0.522696624858872,0.522696624858872,0.607860365838015,0.000203991130820398,0.000203991130820398,0.82843680709534,33950.8056640625,9155.2734375,27086642.5733538,-1623472.37100963,34868.2000454064,1930.7658528186,23937.2253417969,25645.0638663719,23007.3860164358
3399.89504,3437.01504,37.1200000000003,31.5903999999996,1.09407985210419,0.00812032,1.09407985210419,0.00812032,0.216647104597118,0.624027112909603,0.624027112909603,0.622342994485741,0.000218758620689653,0.000218758620689653,0.851034482758602,33569.3359375,9155.2734375,25326344.0474549,-1549980.27883912,34863.3627207314,2537.22888099748,25177.001953125,24791.4138656498,22638.2403150771
3468.60544,3506.14528,37.5398400000004,31.3855999999996,1.18317353725433,0.00831488,1.18317353725433,0.00831488,0.226936608234475,0.674843216520136,0.674843216520136,0.651900742406505,0.000221494817239496,0.000221494817239496,0.83606110201853,34332.275390625,9155.2734375,25941860.4585153,-1599236.39347443,35249.1605798978,1913.8189359114,25177.001953125,25817.2357692745,23476.7816088147
3537.53088,3577.52832,39.9974400000001,31.2832000000003,0.981599152088165,0.00356352,0.981599152088165,0.00356352,0.240144357078177,0.559871826296789,0.559871826296789,0.68984147547603,8.90937019969276e-05,8.90937019969276e-05,0.78213005632361,34332.275390625,8773.8037109375,21461523.808768,-1469047.03864329,35233.9311079545,1862.63014550567,25177.001953125,25854.2505461847,24424.0778707423
3608.81152,3647.87712,39.0655999999999,32.5017600000001,0.989842593669891,0.01042432,0.955061912536621,0.00871424,0.228872906378834,0.564573613868135,0.544735858889939,0.657462974994927,0.000266841415465269,0.000223066841415466,0.831979030144173,34332.275390625,9536.7431640625,22350449.6157952,-1495477.52778342,35833.8509836504,2584.11660795153,25272.3693847656,25719.2690650264,24312.2340811578
3680.37888,3728.36352,47.9846399999997,25.3644800000002,1.06049191951752,0.00951296,1.06049191951752,0.00951296,0.204783680153863,0.604869662417894,0.604869662417894,0.588263983337172,0.000198250106700812,0.000198250106700812,0.528595817328219,34332.275390625,9536.7431640625,24719829.8700401,-1607884.30930851,36644.0929642834,2597.3912234758,25224.6856689453,32056.1638132052,20235.7067634957
3753.728,3794.56512,40.8371200000001,31.232,1.14907550811768,0.00795648,1.14907550811768,0.00795648,0.22049657648655,0.655394823756908,0.655394823756908,0.633401032244026,0.000194834503510531,0.000194834503510531,0.764794383149445,33950.8056640625,8773.8037109375,22255451.8467047,-1475538.66236971,34400.0398156477,1925.76555006124,25177.001953125,25772.1813788889,23141.9918065062
3825.79712,3872.09216,46.29504,29.22496,1.07599306106567,0.00874496,1.07599306106567,0.00874496,0.226958116307313,0.613711003009712,0.613711003009712,0.651962526746898,0.000188896261888963,0.000188896261888963,0.631276266312763,34332.275390625,9155.2734375,23147285.8916065,-1491851.45314884,35095.7122556742,3935.21943435991,25177.001953125,28619.8547787099,19455.3482910216
3901.31712,3941.6832,40.3660799999998,33.4028800000001,1.15457236766815,0.00909312,1.15457236766815,0.00909312,0.241254191062016,0.658530051399348,0.658530051399348,0.693029597496718,0.000225266362252665,0.000225266362252665,0.827498731608327,34332.275390625,9155.2734375,25941036.2652897,-1618901.30491854,36312.8975339649,2547.8167115537,25177.001953125,27435.5831347507,23079.8455208111
3975.08608,4018.00192,42.9158400000001,33.52576,1.25519204139709,0.00876544,1.25519204139709,0.00876544,0.247800666303274,0.715920199274038,0.715920199274038,0.711835078477171,0.00020424719637318,0.00020424719637318,0.78119780481985,34713.7451171875,8773.8037109375,20102426.5591398,-1437684.32696077,35459.7821683716,1819.01046861718,25177.001953125,26734.728148629,24675.3979938068
4051.52768,4097.97632,46.4486399999996,31.7542400000002,1.32260239124298,0.00840704,1.32260239124298,0.00840704,0.25168801726365,0.754368842591664,0.754368842591664,0.72300192809557,0.000180996472663141,0.000180996472663141,0.683641975308652,34332.275390625,9536.7431640625,17105603.4028655,-1291586.59851481,34514.8707860564,2395.54819391987,19168.8537597656,25674.1738941229,23087.5094359723
4129.73056,4174.27456,44.5439999999999,36.8332799999998,1.29651498794556,0.00850944,1.29651498794556,0.00850944,0.270791552059025,0.739489446968309,0.739489446968309,0.777878964518122,0.000191034482758621,0.000191034482758621,0.826896551724137,34332.275390625,9536.7431640625,21074659.4326207,-1413060.17086869,35304.3286406359,3494.20795111951,25177.001953125,26245.2978388167,21127.6887428959
4211.10784,4255.05792,43.9500800000005,33.1264000000001,1.20836400985718,0.01548288,1.11838376522064,0.0083456,0.267625858612608,0.689211032416708,0.637889264474956,0.768785156674575,0.000352283317800555,0.000189888164026093,0.753727865796825,33950.8056640625,9536.7431640625,19371299.6864107,-1398747.26723498,35298.9859273788,1796.04781791273,25177.001953125,26442.5571781663,24057.2671731753
4288.18432,4332.67712,44.4928,32.5119999999997,1.17861568927765,0.00915456,1.17861568927765,0.00915456,0.279080827946717,0.672243570152002,0.672243570152002,0.801690834922102,0.000205753739930955,0.000205753739930955,0.730724971231294,34713.7451171875,9918.212890625,22500604.7803297,-1513023.99113063,36709.3553730086,2128.91214791903,25272.3693847656,28094.4117110259,22776.2684374843
4365.18912,4412.23168,47.0425599999999,30.8633600000003,1.52243745326996,0.0090112,1.52243745326996,0.0090112,0.271922706841403,0.868348180182949,0.868348180182949,0.78112833291287,0.000191554201131912,0.000191554201131912,0.656073138876804,34332.275390625,9536.7431640625,17992999.7105656,-1342259.5550995,35088.1606382802,1762.29541682761,25272.3693847656,26740.8268099466,23324.7731897029
4443.09504,4491.61216,48.5171199999995,30.7712000000001,1.25592339038849,0.01572864,1.18639516830444,0.00802816,0.278894075094155,0.716337336650941,0.676680728763135,0.80115436650399,0.000324187420852684,0.000165470662726891,0.634233853946822,34332.275390625,9536.7431640625,15281409.8522056,-1226426.25448616,34521.8519450199,2265.04923961497,25224.6856689453,25682.5055192426,23531.5920359025
4522.38336,4572.99968,50.6163200000001,31.9385600000005,1.23493731021881,0.00889856,1.23493731021881,0.00889856,0.282205057229347,0.70436756772193,0.70436756772193,0.810665532326105,0.000175804167509609,0.000175804167509609,0.630993323892382,33950.8056640625,9536.7431640625,20753551.8679847,-1466584.37855216,36663.9643627975,2467.90838492217,25224.6856689453,30757.0728912279,21062.2583893857
4604.93824,4652.4928,47.5545599999996,33.9967999999999,1.45378088951111,0.01020928,1.45378088951111,0.01020928,0.291027958473545,0.829188737494803,0.829188737494803,0.836010301140704,0.000214685615848408,0.000214685615848408,0.714900947459091,34332.275390625,9536.7431640625,15842974.3670033,-1258641.8316955,35496.4697383167,2326.26301141745,25224.6856689453,25969.9869882371,24026.2831223657
4686.4896,4743.0656,56.576,28.7641599999997,1.37639796733856,0.00898048,1.37639796733856,0.00898048,0.270619845477472,0.785052067379755,0.785052067379755,0.77738571819325,0.000158733031674208,0.000158733031674208,0.508416289592755,33950.8056640625,9536.7431640625,17820212.0787557,-1329941.57141681,35729.5401953897,3070.78629529888,25224.6856689453,31424.7081853704,18203.0594252799
4771.82976,4824.35072,52.5209600000007,34.6111999999994,1.3443409204483,0.00966656,1.3443409204483,0.00966656,0.286361181518263,0.766767783667865,0.766767783667865,0.822604463336646,0.000184051472021834,0.000184051472021834,0.658997855332402,33569.3359375,9536.7431640625,12717189.4333064,-1118312.68527674,34619.0036284982,2248.35459521828,25224.6856689453,25515.4739867717,23655.1088579786
4858.96192,4916.57216,57.61024,28.1702400000004,1.27553904056549,0.00913408,1.27553904056549,0.00913408,0.284383121957543,0.727525457448758,0.727525457448758,0.816922266417475,0.00015854959118379,0.00015854959118379,0.488979736935663,33950.8056640625,9536.7431640625,16533142.7662227,-1279490.48598049,35729.8166227278,2870.29957489037,25224.6856689453,30670.2769441109,18839.2492086541
4944.7424,5002.3424,57.6000000000004,32.7167999999992,1.36666178703308,0.01096704,1.36666178703308,0.01096704,0.274876430074566,0.779498870805381,0.779498870805381,0.789613232654444,0.000190399999999999,0.000190399999999999,0.567999999999983,33569.3359375,9536.7431640625,14821100.0295591,-1227546.04877196,35614.3705144387,2668.06113074381,25224.6856689453,29301.4765393377,21533.7995752716
5035.0592,5085.52192,50.4627200000004,37.7139200000001,1.24700927734375,0.00914432,1.24700927734375,0.00914432,0.297141229528234,0.711253020166399,0.711253020166399,0.853571354732225,0.000181209415584414,0.000181209415584414,0.747362012987009,33950.8056640625,9536.7431640625,13595749.8142342,-1153493.24199117,34893.0287316413,2333.78498007627,19311.9049072266,25345.4331858217,23587.0184383047
5123.23584,5177.97888,54.7430399999994,36.5260800000005,1.33841598033905,0.01060864,1.33841598033905,0.01060864,0.287452991249218,0.763388392974006,0.763388392974006,0.825740808678695,0.000193789749345307,0.000193789749345307,0.667227833894518,33569.3359375,9536.7431640625,11817552.0991207,-1082958.6852614,35204.2638006184,2667.08909876206,19359.5886230469,25751.480008299,23869.6054318991
5214.50496,5268.31616,53.8112000000001,39.8950399999994,1.48555302619934,0.0099328,1.48555302619934,0.0099328,0.313739605327475,0.84731051781129,0.84731051781129,0.901252042261878,0.000184586108468125,0.000184586108468125,0.741389153187428,33950.8056640625,9536.7431640625,12906707.6213965,-1152030.99940098,35572.0808051641,1701.98487297854,25224.6856689453,26795.2501797027,24618.9239568439
5308.2112,5362.08384,53.8726400000005,38.6764800000001,1.4793576002121,0.01101824,1.4793576002121,0.01101824,0.306170602374538,0.843776850881377,0.843776850881377,0.879509236274409,0.000204523854780458,0.000204523854780458,0.717924348983078,33950.8056640625,9536.7431640625,13073546.5375176,-1125150.62089426,35068.7158896245,2553.68988698301,19311.9049072266,25745.0200276857,22671.9856453023
5400.76032,5456.15872,55.3984,40.4991999999993,1.52954697608948,0.01001472,1.52954697608948,0.01001472,0.311398284544846,0.872403217839201,0.872403217839201,0.894526336928209,0.000180776340110906,0.000180776340110906,0.731053604436216,33950.8056640625,9536.7431640625,11888363.2240594,-1092772.7140269,35278.8257128425,2276.54680711712,19359.5886230469,26171.0617416785,24052.6785866555
5496.65792,5553.46944,56.8115200000002,39.0246400000005,1.53152060508728,0.01037312,1.53152060508728,0.01037312,0.305769028026659,0.873528910815893,0.873528910815893,0.878355669128278,0.000182588320115356,0.000182588320115356,0.686914203316518,33569.3359375,9536.7431640625,9958568.20354246,-987576.871536685,34962.1527750973,2548.11258853955,25224.6856689453,25004.3104119745,23963.9782869406
5592.49408,5651.79392,59.2998399999997,41.0521600000002,1.37260150909424,0.01149952,1.37260150909424,0.01149952,0.305363075738337,0.782886692637746,0.782886692637746,0.877189525859469,0.000193921602486618,0.000193921602486618,0.692281125885001,33950.8056640625,9155.2734375,10335300.891156,-1013877.55631333,34832.0942472022,2186.56946680132,19264.2211914062,25950.9522125107,23778.9907607098
5692.84608,5751.28576,58.4396799999995,41.8099200000006,1.38783836364746,0.00999424,1.38783836364746,0.00999424,0.300887354797095,0.791577292632239,0.791577292632239,0.86433251778528,0.000171018048011216,0.000171018048011216,0.715437182407586,33950.8056640625,9536.7431640625,9572978.34868573,-956744.187727155,34359.8240215103,2511.26481029771,25224.6856689453,24591.3209113036,23218.2249079312
5793.09568,5860.31104,67.2153599999992,38.7174400000004,1.43118560314178,0.0114688,1.43118560314178,0.0114688,0.294674865512238,0.816301130350501,0.816301130350501,0.846486448750854,0.000170627666057284,0.000170627666057284,0.576020719073747,33950.8056640625,9155.2734375,9567336.40930999,-997460.302540187,35886.9906030073,2031.24116522017,19359.5886230469,28175.6893847196,23820.3399570004
5899.02848,5958.53312,59.5046400000001,45.5168000000003,1.37909734249115,0.011776,1.37909734249115,0.011776,0.302432798268214,0.786591702059883,0.786591702059883,0.86877197668972,0.000197900533471003,0.000197900533471003,0.764928583720534,35476.6845703125,9536.7431640625,11156538.5236034,-1100528.9227482,37676.8403313537,2470.89649716537,25653.8391113281,28296.972958652,25983.4814150936
6004.04992,6063.31904,59.2691199999999,43.4687999999996,1.67214107513428,0.01405952,1.67214107513428,0.01405952,0.294109277349243,0.95373419543991,0.95373419543991,0.844861733610264,0.000237214927436075,0.000237214927436075,0.733413959917065,35095.21484375,9536.7431640625,11978165.1838255,-1135726.33966195,37361.7131659325,2105.13769163209,25653.8391113281,28606.4730259376,25236.2596521804
6106.78784,6171.07456,64.2867200000001,43.4687999999996,1.32458710670471,0.01088512,1.32458710670471,0.01088512,0.292037690922395,0.755500858922235,0.755500858922235,0.838910870326777,0.000169321439949028,0.000169321439949028,0.676170755017515,35476.6845703125,8773.8037109375,10102117.0681909,-1040067.40172314,36823.6006654765,2682.18022934058,23221.9696044922,28427.6020317488,25112.6705332731
6214.54336,6276.16768,61.6243199999999,46.1414400000003,1.43882727622986,0.01042432,1.43882727622986,0.01042432,0.309126318946219,0.820659688992979,0.820659688992979,0.887999862103412,0.000169159189099369,0.000169159189099369,0.748753738783656,34713.7451171875,8773.8037109375,8739686.80049677,-936174.838481934,35456.5406332211,2542.96157297432,19359.5886230469,25638.7463897584,24501.6806484032
6322.30912,6383.91296,61.6038399999998,45.3734400000003,1.35383403301239,0.0120832,1.35383403301239,0.0120832,0.296030008111777,0.772182342408253,0.772182342408253,0.85037924715645,0.000196143617021277,0.000196143617021277,0.736535904255327,34332.275390625,9536.7431640625,9329287.76866127,-959606.419250735,35201.9679789641,2618.70351725749,25653.8391113281,25641.8642618612,23710.4844074661
6429.2864,6496.02048,66.7340800000002,43.8579199999995,1.49813222885132,0.01289216,1.49813222885132,0.01289216,0.302871035455173,0.854485280694019,0.854485280694019,0.870030861934155,0.000193187049255792,0.000193187049255792,0.65720423507748,34332.275390625,9155.2734375,8563157.76984262,-911573.620333753,34557.2555725676,2596.62409211243,23221.9696044922,25822.3253298432,22697.5395446158
6539.8784,6607.90272,68.0243200000004,44.0217599999996,1.53114593029022,0.01106944,1.53114593029022,0.01106944,0.304297509801783,0.87331520865198,0.87331520865198,0.874128568746704,0.000162727683275627,0.000162727683275627,0.647147373174761,33569.3359375,9155.2734375,7816542.17675086,-857242.770073632,34464.7070877476,2861.88269906345,23221.9696044922,24863.2416044037,22143.8074912124
6651.92448,6718.01344,66.08896,49.3977599999998,1.37928116321564,0.01266688,1.37928116321564,0.01266688,0.323178713316483,0.786696547346792,0.786696547346792,0.9283669337444,0.000191664084288813,0.000191664084288813,0.747443445925005,33950.8056640625,9536.7431640625,8294082.90147665,-900287.06201398,34883.1641829758,2095.58304175727,23221.9696044922,25588.6088599235,23272.5497796621
6767.4112,6841.33376,73.9225600000009,45.4143999999997,1.22958290576935,0.01127424,1.22958290576935,0.01127424,0.312513564239052,0.701313591777192,0.701313591777192,0.897730102359886,0.000152514198642469,0.000152514198642469,0.614351018146546,34332.275390625,9536.7431640625,7470320.08207725,-852850.158226049,35345.3075652187,2880.51856642923,23221.9696044922,26459.9257072987,22222.9676588785
6886.74816,6956.15488,69.40672,51.9475199999997,1.33604562282562,0.01490944,1.33604562282562,0.01490944,0.333934399747294,0.762036419118694,0.762036419118694,0.95926384378411,0.000214812629094128,0.000214812629094128,0.74845087046326,34332.275390625,9155.2734375,8507433.01702396,-902727.94140941,35529.3938426125,3030.49885797581,23221.9696044922,26221.8699737274,21672.5898065923
7008.1024,7086.99136,78.8889600000002,43.6121599999997,1.34904789924622,0.01117184,1.34904789924622,0.01117184,0.323243886254745,0.769452489344639,0.769452489344639,0.928554150285479,0.000141614745586708,0.000141614745586708,0.552829698857731,33950.8056640625,9155.2734375,5995856.07603472,-765049.517252821,34660.0659645086,2326.91852084698,23221.9696044922,25769.8283184442,23038.9422836558
7130.60352,7202.78528,72.1817600000004,52.5209599999998,1.4429783821106,0.01846272,1.30239737033844,0.0109056,0.333351571436852,0.823027343066085,0.742844564142436,0.957589604395285,0.000255780961838557,0.000151085260320612,0.727620939140297,33950.8056640625,9536.7431640625,6682467.22624641,-799759.892836859,34659.4348855052,2405.66612376628,23221.9696044922,24946.7216117686,22911.042619981
7255.30624,7326.81216,71.5059200000005,53.6166399999993,1.55370271205902,0.01345536,1.55370271205902,0.01345536,0.348115278096991,0.886180854040334,0.886180854040334,1,0.000188171273091793,0.000188171273091793,0.749820993842173,33569.3359375,9155.2734375,6032200.47161927,-752575.119790399,34132.3883828445,2720.18392455292,19359.5886230469,23975.1457585947,22970.3526177602
7380.4288,7458.05824,77.6294400000006,53.0944,1.506422996521,0.01496064,1.506422996521,0.01496064,0.340050047243245,0.859214061507195,0.859214061507195,0.976831723968463,0.000192718638702017,0.000192718638702017,0.683946708877451,33950.8056640625,9155.2734375,6256090.22681986,-796687.388023637,35597.6816840048,2113.02931422197,25653.8391113281,26582.3033839476,24145.1318541868
7511.15264,7588.97664,77.8239999999996,53.9033600000002,1.46140360832214,0.01282048,1.46140360832214,0.01282048,0.333661074281478,0.833536485241938,0.833536485241938,0.958478685869438,0.000164736842105264,0.000164736842105264,0.692631578947375,34332.275390625,9155.2734375,5707893.11479883,-756299.433444683,35583.1370159535,2574.99256554348,25653.8391113281,25817.1213261604,24287.9645037505
7642.88,7730.72896,87.8489600000003,47.0835199999992,1.31397426128387,0.01376256,1.31397426128387,0.01376256,0.313111085710893,0.749447641439998,0.749447641439998,0.899446549495179,0.00015666161557291,0.00015666161557291,0.53595990208648,34332.275390625,8773.8037109375,5526983.41749544,-766031.890359093,36229.7283893177,1982.35973659561,23221.9696044922,28444.5087461618,24640.9432436951
7777.81248,7856.34304,78.5305600000002,56.3814400000001,1.75325691699982,0.01472512,1.75325691699982,0.01472512,0.339000082876893,1,1,0.973815584107865,0.000187508149693571,0.000187508149693571,0.717955404876777,34332.275390625,9155.2734375,6865691.86637979,-857827.374761969,37454.6686472053,2142.72918603283,25653.8391113281,28565.6087174874,25024.606967629
7912.72448,7993.81504,81.0905600000006,0,1.31286931037903,0.03094528,1.22698450088501,0.011776,0.31555770649023,0.748817413836654,0.699831547212506,0.906474740825107,0.000381613840131327,0.000145220356105568,0,35095.21484375,8773.8037109375,5512358.94302742,-777160.943832331,38607.2193971977,3189.78696830698,28181.0760498047,28011.1711179086,26772.9136383376
