note.starts,note.ends,note.durs,INI,pk.amps,pk.times,qpk.amps,qpk.times,note.rmss,rel.pk.amps,rel.qpk.amps,rel.note.rmss,rel.pk.tm,rel.qpk.tm,rel.INI,max.Hz,min.Hz,FMa,FMb,FMc,FM.resid,note.DF,arcL,chordL
949.31968,961.49504,12.1753600000001,34.37568,0.0300044566392899,0.00575488,0.0256165806204081,0.00073728,0.0101041487580098,0.0275581273636815,0.0235280045176625,0.0484116613513405,0.000472666105971402,6.05550883095034e-05,2.8233809924306,39291.3818359375,12207.03125,-164010219.546898,1158641.12916769,23321.6719193892,8196.97193436123,21553.0395507812,14298.5173499689,10205.9022262485
995.87072,1014.13888,18.26816,32.3276800000001,0.0898788869380951,0.00320512,0.0898788869380951,0.00320512,0.0212926890091446,0.0825508638040972,0.0825508638040972,0.102018930466851,0.000175448430493274,0.000175448430493274,1.76961883408073,30517.578125,12207.03125,-7930164.46160828,-963144.894730258,30283.2467215402,704.687496749929,27465.8203125,20241.3844865839,20241.3844865839
1046.46656,1063.99744,17.53088,31.58016,0.0995973870158195,0.0044544,0.0853357464075089,0.00434176,0.0227439318234507,0.0914769932169916,0.0783781355031603,0.108972220382447,0.000254088785046729,0.000247663551401869,1.80140186915887,30517.578125,11444.091796875,-3965082.2308041,-1107464.71334126,30950.8187430246,930.019819035369,26321.4111328125,20633.4266688872,20633.4266688872
1095.5776,1112.94464,17.3670399999999,32.4300800000001,0.0905827879905701,0.00794624,0.0677421018481255,0.00246784,0.021158959398664,0.0831973742571521,0.062218939441468,0.101378196371353,0.000457547169811324,0.000142099056603775,1.8673349056604,27847.2900390625,12207.03125,-1677534.78995557,-893143.78603556,27914.0472412109,2215.78681907272,20599.365234375,16017.2319674323,16017.2319674323
1145.37472,1161.3696,15.99488,36.8435199999999,0.0831677243113518,0.00717824,0.0560486055910587,0.0031232,0.0214569534911665,0.0763868770120821,0.0514788396271957,0.102805965244956,0.000448783610755443,0.000195262483994879,2.30345710627401,28228.759765625,11825.5615234375,4436455.64285785,-1150778.83064687,28123.9603901957,659.453694910115,22506.7138671875,17271.5634107664,17271.5634107663
1198.21312,1215.4368,17.2236800000001,35.6249600000001,0.0856189876794815,0.0086528,0.0471055768430233,0.0041984,0.0219931926222733,0.0786382834918911,0.0432649556626148,0.105375229399732,0.000502378121284184,0.000243757431629012,2.06837098692033,27084.3505859375,11062.6220703125,4117585.39352749,-1098069.93290537,27824.1293770926,786.967109865695,19264.2211914062,17691.3022181452,17691.3022181451
1251.06176,1268.91008,17.8483200000001,34.0275199999999,0.0867383778095245,0.00776192,0.0604351088404655,0.00349184,0.0236156374233238,0.0796664072851072,0.0555077016286512,0.113148793521839,0.000434882386689614,0.000195639701663797,1.90648307515776,28228.759765625,11444.091796875,11285234.0415195,-1196535.22743137,28623.8534109933,1282.65873776099,22506.7138671875,17761.0909584285,17761.0909584283
1302.9376,1321.24672,18.3091200000001,33.9456,0.102995835244656,0.0093696,0.0769781395792961,0.00369664,0.0286926281609908,0.0945983584946585,0.0707019427229896,0.137474005092085,0.00051174496644295,0.000201901565995524,1.85402684563757,28610.2294921875,11444.091796875,3965082.23080421,-1143444.72352129,28907.230922154,790.609326215299,26130.6762695312,19606.2764255314,19606.2764255314
1355.19232,1372.50816,17.31584,34.6931199999999,0.109249129891396,0.00809984,0.0631895735859871,0.00277504,0.025142170152488,0.100341808289108,0.0580375888113591,0.120462817423897,0.000467770549970432,0.000160260201064459,2.00354819633353,27847.2900390625,10299.6826171875,21655449.1066996,-1438480.80699752,28607.5047084263,1144.00880681175,22506.7138671875,18415.3701283716,18415.3701283712
1407.20128,1424.66048,17.4592,36.4544000000001,0.0880547240376472,0.00782336,0.0536557510495186,0.0021504,0.0229383431263507,0.0808754289129745,0.0492810797740085,0.109903696589328,0.000448093841642228,0.00012316715542522,2.08797653958945,26321.4111328125,10299.6826171875,10675221.3906266,-1163753.44037846,27070.7266671317,1046.76783130549,18310.546875,17064.1439611305,17064.1439611304
1461.11488,1478.4512,17.3363199999999,34.3552,0.111531130969524,0.0082944,0.0528257824480534,0.00228352,0.0252689771443358,0.102437752805323,0.0485187803362281,0.121070383414199,0.000478440637920854,0.000131718842291791,1.98168930891909,26321.4111328125,11444.091796875,13115271.9941984,-1181663.4898903,27168.8188825335,970.424981682185,18310.546875,16543.9277419216,16543.9277419214
1512.8064,1529.43616,16.62976,37.55008,0.117847040295601,0.00791552,0.0779772400856018,0.00283648,0.0309373071687388,0.108238712166725,0.071619584369792,0.14822885862484,0.000475985221674876,0.000170566502463054,2.25800492610837,27084.3505859375,10299.6826171875,4325544.25178647,-1112254.77934301,27361.0209370707,1023.51311880895,18310.546875,17300.3054582236,17300.3054582236
1566.98624,1584.40448,17.41824,33.6588800000002,0.117730416357517,0.00807936,0.104378372430801,0.00219136,0.0362960387557387,0.10813159683456,0.0958681743863064,0.173903965462209,0.000463844797178131,0.00012580834803057,1.9323927101705,27084.3505859375,16021.728515625,53376106.9531326,-1604148.764982,28029.8505510603,985.087194067438,24414.0625,12357.8928483199,11747.3996942992
1618.06336,1636.66944,18.6060799999998,33.7305600000002,0.139334961771965,0.00920576,0.097608357667923,0.0045056,0.0342163061438608,0.12797467619185,0.0896501338021253,0.163939413937989,0.000494771601541007,0.000242157402311505,1.81287837094114,29754.638671875,10299.6826171875,13599693.8052014,-1251558.77502564,28950.1863367417,1159.26235900749,24414.0625,18578.5761969131,18578.5761969129
1670.4,1689.33376,18.9337599999999,36.82304,0.135032832622528,0.00922624,0.102059669792652,0.00391168,0.0383038888607009,0.124023309084606,0.0937385206689,0.18352410879676,0.00048729042725798,0.0002065981611682,1.94483504597081,30517.578125,11444.091796875,24292856.7443836,-1358388.83400984,29882.5432272518,2081.64137685907,24414.0625,17010.7283299988,17010.7283299977
1726.1568,1746.29888,20.1420800000001,34.3347199999998,0.142889440059662,0.008448,0.101620621979237,0.00458752,0.0367147208876153,0.131239350054849,0.0933352693883884,0.175909982799018,0.00041942043721403,0.000227758007117437,1.70462633451956,28610.2294921875,9918.212890625,10184819.0634381,-1118724.34005642,28095.0583663641,1379.67535989495,18119.8120117188,18401.4195681425,18401.4195681423
1780.6336,1801.2672,20.6336000000001,33.1571200000001,0.155986294150352,0.00980992,0.117834530770779,0.0050688,0.039949035437117,0.143268388855111,0.108227222570948,0.19140644315646,0.000475434243176176,0.000245657568238212,1.60694789081885,29373.1689453125,10299.6826171875,6219736.83263391,-951744.169935959,28268.9636828853,2011.18177656784,24223.3276367188,16989.8838545805,16989.8838545804
1834.42432,1854.83264,20.40832,35.4304,0.147267609834671,0.00919552,0.104573003947735,0.00480256,0.0384664244978913,0.135260558028385,0.0960469371680198,0.184302860219927,0.00045057701956849,0.000235323632714501,1.73607626693427,28610.2294921875,9918.212890625,9951578.93221429,-1051651.01650382,28229.694740445,1592.3031687619,18310.546875,17317.6025726671,17317.6025726668
1890.26304,1909.80096,19.53792,36.95616,0.152780413627625,0.00771072,0.116747938096523,0.00484352,0.0417590507997593,0.140323890815364,0.107229222184886,0.200078707676268,0.000394654088050315,0.0002479035639413,1.89150943396226,28610.2294921875,9918.212890625,17798016.1672293,-1160211.87859211,28463.2514504825,1787.68076204634,16403.1982421875,15874.0844970195,15874.0844970187
1946.75712,1967.22688,20.46976,33.9968000000001,0.177183374762535,0.00826368,0.114980697631836,0.0050176,0.0465771002197819,0.162737224910747,0.105606068718266,0.2231632625935,0.000403701850925464,0.000245122561280641,1.66083041520761,28610.2294921875,10299.6826171875,9018618.40731921,-999924.460692065,28179.2061001647,1634.40239410093,16593.9331054688,16689.3127395348,16689.3127395346
2001.22368,2022.46144,21.23776,35.4099200000001,0.199026256799698,0.01092608,0.0949880257248878,0.00477184,0.0471684849617069,0.182799208782228,0.0872434432798004,0.225996744021783,0.000514464802314369,0.000224686595949856,1.66730954676953,30517.578125,9918.212890625,19849962.7467809,-1188819.39036697,30041.6267324158,1927.24486185924,18119.8120117188,16294.6850698793,16294.6850698776
2057.87136,2079.8464,21.9750399999998,35.05152,0.205787599086761,0.01057792,0.114850237965584,0.00505856,0.0486725430689474,0.189009283976603,0.10548624571525,0.233203086038743,0.000481360671015848,0.000230195712954336,1.59506057781921,30517.578125,9918.212890625,8449839.84170321,-1065300.81167417,30155.7920788587,2035.6642127873,18119.8120117188,19329.5801530446,19329.5801530444
2114.89792,2137.25184,22.35392,35.5737600000002,0.206059366464615,0.01074176,0.122269980609417,0.00519168,0.0504251844616355,0.189258893563012,0.112301040438669,0.241600456624355,0.000480531378836463,0.000232249198350893,1.59138799816767,32043.45703125,9536.7431640625,-3652049.4231091,-710644.807533906,29456.8245871025,4379.88574831548,18119.8120117188,17710.6180168245,17710.6180168244
2172.8256,2194.688,21.8624,37.0483199999999,0.246882051229477,0.0108544,0.122165806591511,0.00488448,0.0536080368938416,0.226753215143372,0.112205359957334,0.256850348304454,0.00049648711943794,0.000223419203747073,1.69461358313817,30517.578125,9918.212890625,17300689.0318264,-1146057.18333624,29911.3207680276,1736.75091759174,18119.8120117188,16786.4447981621,16786.4447981608
2231.73632,2255.26784,23.53152,35.61472,0.289703369140625,0.0115712,0.133153155446053,0.00470016,0.0579201862743471,0.266083216918203,0.122296886118357,0.277511001715751,0.000491731940818103,0.000199738903394256,1.51348999129678,31280.517578125,9918.212890625,18231603.5906581,-1160117.27686829,30460.6922885828,1731.37330623863,19454.9560546875,17203.8926799381,17203.8926799358
2290.88256,2314.04544,23.1628799999999,37.8163199999999,0.258095145225525,0.01190912,0.162753939628601,0.00499712,0.0613150696479725,0.237052080948507,0.149484253327644,0.293776789972378,0.000514146772767466,0.000215738284703803,1.63262599469497,31280.517578125,10299.6826171875,15338607.577058,-1146714.19705269,30634.696023506,1961.83232159752,19454.9560546875,18331.7487902416,18331.7487902405
2351.86176,2375.5264,23.6646400000004,38.5331199999996,0.281863868236542,0.01130496,0.156142696738243,0.00386048,0.0646340609427608,0.258882887747785,0.143412039596363,0.309678959114926,0.000477715274772817,0.000163132842925138,1.62829943747291,31280.517578125,9536.7431640625,6137898.19009925,-957165.471687703,30057.5198983787,2161.94681766667,19550.3234863281,19213.6601093341,19213.660109334
2414.05952,2437.376,23.3164800000004,39.1167999999998,0.323672026395798,0.01252352,0.218256920576096,0.00534528,0.0697122871251739,0.297282334911411,0.200461954287312,0.334010090029206,0.000537110232762397,0.000229249011857703,1.67764602547207,31280.517578125,9918.212890625,16555957.384761,-1089441.37279863,30658.1196032072,2157.2560067706,17929.0771484375,16401.1553335177,16401.1553335156
2476.4928,2500.42368,23.9308799999999,36.2598400000002,0.31644070148468,0.01181696,0.233064070343971,0.00514048,0.0782056296048275,0.290640595808968,0.214061844600336,0.374703950512999,0.000493795464270434,0.000214805305947797,1.51519041506206,30517.578125,9918.212890625,17611675.8734581,-1117067.05647778,30338.0292161067,1816.41074267024,19454.9560546875,16646.4195500851,16646.4195500824
2536.68352,2561.3312,24.64768,37.5705600000001,0.369265615940094,0.01152,0.211669653654099,0.0049152,0.075492637570037,0.339158578921903,0.194411761711012,0.361705284837868,0.000467386788533443,0.000199418363107603,1.52430411300374,30517.578125,9918.212890625,8413012.45256269,-970505.263651433,29941.6448836936,1627.39837603351,19550.3234863281,18809.7297192855,18809.7297192851
2598.90176,2623.8464,24.9446399999997,38.0825600000003,0.34635117650032,0.01243136,0.23481947183609,0.00380928,0.0813345068408638,0.318112404077272,0.215674124351834,0.389695232687149,0.000498357963875211,0.000152709359605913,1.52668308702794,30517.578125,9536.7431640625,8954635.46861022,-907928.108028246,29623.35363611,2122.85343895023,19454.9560546875,17076.0516202238,17076.0516202231
2661.92896,2686.89408,24.9651199999998,35.5942399999999,0.360785037279129,0.01164288,0.284581869840622,0.00478208,0.0821704241639003,0.331369440472699,0.26137928470909,0.393700334683344,0.000466365873666943,0.000191550451189501,1.42575881870386,30136.1083984375,9918.212890625,9764094.04204391,-916707.664083091,29408.3434265929,2044.44811140561,19454.9560546875,16800.1747633679,16800.174763367
2722.48832,2749.9008,27.41248,38.4000000000001,0.365607053041458,0.01303552,0.281927168369293,0.00610304,0.0802634966487043,0.33579830669499,0.25894102688163,0.384563738291289,0.000475532312289877,0.000222637280537916,1.40082181546508,32424.9267578125,9536.7431640625,11594174.2950246,-965385.014837985,31039.2719012475,2415.41708653588,19550.3234863281,17751.2240098621,17751.2240098601
2788.3008,2813.24544,24.9446400000002,40.7244799999999,0.342348873615265,0.013056,0.318532735109329,0.00507904,0.0856873889985529,0.314436417740297,0.292562061335582,0.410551047656548,0.000523399014778322,0.000203612479474547,1.63259441707716,30136.1083984375,9536.7431640625,7639265.28678042,-865542.215050473,29565.3900542817,2337.93393760172,17261.5051269531,16837.2202290493,16837.2202290488
2853.96992,2881.65888,27.68896,41.1340800000003,0.383443623781204,0.0137728,0.344279527664185,0.00551936,0.0916657919822184,0.352180622631802,0.316209661322574,0.439195164800768,0.000497411242603551,0.000199334319526628,1.48557692307694,30136.1083984375,9918.212890625,3839704.13654949,-760072.57956635,29408.2249577338,2049.62064092342,19454.9560546875,18101.8006222937,18101.8006222935
2922.79296,2952.0896,29.2966399999996,36.6694400000001,0.386086672544479,0.01368064,0.33418396115303,0.00520192,0.0899140432656305,0.354608177822099,0.306937208531058,0.430802071263534,0.000466969591052087,0.000177560293603638,1.25166025865084,30136.1083984375,9536.7431640625,5196922.0068563,-689658.893767653,28804.2814835258,2897.93661679417,23937.2253417969,15744.2059543552,15744.2059543545
2988.75904,3018.83392,30.0748800000001,39.6799999999998,0.39796781539917,0.00617472,0.39796781539917,0.00617472,0.100150207495559,0.365520624994594,0.365520624994594,0.479846253817081,0.000205311542390193,0.000205311542390193,1.31937351038474,32043.45703125,9918.212890625,7792248.55792814,-884708.788567752,30764.7041652514,1843.90762962167,19454.9560546875,19559.4342434385,19559.4342434374
3058.51392,3087.83104,29.3171200000002,41.8099200000001,0.436303585767746,0.00644096,0.436303585767746,0.00644096,0.107029907345884,0.400730795773646,0.400730795773646,0.512808723722203,0.000219699615787634,0.000219699615787634,1.42612644079636,32043.45703125,9918.212890625,3604620.20982197,-739797.677914179,30343.4289020041,1735.41533552624,25367.7368164062,18590.5895683883,18590.5895683881
3129.64096,3161.02656,31.3855999999996,40.2329600000003,0.459417164325714,0.0155136,0.44734463095665,0.006912,0.11600496073831,0.421959873486617,0.410871640288909,0.555810589178699,0.000494290375203921,0.000220228384991846,1.28189233278958,32424.9267578125,9918.212890625,8101353.78260985,-931584.500240751,31847.7337176983,2011.70907240851,24604.7973632812,21258.0522516343,21258.0522516331
3201.25952,3234.69312,33.4335999999998,40.6425600000002,0.417531549930573,0.0073216,0.417531549930573,0.0073216,0.108310040127912,0.383489285264204,0.383489285264204,0.518942180009568,0.000218989280245024,0.000218989280245024,1.21562021439511,32424.9267578125,9918.212890625,9116300.17167788,-858013.970170156,31637.0683420854,2420.0668154483,19454.9560546875,18496.2444082503,18496.2444082466
3275.33568,3309.14816,33.8124800000001,38.17472,0.487385004758835,0.00738304,0.487385004758835,0.00738304,0.112151028128368,0.447647434438272,0.447647434438272,0.537345374062433,0.000218352513628104,0.000218352513628104,1.1290127195639,32043.45703125,9155.2734375,6269574.46751086,-872789.761017423,31656.6308921656,1806.26124145489,19454.9560546875,22343.2833935207,22343.2833935198
3347.32288,3382.72256,35.39968,42.27072,0.491220533847809,0.00646144,0.491220533847809,0.00646144,0.124234660523356,0.451170244413196,0.451170244413196,0.595241267463299,0.000182528203644779,0.000182528203644779,1.19409892970784,32424.9267578125,9918.212890625,24110691.5962131,-1234783.70909189,32659.8219096367,3332.87224747043,26321.4111328125,18121.6214313976,13496.9401397619
3424.99328,3459.20512,34.2118399999999,44.15488,0.501606822013855,0.00944128,0.462667167186737,0.0071168,0.125431095922031,0.460709715684307,0.424944896473473,0.600973707348795,0.000275965279856331,0.000208021550434002,1.29063154744089,32043.45703125,9536.7431640625,4543542.50320256,-706709.281264452,31145.2179706743,2167.44317733222,23937.2253417969,18859.8355516237,18859.8355516229
3503.36,3538.64704,35.2870399999997,42.4550400000003,0.587512969970703,0.00695296,0.587512969970703,0.00695296,0.12974274547716,0.539611746645202,0.539611746645202,0.621631965963911,0.000197040046430646,0.000197040046430646,1.20313406848522,32424.9267578125,9155.2734375,4180807.01117733,-773592.581925032,31184.6803561807,1842.2422813219,23174.2858886719,22091.9552094233,22091.9552094228
3581.10208,3619.20512,38.10304,41.7996800000001,0.612529814243317,0.01792,0.52110755443573,0.00626688,0.135763673772539,0.562588912637247,0.478620510544807,0.65047983317544,0.000470303681805967,0.000164471916151572,1.09701693093255,32043.45703125,9536.7431640625,3182210.04396571,-709186.189654185,30954.7301261656,1573.91530175258,19454.9560546875,22402.0846479518,22402.0846479514
3661.0048,3700.21376,39.2089599999999,43.3049599999999,0.570357263088226,0.01754112,0.451836407184601,0.00768,0.136054104436427,0.523854782239382,0.414997192131662,0.65187136365296,0.000447375293810395,0.000195873596239227,1.10446591799425,31280.517578125,9155.2734375,4719285.85868787,-738669.831341851,30393.2928269909,1518.97262896051,23174.2858886719,21707.3169411388,21707.3169411374
3743.51872,3782.41024,38.8915200000001,44.3391999999999,0.58455228805542,0.01851392,0.50948578119278,0.00657408,0.139275107865362,0.536892455631684,0.467946286009721,0.667304046895031,0.000476040021063716,0.000169036334913112,1.14007372301211,32043.45703125,9155.2734375,3082972.72450731,-697126.460447965,31003.0291157384,1140.36814653191,23078.9184570312,22449.1562736832,22449.1562736827
3826.74944,3868.28288,41.5334400000002,47.3292799999999,0.620956242084503,0.01782784,0.533741176128387,0.00684032,0.134120161339752,0.57032831530199,0.490224085302263,0.642605328432054,0.000429240631163707,0.000164694280078895,1.13954635108481,31661.9873046875,9155.2734375,7809098.46974136,-879854.933089308,31938.1448674329,1347.74300366409,25367.7368164062,23072.4991913185,23072.4991913131
3915.61216,3958.19008,42.5779199999997,46.7558400000003,0.571270883083344,0.01774592,0.561493933200836,0.00896,0.138563241756414,0.52469391278889,0.515714099112223,0.663893307225688,0.000416786916786919,0.000210437710437712,1.09812409812411,31661.9873046875,9155.2734375,16060737.5990187,-1176144.14129477,33376.1239980722,2902.38009433978,24604.7973632812,22103.5268141958,20961.5928778748
4004.94592,4049.33632,44.3903999999998,47.1756799999998,0.709541261196136,0.01954816,0.52960991859436,0.00830464,0.141497769199034,0.651690803166404,0.486429658272186,0.677953407901235,0.000440369088811998,0.000187081891580162,1.06274509803922,32043.45703125,9155.2734375,6981301.20049336,-862433.040863923,32699.6490734966,1169.18926646454,24604.7973632812,24527.0404988573,24527.0404988521
4096.512,4140.96384,44.4518400000006,47.9334399999998,0.614392161369324,0.02197504,0.579697549343109,0.008704,0.160098678232391,0.564299418510121,0.532433534433422,0.767075305303641,0.00049435613913844,0.000195807417645701,1.07832296705826,31280.517578125,9155.2734375,6479481.52422403,-799195.01964424,31133.5929635526,801.516736874709,23078.9184570312,22722.4534381996,22722.4534381938
4188.89728,4234.65984,45.7625600000001,46.2745599999998,0.672352194786072,0.02038784,0.598012626171112,0.00792576,0.156421242134036,0.617533843052587,0.549255342805742,0.749455731869149,0.000445513537704183,0.000173193108077869,1.01118818527634,31661.9873046875,9155.2734375,11038886.7347743,-985892.13153246,33146.6262404983,2743.37908546529,25367.7368164062,22026.242131474,21999.179884911
4280.9344,4326.06208,45.1276799999996,53.0432000000001,0.68307089805603,0.02018304,0.610259413719177,0.00826368,0.158217885476926,0.627378626893806,0.560503622856366,0.758063927489406,0.000447243022464265,0.000183117767188565,1.17540276832313,31661.9873046875,10299.6826171875,9339538.48959271,-934944.654369291,33011.2216708896,803.842704592317,23078.9184570312,23171.8429791732,23171.842979155
4379.10528,4428.26752,49.1622400000006,49.70496,0.639543354511261,0.01984512,0.634878873825073,0.0087552,0.163665550365685,0.587399979612982,0.583115804285938,0.7841651374049,0.000403665902936884,0.000178087898354507,1.01103936679857,31280.517578125,9536.7431640625,16798921.1717455,-1154580.91673586,33069.7187045325,3538.70433820939,23126.6021728516,23516.8315790496,16160.0374334145
4477.97248,4529.50016,51.5276799999992,53.3913600000005,0.692999243736267,0.01042432,0.692999243736267,0.01042432,0.166134615290609,0.636497492736167,0.636497492736167,0.795995083485728,0.000202305246422897,0.000202305246422897,1.03616852146266,32043.45703125,9155.2734375,14667711.1217917,-1145662.8493236,34595.7154596309,2770.97651976407,24604.7973632812,24653.5314010352,20089.0823958703
4582.89152,4638.27968,55.3881599999995,52.3263999999999,0.691019117832184,0.02034688,0.686156630516052,0.01025024,0.185260290240226,0.634678810847777,0.630212772806389,0.887631273822167,0.000367350711776672,0.000185061933814015,0.944721760029587,31280.517578125,9155.2734375,8264251.2127625,-842545.933247552,32397.5061009349,2172.75470124648,23126.6021728516,21635.4586162053,21313.6001872126
4690.60608,4747.99104,57.3849600000003,58.7673599999998,0.685438096523285,0.01939456,0.683708846569061,0.00996352,0.179569917292645,0.629552822468815,0.627964562062868,0.860367185109819,0.000337972876516772,0.000173625981441826,1.02408993576016,30899.0478515625,9918.212890625,13442912.9159689,-1061143.41179036,33407.0228305259,3144.13445643221,23126.6021728516,25256.053536505,16625.7078660237
4806.7584,4868.3008,61.5424000000003,57.4771200000005,0.714201807975769,0.01196032,0.714201807975769,0.01196032,0.181012451293476,0.655971365326937,0.655971365326937,0.867278748786142,0.000194342762063227,0.000194342762063227,0.933943427620636,32043.45703125,9155.2734375,10083266.4685296,-974811.97423645,34510.545817552,2582.94144633423,24604.7973632812,25318.3392725375,21802.2294641601
4925.77792,4986.75712,60.9791999999998,56.4428799999996,0.684363663196564,0.01411072,0.684363663196564,0.01411072,0.198910430164088,0.628565990051967,0.628565990051967,0.953032721011723,0.000231402183039464,0.000231402183039464,0.925608732157848,30899.0478515625,9155.2734375,6445507.44377488,-718427.268194858,31196.827791175,3031.72608103519,23078.9184570312,20196.8303263291,19841.7402056202
5043.2,5112.71936,69.5193600000002,58.7571200000002,0.769356429576874,0.02195456,0.757415890693665,0.0123392,0.173754360286661,0.706629109443142,0.695662108930839,0.832503306312513,0.00031580497864192,0.000177493003387833,0.84519074974223,31280.517578125,9155.2734375,7470010.0739135,-820072.349614479,33111.1869426688,2420.21730650144,18548.9654541016,24105.8691394377,20908.7838437489
5171.47648,5247.03744,75.5609599999998,61.9929599999996,0.846141457557678,0.01037312,0.846141457557678,0.01037312,0.199164740990524,0.77715368538057,0.77715368538057,0.954251191751044,0.000137281474454533,0.000137281474454533,0.82043637349234,32424.9267578125,9155.2734375,8981657.09170338,-894717.246342462,33191.767859222,3562.08152793514,17929.0771484375,28238.8125684154,16325.2940541929
5309.0304,5381.0688,72.0384000000004,60.7744000000002,0.834309816360474,0.0114688,0.834309816360474,0.0114688,0.199470043480534,0.766286703886661,0.766286703886661,0.955713977098931,0.000159203980099502,0.000159203980099502,0.843638948116559,32806.396484375,9918.212890625,10738610.2550094,-977211.619559244,34309.7470349346,3442.47342231547,17929.0771484375,29794.6432715986,14668.4099186732
5441.8432,5521.82784,79.9846399999997,68.0960000000005,0.895114362239838,0.03117056,0.876599609851837,0.01219584,0.195325200027216,0.822133721540702,0.805128517595519,0.935854930837636,0.000389706823710154,0.000152477275636923,0.851363461784672,30899.0478515625,9155.2734375,7695670.35118438,-820742.988176486,33197.9010328536,3046.78314991195,17929.0771484375,27352.6575258123,16413.4532582542
5589.92384,5676.50304,86.5791999999992,67.5123200000007,0.910499751567841,0.01221632,0.910499751567841,0.01221632,0.198599944427957,0.836264706272008,0.836264706272008,0.951545101354495,0.000141099940863396,0.000141099940863396,0.779775280898892,30517.578125,9536.7431640625,6874029.50620064,-764100.445137211,32665.775300674,3065.77973585926,17309.1888427734,27840.0310273222,14627.7696661159
5744.01536,5834.48576,90.4703999999992,69.0995200000007,0.953524172306061,0.0335872,0.781623423099518,0.01482752,0.196332847690466,0.875781251454163,0.717895948030841,0.940682838522195,0.000371250707413699,0.000163893604980194,0.763780418788921,33950.8056640625,9155.2734375,8090514.07621567,-852055.010141262,33831.9641563574,3998.08945493506,17261.5051269531,34001.4574317264,10865.7633267657
5903.58528,5999.12448,95.5392000000002,72.8575999999994,0.886848092079163,0.02516992,0.814275443553925,0.01381376,0.198699933001988,0.81454141854888,0.747885777514564,0.952024173179436,0.000263451232583065,0.000144587352625938,0.762593783494097,32424.9267578125,8773.8037109375,7471865.62239319,-823256.898940221,33384.0102895195,3759.3435056075,18572.8073120117,34901.5393295866,10452.068243179
6071.98208,6171.68896,99.7068800000006,80.0358399999996,0.990704417228699,0.0284672,0.869062006473541,0.01185792,0.199214287292739,0.909930109315805,0.798205471582281,0.954488581249312,0.000285508883639723,0.000118927801170791,0.802711307384195,32806.396484375,9536.7431640625,6991407.78747957,-801032.085912811,33612.4327209331,3522.34268413868,16403.1982421875,35525.0397237244,10363.5957849715
6251.7248,6351.22688,99.5020800000002,74.9158399999997,0.943057954311371,0.03416064,0.763855576515198,0.02429952,0.202135889882174,0.866168367208959,0.701576753018062,0.968486755519144,0.000343315838221673,0.000244211176288978,0.752907275908197,34332.275390625,9155.2734375,5504723.23899413,-695893.892681235,32782.7038026093,3252.89592370622,17285.3469848633,29244.1432453295,14742.474995705
6426.14272,6535.81312,109.6704,77.7932799999999,1.01694464683533,0.03853312,0.928880393505096,0.01427456,0.208713117376419,0.93403091534756,0.853146734086164,1,0.000351353874883287,0.00013015873015873,0.709337068160596,40435.791015625,8773.8037109375,5085412.3862269,-681018.306811126,33690.8217820195,4443.64215043479,17905.2352905273,32077.3734786874,13522.2612056745
6613.6064,6726.12352,112.51712,83.0873599999995,0.895073235034943,0.03464192,0.782425820827484,0.012544,0.200339439204183,0.822095947527187,0.718632924509017,0.959879483007606,0.000307881325081906,0.000111485256643611,0.738441936658166,40435.791015625,8773.8037109375,5238797.45641544,-704859.171137533,34388.2638667497,4499.08728214984,18119.8120117188,34433.0046191124,12985.0122514473
6809.21088,6932.14208,122.9312,86.00576,0.897387802600861,0.03497984,0.772417664527893,0.01678336,0.19426119159196,0.824221803313887,0.709440755182458,0.930756983719453,0.000284548104956268,0.000136526447313619,0.699625156184923,41198.73046875,8773.8037109375,4533026.92681022,-644023.273190194,33780.8529980906,4218.53342242728,26369.0948486328,35082.2747906333,10667.0885435148
7018.14784,7140.57728,122.429440000001,94.2899199999993,1.08876979351044,0.03530752,0.816858887672424,0.01165312,0.198390318404437,1,0.750258587757738,0.950540727378602,0.000288390766142521,9.5182335229173e-05,0.770157243225148,40817.2607421875,8773.8037109375,3256438.88893139,-529238.227926181,32390.9928256694,3965.02639642134,17309.1888427734,27022.3656843862,15983.6822925209
7234.8672,7361.92512,127.05792,105.56416,0.959970414638519,0.03738624,0.725223958492279,0.01625088,0.183732348415503,0.881701917485569,0.666094855693962,0.88031049856889,0.000294245647969052,0.000127901353965184,0.830834945196645,32806.396484375,8773.8037109375,3052480.83507326,-526062.468780228,32948.4641584272,2858.48485329616,16450.8819580078,27768.601770483,17562.0223233539
7467.48928,7577.53856,110.04928,0,0.870371639728546,0.04952064,0.535973787307739,0.02051072,0.165393768208776,0.799408327560479,0.492274666786668,0.792445488275107,0.000449986042616543,0.000186377593747092,0,32806.396484375,8773.8037109375,4067191.83345518,-608195.94061466,35028.7502483393,3692.22263067799,24056.4346313477,27799.535372897,17674.3994348691
