note.starts,note.ends,note.durs,INI,pk.amps,pk.times,qpk.amps,qpk.times,note.rmss,rel.pk.amps,rel.qpk.amps,rel.note.rmss,rel.pk.tm,rel.qpk.tm,rel.INI,max.Hz,min.Hz,FMa,FMb,FMc,FM.resid,note.DF,arcL,chordL
1938.21696,1952.8704,14.65344,35.54304,0.114287532866001,0.00872448,0.0552867762744427,0.00299008,0.0247712191869189,0.13489926772398,0.0652577358808355,0.141627781983796,0.000595387840670858,0.000204053109713486,2.42557651991614,25558.4716796875,11825.5615234375,7763797.37500099,-1033898.31272872,25455.7682917668,1062.41073530371,16021.728515625,13483.0986690247,13483.0986690247
1988.41344,2004.72576,16.31232,35.6249599999999,0.136042967438698,0.00818176,0.063944399356842,0.00289792,0.0292743306966138,0.16057829079218,0.0754767596427294,0.167374019596541,0.000501569365976146,0.000177652228499686,2.18392969240426,25177.001953125,14495.849609375,45584581.7303638,-1434984.56762447,25797.4142556662,740.503944168247,16021.728515625,11308.1427408737,11278.2447965567
2040.35072,2054.4512,14.1004800000001,38.0723200000002,0.119487404823303,0.00759808,0.0659681931138039,0.00277504,0.0291299689678005,0.141036935601726,0.0778655442195967,0.166548641107865,0.000538852578068262,0.000196804647785039,2.70007262164125,25177.001953125,14877.3193359375,55640547.8541741,-1568011.26654192,25830.5689671656,952.503236642717,16021.728515625,11047.0728260664,11047.0610214943
2092.52352,2105.4464,12.9228799999996,38.73792,0.104696445167065,0.0074752,0.0475784987211227,0.00026624,0.0275106428552189,0.123578429179149,0.0561592719339829,0.157290252818503,0.000578446909667212,2.0602218700476e-05,2.99762282091927,30517.578125,16021.728515625,275873600.058373,-3466001.62712011,27611.4723899148,3920.91833787483,16021.728515625,23053.3521396029,1280.3963865933
2144.18432,2158.61248,14.4281599999999,35.7273600000003,0.129876106977463,0.0053248,0.054072804749012,0.00253952,0.03137745550703,0.153299238217373,0.0638248248212332,0.179398494447243,0.00036905606813343,0.000176011355571328,2.47622427253375,25177.001953125,12207.03125,42867252.6491131,-1445378.79278758,25593.0554735791,1218.16177763837,20027.1606445312,11930.4032956868,11930.4032956842
2194.33984,2210.6112,16.2713599999997,37.4272000000001,0.131227865815163,0.00859136,0.0638508349657059,0.002816,0.0333654750269977,0.154894786504857,0.0753663209314125,0.19076486253066,0.000528005034612973,0.000173064820641916,2.3001887979862,25177.001953125,15258.7890625,76750682.6214395,-1750881.78831619,26279.4913826408,1257.8345817633,16021.728515625,11802.1379171023,8168.93542408501
2248.0384,2265.6,17.5616,36.5977600000001,0.146031141281128,0.009216,0.0631464719772339,0.00142336,0.0307778310549623,0.172367829891107,0.0745349262116739,0.175970181915318,0.000524781341107872,8.10495626822158e-05,2.08396501457727,25939.94140625,15258.7890625,59476233.4620621,-1564170.97589308,26830.9456961496,1769.4693502458,16021.728515625,11441.85879501,9126.29206702369
2302.19776,2319.57504,17.3772800000002,38.31808,0.131860971450806,0.00638976,0.0659124329686165,0.00351232,0.0313274999256768,0.155642072621711,0.0777997277428093,0.179112876766039,0.000367707719505006,0.00020212139068945,2.20506776664701,32043.45703125,15258.7890625,97144514.6547013,-2021157.08296853,27510.7792445592,4861.24464127667,16021.728515625,15238.2710588365,5787.49704543162
2357.89312,2374.5536,16.66048,38.2668799999997,0.148200809955597,0.00577536,0.0679774731397629,0.00289792,0.0348973022784927,0.174928797899163,0.0802371975168298,0.199522981958473,0.000346650276582667,0.000173939766441303,2.29686539643514,26702.880859375,15640.2587890625,97158378.5785853,-1822405.68734073,26057.3167067308,3167.83854464736,20027.1606445312,13697.7411640892,3393.74750983207
2412.82048,2429.41952,16.5990400000001,38.5536000000002,0.151572152972221,0.00932864,0.0750807225704193,0.00187392,0.0400393006341097,0.178908161988878,0.0886215166339449,0.228922012203014,0.000561998766193706,0.000112893275755706,2.32264034546576,26702.880859375,16021.728515625,54013847.4517934,-1557970.78423984,27184.9579863496,779.484368372413,16021.728515625,11490.5050583731,10978.4850421916
2467.97312,2486.91712,18.944,35.9935999999998,0.166170477867126,0.01074176,0.0767239853739738,0.004096,0.0388649166534627,0.196139292007481,0.0905611415721913,0.222207550669196,0.000567027027027028,0.000216216216216217,1.89999999999999,26702.880859375,10681.15234375,20471306.9020249,-1068944.93773676,26450.4376579733,1588.57282388663,16021.728515625,12903.449851939,12903.4498519371
2522.91072,2542.25408,19.3433600000003,37.0995199999998,0.170167654752731,0.00797696,0.0944008156657219,0.00268288,0.0414525939078969,0.200857358985648,0.111425984851587,0.237002421574419,0.000412387506617251,0.000138697723663312,1.91794600317624,27847.2900390625,12969.970703125,44889754.4862983,-1482724.46134569,28450.9097828584,2028.78563250445,16021.728515625,12602.7858258188,11884.6721887449
2579.3536,2598.81984,19.4662400000002,37.3555200000001,0.188722848892212,0.00790528,0.0886459052562714,0.00321536,0.045942830642567,0.222758978865981,0.104633177442206,0.262675048525672,0.000406102051551811,0.000165176223040503,1.91899000526037,28991.69921875,14114.3798828125,71443246.348697,-1836937.07921213,28944.5764878217,4044.12776343204,18882.7514648438,14929.5660848555,8685.94723409029
2636.17536,2656.55296,20.3775999999998,38.66624,0.206574082374573,0.00837632,0.102645844221115,0.00361472,0.0460792558851484,0.243829678918311,0.121158002741849,0.263455050687358,0.000411055276381914,0.000177386934673369,1.89748743718595,27847.2900390625,11825.5615234375,39961809.1496731,-1471333.14309,28741.1259669884,2314.26067723152,16021.728515625,13697.8934318884,13388.2336062991
2695.2192,2715.76064,20.54144,37.3145600000003,0.180506065487862,0.01106944,0.103990688920021,0.00330752,0.045762267544123,0.213060300134391,0.12274538992692,0.261642691137536,0.00053888334995015,0.000161016949152543,1.81655034895316,28228.759765625,14495.849609375,41128009.8057919,-1523365.41140656,28906.6165101294,756.380660761528,16021.728515625,14274.3073246862,13938.1243137883
2753.0752,2773.8624,20.7871999999998,39.424,0.184851258993149,0.0086528,0.116459794342518,0.00314368,0.0472112778188216,0.218189148463539,0.137463296145441,0.269927310062779,0.000416256157635473,0.000151231527093598,1.89655172413795,28228.759765625,10681.15234375,45753939.0750634,-1513735.46750543,28839.765810499,2083.76915368906,19645.6909179688,13344.7259419707,11695.6932698653
2813.2864,2834.4832,21.1968000000002,40.8985600000001,0.238807290792465,0.0089088,0.117436766624451,0.00323584,0.0537247471151815,0.281876140355765,0.138616465192969,0.30716763329847,0.00042028985507246,0.000152657004830917,1.92946859903381,28228.759765625,14495.849609375,41074814.6881443,-1530504.06656244,28979.4953368889,705.066319083166,19645.6909179688,14527.6473232227,13986.696494938
2875.38176,2897.78688,22.4051199999999,39.7209600000001,0.217545166611671,0.00919552,0.137736082077026,0.0036864,0.0530169777553505,0.256779396115006,0.162576758334139,0.303121009519779,0.000410420475319929,0.000164533820840951,1.77285191956126,28610.2294921875,15258.7890625,31779990.8622706,-1345470.23218936,29369.8227196409,756.021794386614,18882.7514648438,14289.3972407844,14192.2033933179
2937.50784,2959.11424,21.6063999999997,39.6902399999999,0.261922806501389,0.00944128,0.112560115754604,0.00380928,0.0529038182813468,0.309160534934936,0.132860311264446,0.302474027827329,0.000436966824644556,0.000176303317535548,1.83696682464457,29373.1689453125,10681.15234375,30562641.0545676,-1239428.21835417,28616.1345963139,4359.40318062182,19645.6909179688,12619.8775841844,12511.8248358025
2998.80448,3022.56128,23.7568000000001,39.36256,0.258239388465881,0.00935936,0.152971372008324,0.0034816,0.0606098546352296,0.304812813155922,0.180559729912537,0.34653277311764,0.000393965517241377,0.00014655172413793,1.65689655172413,28610.2294921875,14877.3193359375,38415058.8057679,-1422534.99127156,29291.7122518209,1332.16035709108,20122.5280761719,14224.8037217099,12113.9753327285
3061.92384,3084.70784,22.7840000000001,40.4479999999999,0.266179651021957,0.01017856,0.199635878205299,0.00500736,0.0635682990300099,0.314185100556742,0.23564017094414,0.363447480245838,0.000446741573033706,0.000219775280898875,1.77528089887639,29754.638671875,14495.849609375,32095069.636029,-1372614.28458902,30105.9923673931,1434.28291171889,20027.1606445312,14738.6427313271,14612.7512069694
3125.15584,3149.5168,24.36096,39.2089599999999,0.275461763143539,0.01098752,0.187390238046646,0.00560128,0.0616272199674728,0.325141239837493,0.221186031907378,0.352349491075103,0.000451029844472468,0.000229928541403951,1.60949978982766,29754.638671875,14495.849609375,35501603.1315341,-1434471.72373959,30670.7396543115,1748.99047945774,20122.5280761719,15104.054546825,13876.4556842316
3188.72576,3214.22336,25.4976000000001,40.2739200000001,0.317510694265366,0.01048576,0.201065257191658,0.00493568,0.0672084411379591,0.374773687705285,0.237327338159359,0.384259748263995,0.000411244979919676,0.000193574297188754,1.57951807228915,30136.1083984375,14495.849609375,35122913.4128965,-1463987.65660311,30976.0849197189,1017.32848516488,20122.5280761719,16017.0646766893,14493.7960685837
3254.49728,3280.13824,25.6409600000002,40.2329599999998,0.317982494831085,0.01156096,0.190986081957817,0.00596992,0.0634833193855787,0.375330577413474,0.225430385585354,0.362961614836318,0.000450878594249198,0.000232827476038337,1.56908945686899,30136.1083984375,10681.15234375,14393185.2588679,-1045118.61801215,30063.2823597301,2099.88619259705,20122.5280761719,17334.9179434647,17334.9179434624
3320.3712,3347.69152,27.3203199999998,42.9977600000002,0.314411759376526,0.0157184,0.180678769946098,0.00462848,0.0676258339401138,0.371115860497492,0.213264151808887,0.386646163576827,0.000575337331334337,0.000169415292353824,1.57383808095954,31280.517578125,14495.849609375,41783899.6221373,-1591994.8351396,32436.5582458048,1507.47129627918,20122.5280761719,18021.7327200771,12306.3104656548
3390.68928,3418.73664,28.04736,42.6598399999998,0.296160042285919,0.01147904,0.194823384284973,0.00584704,0.0742445951029238,0.349572449694191,0.229959744658805,0.424488485987195,0.000409273457466228,0.000208470244614823,1.52099306316173,30899.0478515625,11062.6220703125,33554312.4749077,-1474110.65598932,31413.5796467777,1865.55302171457,20122.5280761719,17431.1079948276,14949.264601391
3461.39648,3489.71008,28.3136,43.4892800000002,0.345365822315216,0.0116224,0.21703140437603,0.00540672,0.0734054093528137,0.407652482811382,0.25617297695769,0.419690497823444,0.000410488245931285,0.000190958408679928,1.5359855334539,30136.1083984375,9918.212890625,22818813.1543511,-1213618.2265555,30274.824662642,2494.15066168155,20122.5280761719,16204.160781378,16068.9725220571
3533.19936,3561.46176,28.2624000000001,41.7587199999998,0.368514806032181,0.01210368,0.242607250809669,0.00584704,0.0800508793720628,0.434976381347491,0.286361422440752,0.457685526326647,0.000428260869565216,0.000206884057971014,1.47753623188405,30517.578125,12207.03125,23539737.1963154,-1204210.01484659,30617.8458594522,1493.09844580502,20122.5280761719,15570.3847486308,15231.1880480422
3603.22048,3632.08704,28.8665599999999,44.7180800000001,0.365823239088058,0.01258496,0.270937740802765,0.00710656,0.0816198471347384,0.431799390815917,0.319801310926323,0.466655994132655,0.000435970202199362,0.000246186590989713,1.54913089748138,31280.517578125,10681.15234375,38284201.0806654,-1693798.56197646,33405.1380986753,2213.51662452444,20122.5280761719,20476.4741057552,16992.7443509124
3676.80512,3705.12896,28.32384,45.1993600000001,0.355693608522415,0.01303552,0.201279282569885,0.00677888,0.0805255159793215,0.419842883300597,0.237579962973923,0.460399229250476,0.000460231381055676,0.000239334779464931,1.59580621836587,30517.578125,12207.03125,24856207.1859896,-1295334.09157306,31947.7126532393,1659.18735647355,20122.5280761719,17003.7470055544,16748.1940821524
3750.32832,3782.17472,31.8463999999999,46.5408000000002,0.361327260732651,0.01324032,0.271975457668304,0.00673792,0.0828444743265173,0.426492563617552,0.32102617983158,0.473657717851618,0.000415755627009648,0.000211575562700965,1.4614147909968,30899.0478515625,10299.6826171875,20356151.6295078,-1221978.01942876,31561.1749632746,1688.30250527669,20122.5280761719,18407.099861182,18270.5303804554
3828.71552,3861.58592,32.8703999999998,44.70784,0.434974551200867,0.01318912,0.281918078660965,0.00648192,0.091292838560978,0.51342212894176,0.332761950632929,0.521960672941925,0.000401246105919006,0.000197196261682244,1.36012461059191,30899.0478515625,9155.2734375,17446361.8155382,-1149082.48017814,31428.1682537298,1926.28101964874,20122.5280761719,18920.6489079574,18920.6489078959
3906.29376,3940.58752,34.29376,43.7043199999998,0.462794333696365,0.01412096,0.366889178752899,0.00801792,0.103415075627677,0.546259203929486,0.433057572496972,0.591268749201044,0.000411764705882353,0.000233801134667065,1.2744102717229,31661.9873046875,10681.15234375,18620110.2955321,-1192639.46081188,32387.5523292111,2115.47532236079,20122.5280761719,19193.2801283558,19001.6877479235
3984.29184,4018.70848,34.4166399999999,44.3904000000002,0.469402819871902,0.01422336,0.332259923219681,0.00791552,0.100425457224438,0.554059529332339,0.392182937301768,0.574175806773236,0.000413269860160667,0.000229991074085094,1.28979470395717,31280.517578125,10681.15234375,29475998.2682047,-1491167.24421175,33431.1131903821,2135.65344713587,20122.5280761719,21312.1954315657,16406.4956855546
4063.09888,4097.85344,34.7545599999999,47.6467199999997,0.450524628162384,0.01329152,0.319783627986908,0.00722944,0.101821106391085,0.531776659331524,0.377456544592053,0.5821553371471,0.000382439599292871,0.000208014142604597,1.37094873305834,31661.9873046875,9918.212890625,22767261.4363154,-1324729.75208021,32733.5267883869,3128.94982029783,20122.5280761719,19999.8914602231,18540.2926403909
4145.50016,4183.66464,38.1644800000004,47.5136000000002,0.519525349140167,0.01554432,0.303672283887863,0.00919552,0.103227031842691,0.613221647239725,0.358439522643049,0.590193621490035,0.000407298094982556,0.000240944459350682,1.24496914408371,31280.517578125,9918.212890625,11802625.1942512,-1028503.37699707,32533.214938256,1985.44883404723,20122.5280761719,22061.4479963624,22061.4479963513
4231.17824,4267.39712,36.2188799999994,47.0323200000003,0.475763976573944,0.01401856,0.344519078731537,0.00776192,0.112068338644711,0.5615679194381,0.406653029183117,0.640743199319033,0.000387051173310721,0.000214305908962401,1.29855810008484,31280.517578125,10681.15234375,34368720.4267462,-1571286.40966449,33693.8303679668,3757.86479072178,20122.5280761719,24093.3306928332,11825.0966540421
4314.42944,4353.09568,38.6662400000005,44.6975999999995,0.519800782203674,0.01384448,0.376164346933365,0.00694272,0.114842749241174,0.613546754603952,0.444005515498145,0.65660570556567,0.000358050847457623,0.000179555084745761,1.1559851694915,31280.517578125,9918.212890625,17579339.8236124,-1212664.7089076,32274.9537806357,2141.88613202283,19741.0583496094,21219.5665504878,20606.6984147901
4397.79328,4437.46304,39.6697599999998,48.7424000000001,0.506338834762573,0.01507328,0.341047078371048,0.00709632,0.113687712150378,0.597656947497236,0.40255485421668,0.650001858575175,0.000379969024264328,0.000178884873515747,1.22870418172433,30899.0478515625,9536.7431640625,18295552.5988955,-1217813.49764429,32654.815405345,2463.98333028309,20122.5280761719,21012.0459585397,19518.8435965906
4486.20544,4528.49664,42.2912000000006,50.0633600000001,0.659031808376312,0.0167936,0.48076319694519,0.01009664,0.129951462834617,0.777888069917571,0.567468748254333,0.742988760784762,0.000397094430992731,0.000238740920096849,1.18377723970943,31661.9873046875,10299.6826171875,14711911.9721176,-1144277.42286946,34008.2155465169,1794.83412945372,20122.5280761719,22420.4234613823,22079.9399584413
4578.56,4619.50976,40.9497599999995,49.6844799999999,0.537984669208527,0.01550336,0.461728572845459,0.01015808,0.128397274690401,0.635010102178409,0.545001233311425,0.734102794454649,0.00037859464866217,0.000248062015503879,1.21330332583147,31280.517578125,9536.7431640625,11420387.5689458,-994637.651523686,32286.4017384575,2442.51352053419,20122.5280761719,21579.5211300664,21579.5211300435
4669.19424,4712.28416,43.0899200000003,51.7529599999998,0.569639921188354,0.01604608,0.45199590921402,0.00882688,0.133370862378793,0.672374372843904,0.533513285641539,0.762538948020347,0.000372385931558932,0.000204847908745246,1.20104562737641,31280.517578125,9918.212890625,9814211.21074573,-896150.485416153,31490.3404987705,2275.2511262531,20122.5280761719,20392.6023691007,20392.6023690729
4764.03712,4810.5472,46.51008,50.8006400000004,0.57907509803772,0.01460224,0.447834104299545,0.0073728,0.134717836755674,0.683511182047038,0.528600900000746,0.770240183552889,0.000313958608542492,0.000158520475561427,1.09225011008367,30517.578125,9155.2734375,8673790.18107182,-847204.583032236,30607.4288062091,2361.22663329471,20122.5280761719,20640.5180750812,20640.5180750459
4861.34784,4909.96736,48.6195199999993,52.1830400000008,0.636829972267151,0.01605632,0.572076201438904,0.01040384,0.141242675383585,0.751682136880542,0.675250035775177,0.807545510178122,0.000330244313395119,0.000213984835720306,1.07329401853415,31280.517578125,9155.2734375,8725437.00007683,-873962.80678212,31565.8476671227,1656.39401675781,19216.5374755859,21865.960506803,21865.9605067558
4962.1504,5010.31936,48.16896,53.8111999999992,0.746432542800903,0.01687552,0.52613240480423,0.01067008,0.148318936637124,0.881051510204966,0.62102028413863,0.848003558630006,0.000350340136054422,0.000221513605442177,1.11713435374148,31280.517578125,8773.8037109375,9904823.71606352,-905512.656180748,31994.2862972648,2299.70935115981,20074.8443603516,20755.6600245039,20635.9484900909
5064.13056,5116.06784,51.9372800000001,53.4937600000003,0.705140173435211,0.01579008,0.578259885311127,0.01031168,0.151368719962537,0.832312069862414,0.68254894585995,0.865440489959472,0.000304022082018927,0.000198541009463722,1.02996845425868,30899.0478515625,9155.2734375,8992009.33273898,-854767.417881839,31423.8677872183,2259.46682507234,20074.8443603516,20487.9696319291,20138.5199068312
5169.5616,5225.27744,55.7158399999998,54.3231999999998,0.793914258480072,0.01529856,0.543633997440338,0.00780288,0.149329253580774,0.93709654429375,0.641678285684456,0.85377997789908,0.00027458187833119,0.000140047785333579,0.975004594743613,30136.1083984375,9155.2734375,15991728.2002923,-1123612.89944874,32367.9348043021,3703.12033704064,19216.5374755859,26513.0837373431,12960.6370714224
5279.60064,5335.9104,56.3097600000001,55.7670400000006,0.847206473350525,0.01610752,0.574728310108185,0.00873472,0.167287905180086,1,0.678380451739532,0.956457362255418,0.000286052009456264,0.000155119112565921,0.990361883978915,30136.1083984375,8773.8037109375,8997306.51578471,-839609.844687579,31265.7319298086,2394.34305673996,20074.8443603516,20425.6495284087,18749.6676770744
5391.67744,5457.98144,66.3039999999992,57.4464000000007,0.744434595108032,0.01702912,0.565654277801514,0.01340416,0.158651349722234,0.878693233024942,0.667669919428813,0.907078436484918,0.00025683397683398,0.000202162162162165,0.866409266409288,30136.1083984375,9536.7431640625,16461656.1236497,-1229380.86485135,34784.3201105676,4178.70688968753,20074.8443603516,36762.2001743005,9143.80013138502
5515.42784,5578.1888,62.7609599999996,60.8972800000001,0.738294005393982,0.01758208,0.587108135223389,0.00984064,0.165125322088854,0.871445189121588,0.692992975964287,0.944092938677565,0.000280143579703053,0.000156795562081907,0.970305106868992,30899.0478515625,9155.2734375,12466822.1777251,-1025490.24360649,33196.2351896325,3566.3696917977,20074.8443603516,26922.447230629,15254.7112962243
5639.08608,5703.19872,64.1126400000003,67.3996799999995,0.763355374336243,0.01553408,0.763355374336243,0.01553408,0.17038980351037,0.901026371195361,0.901026371195361,0.974192257625013,0.000242293563328541,0.000242293563328541,1.05126976521321,30136.1083984375,9155.2734375,10070443.9636282,-866616.079133458,30916.3948782638,3660.38084903871,20074.8443603516,23121.3135379215,14167.1835979138
5770.5984,5842.72896,72.1305600000005,63.5904,0.815588474273682,0.01691648,0.815588474273682,0.01691648,0.165148702506716,0.962679700791472,0.962679700791472,0.944226614646386,0.000234525837592275,0.000234525837592275,0.881601362862005,30136.1083984375,9155.2734375,12725494.162398,-1037043.65280931,33125.5942698986,3736.27126755213,20074.8443603516,33661.9863362436,8594.11333176863
5906.31936,5975.3984,69.0790399999996,66.3756800000001,0.743020832538605,0.01772544,0.651661276817322,0.01490944,0.174903672428853,0.877024498644483,0.769188264391014,1,0.000256596501630597,0.000215831603913431,0.960865698191528,30136.1083984375,8773.8037109375,7880220.82558689,-793449.688677048,31648.6827573346,3126.41730043105,17881.3934326172,22738.7286926031,17207.0085350956
6041.77408,6121.28768,79.5136000000002,67.1436799999992,0.810166537761688,0.01651712,0.810166537761688,0.01651712,0.172763347494256,0.956279919058749,0.956279919058749,0.98776283593778,0.000207726980038634,0.000207726980038634,0.844430135222139,29754.638671875,9536.7431640625,9132600.55225196,-860781.067933158,31734.9844201504,3498.48515187856,20074.8443603516,29862.1522332799,10703.7328585348
6188.43136,6286.70464,98.2732800000003,69.0892800000001,0.786720097064972,0.0101888,0.786720097064972,0.0101888,0.160667908742624,0.928604917233054,0.928604917233054,0.918607977245191,0.000103678232781077,0.000103678232781077,0.703032197561737,32806.396484375,8773.8037109375,5491502.87089804,-646520.549575517,30064.0802389942,4191.22585757747,18525.1235961914,27557.1482521745,10500.7505970611
6355.79392,6470.41024,114.61632,77.33248,0.779715836048126,0.01912832,0.779715836048126,0.01912832,0.15449564871444,0.92033743907139,0.92033743907139,0.883318495083551,0.000166890020548557,0.000166890020548557,0.674707406414723,29754.638671875,9155.2734375,3150774.4811793,-474464.536078071,28597.2248424183,3047.04707795243,17881.3934326172,22734.114316217,12989.9672612709
6547.74272,6648.13568,100.39296,77.3119999999999,0.78955090045929,0.01961984,0.78955090045929,0.01961984,0.169679334444065,0.931946255482185,0.931946255482185,0.970130198455882,0.000195430436556507,0.000195430436556507,0.770093839249284,30136.1083984375,9155.2734375,4637145.4084474,-604470.756911837,30674.7747761905,3087.20885018821,19192.6956176758,25449.6221628461,13947.9958470795
6725.44768,6835.32288,109.875199999999,75.5404800000006,0.770957469940186,0.02189312,0.770957469940186,0.02189312,0.164060904962995,0.909999503298422,0.909999503298422,0.938007205250259,0.000199254426840635,0.000199254426840635,0.687511649580623,41961.669921875,9155.2734375,4823348.97805243,-638924.543125095,31841.770848283,3789.97249935429,20074.8443603516,30345.7514286054,11971.7940725366
6910.86336,7020.16512,109.301759999999,82.8723200000004,0.821425974369049,0.02197504,0.821425974369049,0.02197504,0.168963636938992,0.969569992920947,0.969569992920947,0.966038246039248,0.000201049278620949,0.000201049278620949,0.758197489226165,40435.791015625,9155.2734375,5227359.41412979,-671340.698551324,32714.5776083303,4480.57939847996,19216.5374755859,32181.5890141229,10928.1117749849
7103.03744,7212.288,109.250559999999,82.4320000000007,0.78265917301178,0.02390016,0.78265917301178,0.02390016,0.170785982696792,0.923811606297726,0.923811606297726,0.976457385514671,0.000218764645233856,0.000218764645233856,0.754522448214463,30899.0478515625,9155.2734375,5118521.77674949,-651706.450871011,32182.9838516984,3536.35581943014,20098.6862182617,31382.4348612908,10106.2318359268
7294.72,7400.3968,105.6768,86.0774399999991,0.699937760829926,0.02134016,0.699937760829926,0.02134016,0.170009606029796,0.826171403131302,0.826171403131302,0.97201850406516,0.000201937984496124,0.000201937984496124,0.81453488372092,33569.3359375,9155.2734375,4111294.72649086,-579879.69985888,32156.7009909557,3520.54766023757,16236.3052368164,25528.1265599819,15366.5933975353
7486.47424,7580.12928,93.6550400000006,0,0.640252768993378,0.04037632,0.559281766414642,0.00841728,0.164263864188426,0.755722234346619,0.660148126822969,0.939167610990247,0.00043111742838399,8.98753553465991e-05,0,31661.9873046875,8773.8037109375,6503125.49954522,-760122.193942101,34731.705218469,3890.40989057104,19216.5374755859,30275.0764367815,14148.6275262235
