note.starts,note.ends,note.durs,INI,pk.amps,pk.times,qpk.amps,qpk.times,note.rmss,rel.pk.amps,rel.qpk.amps,rel.note.rmss,rel.pk.tm,rel.qpk.tm,rel.INI,max.Hz,min.Hz,FMa,FMb,FMc,FM.resid,note.DF,arcL,chordL
994.97984,1011.77344,16.7936000000001,33.23904,0.071177139878273,0.00666624,0.0503970198333263,0.00365568,0.0181418195879168,0.0651487184763759,0.0461285921685643,0.0910992654415197,0.000396951219512193,0.000217682926829267,1.97926829268292,27847.2900390625,14877.3193359375,26285999.6839323,-1390500.19140189,29540.8479459993,1589.89089413588,26893.6157226562,15938.1949282408,15938.1949282401
1045.01248,1062.67648,17.664,100.66944,0.0841095149517059,0.00156672,0.0841095149517059,0.00156672,0.020767895408876,0.0769857726812916,0.0769857726812916,0.104286122312396,8.86956521739131e-05,8.86956521739131e-05,5.69913043478261,28991.69921875,14495.849609375,28518091.4292451,-1351369.20457276,29709.6797398158,1205.43082034407,28419.4946289062,14972.459261988,14972.4592619864
1163.34592,1175.808,12.46208,36.1164799999999,0.0435369238257408,0.00758784,0.0316792652010918,0.00160768,0.0130036129380454,0.0398495190801622,0.0289961571040083,0.0652977272208564,0.000608874281018898,0.000129005751848808,2.89811010682004,36621.09375,16021.728515625,-93359663.4343879,379893.180885998,22815.3575550426,7053.88050764591,16021.728515625,10537.7519515031,9764.81748336425
1211.92448,1232.96768,21.0432000000001,36.4236800000001,0.0954595506191254,0.00985088,0.0842456519603729,0.00088064,0.0296036890088859,0.0873745053510522,0.0771103794253534,0.14865511753104,0.000468126520681264,4.18491484184913e-05,1.730900243309,28610.2294921875,16784.66796875,33341062.9686191,-1284142.69471377,29988.8744688871,1056.38972723547,23269.6533203125,12471.1029710424,12258.5065371823
1269.39136,1282.74432,13.3529599999999,123.31008,0.0493350327014923,0.00652288,0.0401797406375408,0.00031744,0.0142334419811685,0.0451565511341014,0.0367766759907136,0.0714733217859014,0.00048849693251534,2.37730061349694e-05,9.23466257668716,42343.1396484375,17547.607421875,-232137541.512533,2685489.81032588,23997.9137073864,9599.49516836407,23269.6533203125,21064.8271786836,5531.24330262128
1406.0544,1413.53984,7.48543999999993,41.1648,0.0409095622599125,0.00279552,0.0329824239015579,0.0011776,0.0130487234638061,0.0374446846167301,0.0301889434319207,0.0655242500203235,0.000373461012311905,0.00015731874145007,5.49931600547201,36621.09375,16021.728515625,1042816626.70149,-9054409.53959312,33146.9944545201,5886.94699166795,16021.728515625,29962.7986158496,9345.33417291755
1454.70464,1476.096,21.3913600000001,36.89472,0.104738771915436,0.0093184,0.0492320172488689,0.00516096,0.0283204300283943,0.0958678134124211,0.0450622606816731,0.142211224186853,0.000435615126854953,0.00024126376256582,1.72474868358065,27465.8203125,15258.7890625,13605674.3213867,-965134.377646095,28483.0729166667,863.836320145797,15830.9936523438,14419.7125622588,14419.7125622577
1512.99072,1537.93536,24.9446399999999,32.38912,0.0904470831155777,0.0081408,0.073706716299057,0.0057856,0.0229054841554433,0.0827865739615768,0.0674640498086544,0.11502003815169,0.000326354679802956,0.000231937602627258,1.29844006568145,28610.2294921875,12969.970703125,15708555.4406976,-999098.890655184,28448.2287122058,1377.80479086162,23269.6533203125,15147.7481403663,15147.7481403625
1570.32448,1586.20672,15.8822399999999,50.9440000000002,0.0393898822367191,0.00790528,0.0287044662982225,0.00043008,0.0103048152356775,0.0360537154632278,0.0262733118677667,0.051745696947954,0.000497743391360415,2.70793036750485e-05,3.20760799484207,43869.0185546875,16784.66796875,-176238200.412525,2047589.67024522,24887.7556769403,9109.85937774606,17356.8725585938,23829.7700755531,11934.9907746048
1637.15072,1646.58176,9.43103999999994,35.92192,0.0365636348724365,0.00119808,0.0365636348724365,0.00119808,0.012178722629159,0.0334668400395294,0.0334668400395294,0.0611555351521277,0.000127035830618893,0.000127035830618893,3.80890336590665,36621.09375,14877.3193359375,479774949.9273,-5846751.65425454,30946.7315673828,5518.307459091,16021.728515625,23157.9593388706,12467.5982598519
1682.50368,1703.69024,21.1865599999999,36.2496000000001,0.0969886556267738,0.01040384,0.0508846193552017,0.00457728,0.0250771886733565,0.0887741012302134,0.0465748939451488,0.125925266559412,0.00049105848235863,0.000216046399226681,1.71097148380862,28610.2294921875,16021.728515625,40387370.0908532,-1457594.31585685,29485.7595973217,902.17937982164,16021.728515625,13549.8270658537,12752.7175047991
1739.93984,1763.45088,23.5110400000001,29.15328,0.155632212758064,0.01364992,0.0849263891577721,0.00495616,0.0367140561880469,0.142450781700005,0.0777334608824842,0.184359872718468,0.000580574912891984,0.000210801393728222,1.23998257839721,28991.69921875,14495.849609375,30304849.3305833,-1378977.93172836,29888.487698739,1120.54186583414,15830.9936523438,15704.5752445157,15669.6239953616
1792.60416,1818.99264,26.3884799999998,104.76544,0.11177970468998,0.00820224,0.0468717478215694,0.00549888,0.0230496281480611,0.102312407110964,0.0429018967121387,0.115743858151202,0.000310826542491271,0.00020838183934808,3.9701202949166,36621.09375,17547.607421875,36544415.051705,-1496221.79146893,36425.9432292402,4526.1980405665,28610.2294921875,16594.3265062713,14035.2468152284
1923.75808,1938.81088,15.0527999999999,34.46784,0.0718207284808159,0.00713728,0.0407721064984798,0.00252928,0.0188454284554924,0.0657377976772736,0.0373188708130306,0.0946324419613088,0.000474149659863948,0.000168027210884354,2.28979591836736,23269.6533203125,15640.2587890625,49632847.5044711,-1241710.12910185,23889.0176290994,548.766281616896,16021.728515625,8087.446693188,7445.06674396889
1973.27872,1997.9776,24.6988799999999,34.3859200000002,0.128428354859352,0.0157696,0.075121708214283,0.005632,0.0321759424276094,0.11755098265293,0.068759197521657,0.161571704857883,0.000638474295190715,0.000228026533996684,1.39220563847431,28610.2294921875,15640.2587890625,26826707.0228605,-1201212.00990355,29774.142387218,886.940939890735,15926.3610839844,13589.8140047335,13303.3698340073
2032.36352,2056.7552,24.39168,35.4201600000001,0.145555794239044,0.00982016,0.0953090563416481,0.00193536,0.0381781680830542,0.133227795858364,0.0872367573418959,0.191711920153015,0.000402602854743913,7.93450881612092e-05,1.45214105793452,30136.1083984375,15640.2587890625,34044875.2944172,-1472096.88801426,31593.1506623003,953.67636117691,23269.6533203125,16174.8794277943,15651.7796735941
2092.17536,2114.80576,22.6304,35.6556799999998,0.149551913142204,0.01210368,0.136093080043793,0.00284672,0.042402817612337,0.136885459342249,0.124566536018714,0.21292602533141,0.000534841628959276,0.00012579185520362,1.57556561085972,31280.517578125,15640.2587890625,30261884.0432527,-1416164.90807949,32026.725902892,995.824174251881,15830.9936523438,16550.2082254497,16550.208225437
2150.46144,2175.09888,24.63744,40.3763199999999,0.143454015254974,0.00299008,0.143454015254974,0.00299008,0.0354697707054084,0.131304029216899,0.131304029216899,0.178111685048064,0.000121363258520366,0.000121363258520366,1.63881961762261,31280.517578125,13351.4404296875,19313919.638179,-1184800.07543547,31615.5225710761,1211.76493045914,28991.69921875,17466.8249219194,17466.8249219157
2215.4752,2232.1152,16.6400000000003,46.0390399999997,0.0558213442564011,0.00974848,0.0415762886404991,0.00365568,0.0148496031008085,0.0510934978302387,0.0380549419176541,0.0745673788688089,0.000585846153846142,0.000219692307692303,2.76676923076916,37002.5634765625,15640.2587890625,-17745822.571431,-376518.086328374,24644.6211259444,6006.05819721762,16021.728515625,11178.8946699923,11178.8946699914
2278.15424,2295.10144,16.9472000000001,36.0550400000002,0.0612351633608341,0.00791552,0.0506723672151566,0.00316416,0.0166944165791939,0.0560487879320878,0.0463806187194027,0.0838311217884805,0.000467069486404832,0.000186706948640483,2.12749244712991,23269.6533203125,15640.2587890625,53902936.0607219,-1314760.4528007,24108.0483237466,564.598091095761,17547.607421875,9234.16001550817,6800.17610223139
2331.15648,2356.91008,25.7536,33.9660799999997,0.160486727952957,0.01015808,0.0840450078248978,0.00612352,0.0347829677501608,0.146894138714803,0.076926729052237,0.174662899526694,0.000394433399602386,0.000237773359840954,1.31888667992046,28610.2294921875,9918.212890625,15974159.0351056,-943785.69818427,29209.9296272575,2078.51341764259,20122.5280761719,13711.0517154657,13711.0517154577
2390.87616,2417.2544,26.37824,35.5225600000003,0.190880134701729,0.0104448,0.108712218701839,0.00659456,0.0465280911088386,0.174713344476653,0.0995047250179027,0.233641113112736,0.000395962732919255,0.00025,1.34666149068324,30136.1083984375,13351.4404296875,21828986.0944457,-1172453.02976636,30696.3584034003,1003.6394060756,15830.9936523438,15738.3868569284,15738.3868569043
2452.77696,2478.15168,25.3747199999998,35.7888000000003,0.174687698483467,0.01076224,0.146305501461029,0.00300032,0.0486402958424328,0.159892343373851,0.133914005852589,0.244247562965246,0.000424132364810334,0.000118240516545602,1.41041162227605,31280.517578125,15640.2587890625,34654945.1751301,-1480999.70423053,32374.3944044237,1259.84595917999,15926.3610839844,16379.2492478686,15266.4509508525
2513.94048,2539.73504,25.7945599999998,35.6864,0.189188376069069,0.0106496,0.152313947677612,0.0034304,0.0496577585736718,0.173164871089304,0.139413560508959,0.249356758709411,0.000412862246923385,0.000132989281460898,1.38348551012308,31280.517578125,15258.7890625,32213921.6646192,-1482136.93524519,32620.3680657721,757.181716960734,23269.6533203125,17298.739589079,16797.236910922
2575.42144,2601.15456,25.7331199999999,36.3929600000001,0.172734275460243,0.00987136,0.150130525231361,0.00287744,0.0478647688122762,0.158104367531847,0.137415065282695,0.240353248922769,0.000383605252686035,0.000111818543573419,1.41424592120972,31661.9873046875,9536.7431640625,35312630.266045,-1591473.57422579,32694.9280577821,1801.52526019407,15830.9936523438,18292.5680836419,17569.7874705804
2637.54752,2663.424,25.8764799999999,37.76512,0.181542113423347,0.01053696,0.170882195234299,0.00300032,0.0498660058486606,0.166166216558447,0.1564091511542,0.250402473759643,0.000407202216066484,0.000115947764147211,1.45943806885636,32424.9267578125,13732.91015625,28242515.5387101,-1399865.0681965,32324.1097586496,693.330544152053,15830.9936523438,17380.1599425058,17312.6118413056
2701.18912,2729.61536,28.4262399999998,36.5568000000003,0.206303402781487,0.01103872,0.179045245051384,0.00365568,0.0496151697984784,0.188830322931143,0.163880823033,0.249142898896873,0.000388328530259369,0.000128602305475505,1.28602305475506,32424.9267578125,15640.2587890625,31752002.3699967,-1482019.30556995,33202.1901730021,1269.35028212682,15830.9936523438,18115.5052551421,16470.9953704011
2766.17216,2792.16128,25.9891199999997,35.6864,0.197325214743614,0.00294912,0.197325214743614,0.00294912,0.0508921453279875,0.180612551805363,0.180612551805363,0.25555523985095,0.000113475177304966,0.000113475177304966,1.37312844759655,32424.9267578125,15640.2587890625,37083320.8954312,-1595306.34114399,32824.7268478592,840.947720401425,28610.2294921875,17901.39248794,16413.2588813753
2827.84768,2857.29792,29.4502400000001,36.8947200000002,0.193246886134148,0.01229824,0.177039384841919,0.00420864,0.050931281022978,0.176879641451186,0.162044851226422,0.255751759998717,0.000417593880389428,0.000142906815020862,1.25278164116829,32806.396484375,15640.2587890625,39287225.8347028,-1634719.92251178,34192.9560122283,2139.64746009485,15830.9936523438,19941.5369639262,14068.4294997943
2894.19264,2922.1888,27.9961599999997,37.7753600000001,0.22016230225563,0.0113152,0.190808042883873,0.00325632,0.0550476729032443,0.201515428595371,0.174647358549796,0.276422248686162,0.000404169714703735,0.000116313094367229,1.3493050475494,31280.517578125,10299.6826171875,24292005.7618435,-1243157.54628784,31843.6754550858,2261.06207792086,23269.6533203125,16045.731573421,15763.9284485402
2959.96416,2989.55776,29.5936000000002,37.96992,0.223893597722054,0.01214464,0.197020128369331,0.00375808,0.0563727825946621,0.204930698137107,0.180333305036764,0.283076295648353,0.000410380622837368,0.000126989619377162,1.28304498269896,32806.396484375,14495.849609375,28398138.3486842,-1413614.62218421,33527.8718367867,1393.62058233198,23269.6533203125,18220.3768403717,16963.3911109831
3027.52768,3057.02912,29.50144,37.7958399999998,0.208563610911369,0.01221632,0.194223552942276,0.00447488,0.0581171263474066,0.190899100398229,0.177773588454912,0.291835529185124,0.000414092329052412,0.000151683443248872,1.28115237764664,32806.396484375,14877.3193359375,29081448.9623722,-1469266.86489552,33854.6089504076,787.647054345522,23269.6533203125,19080.6179342099,18034.8864790159
3094.82496,3125.30944,30.4844800000001,37.4476800000002,0.238332197070122,0.01296384,0.204844161868095,0.00498688,0.0588803800066772,0.218146405395494,0.187494673934593,0.29566821241561,0.000425260329190459,0.000163587504198858,1.22841787033927,32806.396484375,9155.2734375,21900659.7256553,-1279508.44922103,33647.3905123197,1993.79664166269,20980.8349609375,18723.751556264,18652.7895376983
3162.75712,3192.79104,30.0339199999999,37.5910399999998,0.26407265663147,0.01236992,0.218471199274063,0.00391168,0.0662333557685163,0.241706750139364,0.199967555328068,0.332591228184049,0.000411864984657349,0.000130242072962837,1.25161950221616,32806.396484375,13351.4404296875,28793079.3455864,-1444271.42383132,33774.9978770381,2147.81716172048,23269.6533203125,18817.8639476561,17404.7281872004
3230.38208,3261.65504,31.2729600000002,36.2188799999999,0.245732650160789,0.0050688,0.245732650160789,0.0050688,0.0594676814118822,0.224920069465532,0.224920069465532,0.298617350254164,0.000162082514734773,0.000162082514734773,1.15815324165028,32424.9267578125,11825.5615234375,35897436.1671518,-1595044.32126418,33991.7403001052,3557.18266991841,28419.4946289062,20662.4685298568,14774.1355055207
3297.87392,3331.35872,33.4848000000002,36.6899199999998,0.276344269514084,0.01405952,0.241458028554916,0.00646144,0.061016182801892,0.252939006089909,0.221007491353088,0.306393160088532,0.000419877675840976,0.000192966360856268,1.09571865443424,33569.3359375,14495.849609375,29450055.2014427,-1526300.4604868,36043.2998601334,1633.89937404935,20980.8349609375,21464.1911032,18087.5263415968
3368.04864,3400.74496,32.69632,35.25632,0.280856549739838,0.01354752,0.246556520462036,0.0064512,0.0644670285182154,0.257069114079875,0.225674161220395,0.32372160437085,0.000414343877231444,0.000197306608205449,1.0782962730974,33950.8056640625,9918.212890625,28879825.9843037,-1473990.58567574,35065.7406016293,2547.91564923828,20980.8349609375,20295.2224132342,17320.1089138934
3436.00128,3475.21024,39.2089599999999,44.6976,0.199736371636391,0.02164736,0.0974682047963142,0.00903168,0.0490430003122387,0.182819493273909,0.0892130344873715,0.246269746088144,0.000552102376599635,0.000230347349177331,1.1399843301123,34713.7451171875,10681.15234375,3694936.19450068,-776005.506582245,36894.4291145571,1946.8331799369,20980.8349609375,24745.9862571827,24745.9862571822
3519.90784,3555.87072,35.96288,38.2566400000001,0.260602742433548,0.01784832,0.220733910799026,0.0074752,0.0579665161315666,0.238530723909536,0.202038624162601,0.291079239003506,0.00049629840546697,0.000207858769931663,1.06378132118451,33950.8056640625,13351.4404296875,18870659.5529105,-1216605.30292686,35955.8706800339,2308.18949859312,20122.5280761719,19871.0491856017,19346.664213755
3594.12736,3633.87904,39.7516799999999,33.3516800000002,0.269728392362595,0.02039808,0.121936149895191,0.00968704,0.0559932876237215,0.24688346748926,0.111608641695926,0.281170659175456,0.000513137557959816,0.000243688820195776,0.83900051519836,34332.275390625,14495.849609375,12247088.0977649,-1028562.81611457,37480.7989842032,2056.57250351253,20980.8349609375,21534.2995330179,21534.2995329948
3667.23072,3706.83904,39.6083199999998,39.6288,0.312294811010361,0.02044928,0.178335651755333,0.00902144,0.0676168195742844,0.285844679330218,0.163231329474307,0.339538300712229,0.000516287487073425,0.000227766287487074,1.0005170630817,34332.275390625,13732.91015625,19616110.6257084,-1269857.30630649,38326.6605589746,2801.42729920345,20980.8349609375,21579.5974500178,19522.7872274803
3746.46784,3780.64896,34.1811200000002,39.2499200000002,0.326920330524445,0.00586752,0.326920330524445,0.00586752,0.0792999474431897,0.299231475358034,0.299231475358034,0.398205203541838,0.000171659676452965,0.000171659676452965,1.14829239065309,34713.7451171875,13732.91015625,28543917.635346,-1483745.16088573,35862.3302106852,1567.9330447721,20980.8349609375,21196.5624184908,17366.8147829596
3819.89888,3856.88576,36.9868799999999,36.6284799999999,0.37106129527092,0.01483776,0.304800629615784,0.00642048,0.0783233327108138,0.339633875489057,0.27898522537181,0.393301126290509,0.000401162790697675,0.00017358803986711,0.990310077519378,34713.7451171875,9918.212890625,16922780.8174673,-1176048.70304508,34499.1206592394,2503.92511092711,20027.1606445312,20517.2414010687,20347.5123910521
3893.51424,3928.34048,34.8262399999999,39.0451200000002,0.357574313879013,0.01593344,0.324613839387894,0.00652288,0.0838014176211455,0.327289187920827,0.29712033487135,0.420809365413882,0.000457512496324612,0.000187297853572479,1.12114084092915,33569.3359375,14495.849609375,29135700.0231088,-1455050.60495943,36114.7642005123,2057.39085147946,20980.8349609375,20996.753005479,15336.2127179964
3967.3856,4003.72736,36.3417599999998,36.5465600000002,0.380051493644714,0.0161792,0.320118218660355,0.00584704,0.0862834479415965,0.34786263972295,0.293005475386185,0.433272896864016,0.000445195829811217,0.000160890391659623,1.00563539025079,33187.8662109375,13732.91015625,27780116.354458,-1378182.9663526,34999.3776218057,1884.10778579304,20980.8349609375,20790.3684072261,13395.7415444992
4040.27392,4080.01536,39.7414399999998,38.5638400000003,0.455867439508438,0.01532928,0.301862001419067,0.00555008,0.0867139096326532,0.417257275719045,0.276295487326392,0.435434463054548,0.000385725328523579,0.000139654728162845,0.970368461736677,32806.396484375,12969.970703125,30450019.1984991,-1536966.39968097,35624.9096106923,2041.09175341203,20027.1606445312,25800.1936227144,12989.0441110524
4118.5792,4157.10208,38.5228799999995,36.9868800000004,0.443799823522568,0.0152064,0.309307724237442,0.00648192,0.0923209665349346,0.406211738937305,0.283110586957777,0.463590335877077,0.000394736842105268,0.000168261562998407,0.960127591706561,33187.8662109375,12588.5009765625,33270965.3037497,-1623357.71465123,35991.3610642956,2461.4804056863,20980.8349609375,26441.5615141518,13161.8932441599
4194.08896,4232.33536,38.2464,39.0963199999997,0.460860103368759,0.01416192,0.310693204402924,0.00812032,0.0982876517765598,0.421827080755318,0.284378722449171,0.493552084752303,0.000370281124497992,0.00021231593038822,1.02222222222221,32424.9267578125,10299.6826171875,17901309.7934107,-1123897.56353513,32668.1137084961,3266.07436396482,20980.8349609375,18481.5885522015,16799.2305031277
4271.43168,4311.54176,40.1100800000004,39.7824000000001,0.528495311737061,0.01574912,0.301090329885483,0.00623616,0.0983580783761867,0.483733855270467,0.275589173310632,0.493905732381884,0.00039264743426091,0.000155476129691089,0.991830482512119,32424.9267578125,9536.7431640625,13533965.579792,-1103691.91612095,34235.0901047156,1957.39947317444,20027.1606445312,22495.4766096236,22495.4766095834
4351.32416,4394.51648,43.1923200000001,39.3830399999997,0.474187254905701,0.0165376,0.334560543298721,0.00541696,0.0954119003627078,0.434025475423284,0.30622459241756,0.479111480262507,0.000382882882882882,0.000125414888572783,0.911806543385482,32424.9267578125,9155.2734375,16746436.2252705,-1156171.07373426,34294.3906966195,2868.41241046628,20027.1606445312,21214.9716681114,18695.9529939799
4433.89952,4480.22528,46.3257599999997,40.4172800000006,0.523270964622498,0.01709056,0.336079299449921,0.00649216,0.100063890580695,0.478951989632544,0.307614715947361,0.502471479497759,0.000368921308576483,0.000140141467727675,0.872458001768364,32806.396484375,10299.6826171875,13703106.543107,-1095455.19727897,34609.3338323804,1975.16183195567,20980.8349609375,22446.6114411485,21339.8859400076
4520.64256,4563.23072,42.5881599999993,44.0524800000003,0.576138496398926,0.0141312,0.359126389026642,0.00528384,0.111921374092242,0.527341851182668,0.328709808460231,0.562013910324612,0.00033181053137774,0.00012406828564559,1.03438326520801,32424.9267578125,10681.15234375,19332255.3340431,-1239434.69844636,33506.3890613063,2309.72333922158,20980.8349609375,22010.1446305146,17721.3386074737
4607.2832,4652.14464,44.8614400000006,44.6771199999994,0.52505749464035,0.01553408,0.421147525310516,0.00917504,0.11211758113092,0.4805872076447,0.385478000526578,0.562999165249648,0.00034626797534809,0.000204519516092214,0.995891349007049,32806.396484375,9536.7431640625,11919124.6747244,-1029684.78434092,33520.2407345962,1379.27686932173,20980.8349609375,22271.6329123615,22205.3221239271
4696.82176,4743.41376,46.5920000000006,44.6771199999994,0.516810417175293,0.01778688,0.386175692081451,0.00618496,0.11444985610241,0.47303862492639,0.353468142845592,0.574710699237774,0.000381758241758237,0.000132747252747251,0.958901098901074,32424.9267578125,9155.2734375,10145116.2625327,-937101.048302653,33699.4317653,1837.77226155524,20027.1606445312,21641.6497958446,21638.2469208997
4788.09088,4835.15392,47.06304,45.1993600000005,0.514445722103119,0.01785856,0.414083003997803,0.00741376,0.113254724508979,0.470874210146546,0.379011816145477,0.568709338142768,0.000379460400348129,0.000157528285465622,0.960400348128819,32806.396484375,10299.6826171875,19484011.3033389,-1309414.63853143,36230.2636354102,3693.31945319146,20027.1606445312,25530.0248169535,18469.3175356821
4880.35328,4932.59776,52.2444799999994,41.92256,0.544227302074432,0.0170496,0.41679173707962,0.00606208,0.119097952088907,0.498133408431992,0.381491130280279,0.598051143564185,0.00032634261074089,0.000116032928263427,0.802430419443365,32043.45703125,9918.212890625,12552635.165358,-991840.838835672,33502.8113388434,3248.60667324064,20027.1606445312,21628.9620504841,17555.9708062712
4974.52032,5028.07552,53.5552000000007,44.8409599999995,0.65843790769577,0.02085888,0.436505079269409,0.00666624,0.131197233267133,0.602670828808337,0.399534830585565,0.658807762952072,0.000389483747609938,0.000124474187380496,0.837284894837457,32424.9267578125,9918.212890625,9661244.03756821,-913575.429492079,33910.5907613595,2672.70222688819,20074.8443603516,21977.5045985721,21216.7264850916
5072.91648,5123.98336,51.0668800000003,47.7183999999997,0.557243824005127,0.01985536,0.470753043889999,0.00718848,0.126155526984544,0.510047482589154,0.430882128457769,0.63349080195541,0.000388810908361738,0.000140765991578102,0.934429516743523,32806.396484375,9918.212890625,23390005.2540664,-1424454.47146659,36751.1369944961,3656.13504326127,20933.1512451172,31629.3791759124,11745.3762699308
5171.70176,5227.3664,55.66464,45.8547200000003,0.683438956737518,0.0213504,0.447399288415909,0.00626688,0.137122002140857,0.625554388170521,0.409506343432554,0.688559028512364,0.00038355408388521,0.000112582781456954,0.823767476085362,31280.517578125,9918.212890625,12740550.2367955,-1025239.46127833,34163.4501698489,2967.03468827743,20027.1606445312,23658.4842840181,17592.3262442973
5273.22112,5327.43168,54.2105599999995,45.0560000000005,0.625887393951416,0.02048,0.528338611125946,0.00672768,0.146591268195216,0.572877214456608,0.483590426579513,0.736109009794119,0.000377786173026071,0.000124102757839064,0.831129580657364,32806.396484375,9918.212890625,11709597.5063365,-1009002.26980696,34848.1408997412,3415.09847017576,20027.1606445312,23185.7340745623,20286.5907401816
5372.48768,5431.7056,59.21792,50.7187199999998,0.662550032138824,0.01934336,0.494279593229294,0.00662528,0.144849153133257,0.606434672623058,0.452416072393245,0.727360967642674,0.000326647068995331,0.000111879647241916,0.856475877572191,32043.45703125,10299.6826171875,16133759.8734528,-1176846.2184164,35517.972228044,4127.21111580734,20074.8443603516,29808.2751370489,13113.1283806761
5482.42432,5543.7824,61.35808,50.5446400000001,0.736886322498322,0.01990656,0.538869023323059,0.00700416,0.160411601130802,0.674474974066631,0.493228954635616,0.80550790181197,0.000324432576769026,0.00011415220293725,0.823765020026704,31280.517578125,9155.2734375,9150028.53367274,-907539.345684689,34396.7094868615,3288.71168003843,20027.1606445312,23770.118553388,21236.7164230168
5594.32704,5654.59968,60.2726400000001,52.9305599999998,0.760242462158203,0.02209792,0.616498947143555,0.00856064,0.157012496646101,0.695852941346558,0.56428393185124,0.788439276461872,0.000366632687733604,0.000142031940197077,0.87818552497451,32424.9267578125,10299.6826171875,11057725.4688229,-992931.515745752,35465.3922194799,3378.04828132819,20027.1606445312,24904.0860022707,19676.1967637615
5707.53024,5774.22336,66.6931199999999,54.1900800000003,0.746159136295319,0.02286592,0.524457156658173,0.00694272,0.150488590472039,0.682962417318461,0.480037715908189,0.755679439038379,0.000342852756026409,0.00010409949332105,0.812528788576699,31661.9873046875,9536.7431640625,13355862.8407333,-1107699.05785448,35751.6892976321,4428.81943142242,20027.1606445312,31465.4155330416,14469.3988278959
5828.41344,5898.25024,69.8368,54.6918399999995,0.87470954656601,0.02371584,0.579720258712769,0.00807936,0.173612767494272,0.800625117773559,0.530620252436678,0.87179764484769,0.000339589442815249,0.000115689149560117,0.783137829912016,32043.45703125,9918.212890625,9660335.65859485,-920223.850445245,35025.3612964184,3660.68379876512,20027.1606445312,26679.0247923983,17150.3063252311
5952.94208,6020.1984,67.2563200000004,57.3644800000002,0.944582879543304,0.02305024,0.613698363304138,0.01670144,0.172355126902939,0.864580456621523,0.561720546353654,0.865482394411832,0.000342722289890375,0.000248325213154688,0.852923264311812,32043.45703125,9536.7431640625,11090645.3469745,-1009713.41355009,35355.1414623854,3352.84185636581,20027.1606445312,28221.0723058762,17742.0437679601
6077.56288,6147.81952,70.2566399999996,54.07744,0.800161123275757,0.02587648,0.538736164569855,0.01408,0.164682170755822,0.732390650216976,0.493107348491784,0.826952595050751,0.000368313656901328,0.000200408103774961,0.769712869844051,31661.9873046875,8773.8037109375,5817616.36186064,-715644.939664624,33594.1066989651,3215.88299555694,20074.8443603516,22453.895844092,21563.0809199962
6201.89696,6277.49888,75.6019200000001,54.8556799999997,0.862685084342957,0.02649088,0.54293155670166,0.01437696,0.17069903738685,0.789619079802109,0.496947407552325,0.857166330100313,0.000350399566571854,0.000190166598943519,0.725585805228222,31280.517578125,9155.2734375,9611259.80096577,-919069.769014613,35274.3562378429,3197.81556410689,19979.4769287109,29393.8519662689,14548.8391130137
6332.35456,6413.99808,81.6435200000005,59.4636799999998,0.913125693798065,0.02589696,0.773942708969116,0.0193536,0.186838419843604,0.835787569724402,0.708392831598786,0.938210344421196,0.000317195534930388,0.000237050043898155,0.728333124294487,31661.9873046875,9155.2734375,10213249.4443196,-960630.331964624,35757.1102323986,4159.50772417097,20027.1606445312,34825.9963447888,10351.1489204153
6473.46176,6564.01408,90.5523199999998,64.55296,0.931202590465546,0.02494464,0.759018242359161,0.02122752,0.181693488701083,0.85233342495166,0.694732408108255,0.912375039116811,0.00027547212484451,0.000234422707226055,0.712880244260999,31280.517578125,9155.2734375,6932883.17384661,-767972.015054121,33851.8819418791,4970.04339739078,19979.4769287109,29841.1180447406,12693.9284169734
6628.56704,6717.2864,88.7193600000001,66.6316800000004,0.937863290309906,0.02604032,0.757683575153351,0.02070528,0.185489432590422,0.858429989940897,0.693510781920412,0.9314363961268,0.000293513388734995,0.000233379501385041,0.751038781163439,37002.5634765625,9155.2734375,9229572.46303877,-932624.916017843,35958.1907953187,4937.52816421004,20027.1606445312,37024.9324430798,10094.768604129
6783.91808,6884.93568,101.017599999999,62.7814400000007,0.980249226093292,0.02663424,0.883200526237488,0.02351104,0.188043327598618,0.897226005100147,0.808396945148919,0.944260796575384,0.000263659401926003,0.000232742017232642,0.621490116573757,33950.8056640625,9536.7431640625,6960068.48452276,-801817.392449312,35192.7644902334,4145.31615006104,20027.1606445312,36212.4583467135,9973.26342195605
6947.71712,7057.28512,109.567999999999,65.8636800000004,1.01327180862427,0.02870272,0.815403401851654,0.02523136,0.173982242289596,0.927451705884875,0.746341968260633,0.873652964943346,0.000261962616822432,0.000230280373831777,0.60112149532711,33569.3359375,8773.8037109375,5286370.38350815,-692973.920636715,34588.0770464299,4863.59068489323,20003.3187866211,32955.794213417,12464.114974019
7123.1488,7234.18112,111.03232,69.5295999999998,1.04914343357086,0.02936832,0.871767640113831,0.02532352,0.189626346701485,0.960285146494213,0.797932379127912,0.952209937330099,0.00026450244397307,0.000228073411417504,0.62621045836023,33569.3359375,9155.2734375,4438640.75580155,-626434.891318225,33905.7325299008,3717.41665038345,19884.1094970703,29370.9938595024,14834.1744987005
7303.71072,7408.68096,104.97024,71.3113600000006,0.988934695720673,0.03339264,0.595189690589905,0.00956416,0.19914342338537,0.905175849903648,0.544779484798032,1,0.000318115305823823,9.11130621402793e-05,0.679348356257934,32424.9267578125,9155.2734375,4805681.30906969,-654735.514100272,35112.2537501377,3459.26476140126,19860.2676391602,28826.0944703988,15775.136949206
7479.99232,7597.43488,117.44256,71.9360000000006,0.975830852985382,0.03277824,0.725449979305267,0.02681856,0.178438438076512,0.893181850667655,0.664007243776291,0.896029781165349,0.000279100183102277,0.000228354695265499,0.612520707995474,33950.8056640625,9155.2734375,5022903.46106866,-686064.533604094,35817.139770294,4137.51014172739,20051.0025024414,35560.3354266396,11293.4988306468
7669.37088,7796.80768,127.436799999999,75.4483200000004,1.0652517080307,0.03269632,0.781065762042999,0.0283648,0.177564586571753,0.975029114005678,0.71491259033307,0.891641730132061,0.000256568903173966,0.0002225793491362,0.592044997991167,31280.517578125,10299.6826171875,3666705.67867889,-574603.095371013,34224.1569146302,3070.83242232762,20051.0025024414,31344.7942159563,13677.7735387621
7872.256,7998.09536,125.83936,77.4758400000001,1.02468144893646,0.03612672,0.650318801403046,0.02817024,0.183031758111067,0.937894994922439,0.5952393786117,0.919095167691657,0.000287086011880544,0.000223858735454472,0.615672552689398,31280.517578125,9155.2734375,3841458.92936737,-592487.625639681,34794.2227310196,3421.88503289436,20051.0025024414,31964.5034756054,13726.669701233
8075.5712,8206.72512,131.153919999999,78.4384000000009,1.09253323078156,0.03132416,1.09253323078156,0.03132416,0.17270605330685,1,1,0.867244573638971,0.000238835103060589,0.000238835103060589,0.598063710181149,30136.1083984375,9155.2734375,3510161.01061585,-547090.208220141,33184.7277584993,3396.75533608935,20027.1606445312,31260.9575156047,11373.5147352735
8285.16352,8422.8096,137.64608,84.13184,1.02423763275146,0.0375808,0.736766695976257,0.03289088,0.171602128138079,0.937488768207779,0.67436547943645,0.861701206200543,0.000273024847492932,0.000238952536824876,0.611218568665375,37384.033203125,9155.2734375,3379409.6093699,-543340.840870399,34124.7499996939,4354.28456638212,20027.1606445312,32918.1748696915,10760.9441661571
8506.94144,8642.2016,135.26016,84.5107200000002,0.918060123920441,0.04068352,0.684876263141632,0.03245056,0.16680837168394,0.840304073189331,0.62686996042372,0.837629326885393,0.000300779771368007,0.000239912181088652,0.624801271860098,30517.578125,9155.2734375,2813260.44900861,-480755.484576019,33510.935002532,3441.80479562148,20051.0025024414,27520.3519597691,13557.5892552093
8726.71232,8868.38272,141.670399999999,86.1593599999997,0.995007753372192,0.04002816,0.670373141765594,0.03538944,0.162594136408975,0.910734543662716,0.613595195897187,0.81646751695301,0.000282544271774487,0.00024980122876762,0.608167690639684,38909.912109375,9536.7431640625,2532447.33419544,-455009.477644537,33231.2524483954,4355.73284957557,20933.1512451172,27242.3161533822,13633.8848185018
8954.54208,9094.08256,139.540480000001,91.2588799999994,0.870239317417145,0.04120576,0.653193116188049,0.0347648,0.167399892208798,0.796533499301078,0.597870250336258,0.840599651060813,0.00029529610332428,0.000249137741248988,0.653995743744026,30517.578125,9918.212890625,1849793.11548707,-377056.24991226,32057.0125494612,3143.76577388374,20051.0025024414,21832.7285034541,16596.2791780957
9185.34144,9322.38336,137.04192,100.259840000001,0.794335901737213,0.04733952,0.513652920722961,0.02598912,0.164921843127859,0.727058801835233,0.4701485558984,0.828156111430867,0.000345438242546515,0.000189643577673168,0.731599790779353,30517.578125,9536.7431640625,2067773.63032095,-407507.19092223,33223.2696612386,3148.00347824719,19860.2676391602,23143.0418539139,17011.7703438368
9422.6432,9528.82176,106.17856,0,0.519503057003021,0.04798464,0.383908063173294,0.0240128,0.119702767586879,0.475503208841885,0.351392573110716,0.601088228533851,0.000451924004243417,0.000226154884752627,0,30899.0478515625,9155.2734375,1959259.24141812,-383560.438512562,32516.0945153928,3945.01686547502,20051.0025024414,18907.0167194044,18637.4285195874
