note.starts,note.ends,note.durs,INI,pk.amps,pk.times,qpk.amps,qpk.times,note.rmss,rel.pk.amps,rel.qpk.amps,rel.note.rmss,rel.pk.tm,rel.qpk.tm,rel.INI,max.Hz,min.Hz,FMa,FMb,FMc,FM.resid,note.DF,arcL,chordL
995.97312,1008.52736,12.55424,30.2489599999999,0.0533996187150478,0.0032768,0.0410850942134857,0.00299008,0.0155732762272504,0.0183263120244174,0.0141000680197132,0.0292481379796568,0.000261011419249591,0.000238172920065252,2.40946166394778,38909.912109375,12588.5009765625,357458170.807342,-4932878.7788523,31582.2254527699,6132.24605582394,17738.3422851562,28446.6515675483,5589.93997843914
1038.77632,1053.9008,15.1244799999999,30.64832,0.0713284984230995,0.00447488,0.0688293650746346,0.0032256,0.0218030834341551,0.0244793567780012,0.0236216746702132,0.0409483260528238,0.000295870006770482,0.000213270142180095,2.02640487474611,22125.244140625,9536.7431640625,-15083949.1857166,-224166.366454959,19048.334478022,4776.7833202954,17738.3422851562,6840.85152263576,6840.85152263408
1084.54912,1100.25728,15.7081600000001,32.2048,0.0701734349131584,0.00487424,0.0660551264882088,0.00391168,0.0215716364990272,0.024082948436508,0.0226695786967135,0.0405136460410647,0.000310299869621901,0.000249022164276399,2.0501955671447,27465.8203125,9536.7431640625,-56342986.6642939,270976.723133628,19039.9505279876,5549.11377338982,17738.3422851562,10297.4972507893,9645.8772366827
1132.46208,1142.59968,10.1376,35.0208,0.0341607220470905,0.00279552,0.0341002978384495,0.00183296,0.0130422764811889,0.0117236801737305,0.0117029430799454,0.0244946725739801,0.000275757575757575,0.00018080808080808,3.45454545454545,29754.638671875,15258.7890625,30398963.7694982,237334.807891221,17976.7608642578,6425.73905711435,15640.2587890625,5530.13524041633,5530.1352404151
1177.62048,1188.34176,10.72128,35.25632,0.0442847795784473,0.003328,0.0424323379993439,0.00212992,0.0144430104418345,0.0151981738449843,0.0145624310587518,0.0271253881379964,0.000310410697230182,0.000198662846227317,3.28844317096466,27084.3505859375,15258.7890625,-150432816.756569,2169180.29858695,14872.695460464,4784.46565064458,15640.2587890625,9674.59019974911,5964.76213813987
1223.59808,1233.93024,10.3321599999999,33.04448,0.054162822663784,0.00155648,0.054162822663784,0.00155648,0.0165175061323594,0.0185882373721889,0.0185882373721889,0.031021494218007,0.000150644202180378,0.000150644202180378,3.19821605550052,26702.880859375,15258.7890625,18503717.0770857,751848.953465622,16593.9331054688,4371.11256864508,16403.1982421875,9743.5608040596,9743.56080405952
1266.97472,1279.86688,12.8921600000001,31.58016,0.099994920194149,0.00658432,0.0850411355495453,0.00150528,0.0286482625103956,0.0343174380722364,0.0291854215908954,0.0538042427652631,0.000510722795869734,0.000116759332803812,2.44956314535343,33950.8056640625,26702.880859375,105975834.168765,-1745788.8602759,34443.2484019886,758.244810980583,28038.0249023438,9486.61298817746,4892.98017894787
1311.44704,1324.41088,12.9638399999999,28.8870400000001,0.0982012152671814,0.00200704,0.0982012152671814,0.00200704,0.0281306091568892,0.0337018532242105,0.0337018532242105,0.0528320390691331,0.00015481832543444,0.00015481832543444,2.22827804107427,35476.6845703125,9536.7431640625,-160645907.351064,445156.315849585,33011.0029740767,5712.06213390968,31089.7827148438,21844.1776681208,21227.4002842641
1353.29792,1367.02976,13.7318399999999,28.7846400000001,0.0845663473010063,0.00459776,0.0745514109730721,0.00226304,0.0246929538270022,0.0290224781505184,0.0255854339830349,0.0463757856804528,0.000334824757643552,0.000164802386278897,2.09619686800897,27847.2900390625,9536.7431640625,-27949670.5500041,91178.4338784412,18387.9078684987,5436.19076795664,16593.9331054688,4166.96021128182,4018.23807484043
1395.8144,1407.87712,12.0627200000001,29.4195199999999,0.069875955581665,0.00313344,0.0578923262655735,0.00188416,0.0207601366982956,0.0239808559650457,0.0198681724793533,0.0389895699381358,0.000259762308998299,0.000156196943972834,2.43887945670625,24795.5322265625,9536.7431640625,-222044604.925031,2303612.27736329,14946.6774680398,5705.7052977989,16593.9331054688,16471.1732795105,4521.70600043846
1437.29664,1451.33568,14.0390399999999,31.2217600000001,0.0773372948169708,0.00377856,0.0589138381183147,0.00329728,0.0194775192704295,0.0265415265135736,0.0202187469853226,0.0365806887908473,0.000269146608315101,0.000234865061998543,2.22392414296137,38528.4423828125,9536.7431640625,63663138.4750087,-1924516.22936275,35244.6015898164,9448.80562142617,16593.9331054688,14470.6967032872,14470.6967032837
1482.55744,1496.82176,14.26432,27.00288,0.107894323766232,0.00695296,0.0858282074332237,0.00222208,0.0303132272498146,0.0370284487152391,0.029455538218561,0.0569312096102086,0.000487437185929648,0.000155778894472362,1.89303661162958,35476.6845703125,27847.2900390625,74014868.3083434,-1499288.23564991,35337.9683061079,520.886139417515,28038.0249023438,8858.76688690527,6326.46084397835
1523.82464,1539.29728,15.47264,28.11904,0.0971093773841858,0.00462848,0.0541886873543262,0.00339968,0.0226655535955191,0.0333271434003327,0.0185971139222598,0.042568129484986,0.000299139642620782,0.000219722038385176,1.81733951025812,38909.912109375,9536.7431640625,207182478.521458,-4574622.06200048,36788.7727506868,6181.6830666843,17547.607421875,29322.7391603748,21181.4586370943
1567.41632,1583.5648,16.1484800000001,27.5353599999999,0.10569541156292,0.00417792,0.0796368792653084,0.00185344,0.0295502317694208,0.0362738000469175,0.0273307250723052,0.0554982293713195,0.00025871908687381,0.000114774889029803,1.70513633481292,22125.244140625,9155.2734375,12200253.0178589,-713203.757346332,21228.1614869506,3989.14077700713,17738.3422851562,8335.65507413278,8335.65507413195
1611.10016,1627.43296,16.3328000000001,29.7676799999999,0.0975286290049553,0.00569344,0.0529864020645618,0.00259072,0.02537503908923,0.033471027124671,0.0181844994524794,0.0476568086053927,0.000348589341692787,0.000158620689655171,1.82257053291534,38909.912109375,9536.7431640625,202635111.487529,-4397702.1735597,36486.9505494506,5631.31746812203,17738.3422851562,29948.9457280906,17771.7756142318
1657.20064,1674.1376,16.93696,27.17696,0.123899452388287,0.00231424,0.123899452388287,0.00231424,0.0363854094879206,0.0425212778435501,0.0425212778435501,0.0683353625544028,0.000136638452237001,0.000136638452237001,1.60459492140266,24795.5322265625,9536.7431640625,109247720.205373,-1879828.32985027,23357.6847956731,4388.84537219209,16593.9331054688,15673.4194182004,499.709129069737
1701.31456,1718.25152,16.93696,29.02016,0.108133383095264,0.00594944,0.0824773386120796,0.00367616,0.0309391226020484,0.0371104919200714,0.0283055474686856,0.0581067023810185,0.000351269649334946,0.000217049576783555,1.71342200725514,39672.8515625,14877.3193359375,240899541.407177,-4953175.38122793,39006.3275347699,3833.51062880081,17738.3422851562,36134.4178505827,14787.1429344492
1747.27168,1765.33504,18.0633599999999,26.13248,0.121039681136608,0.00543744,0.107777997851372,0.00290816,0.0370638415877031,0.0415398277594889,0.0369885266134799,0.0696095244824847,0.000301020408163267,0.000160997732426305,1.4467120181406,27847.2900390625,9536.7431640625,81741695.2196546,-1719044.93082356,24087.0884486607,6307.52539735698,17738.3422851562,13695.295920436,4380.64050219679
1791.46752,1810.06336,18.5958400000002,25.3849599999999,0.141932770609856,0.00310272,0.141932770609856,0.00310272,0.0396704802585062,0.0487101650400603,0.0487101650400603,0.0745050471967967,0.000166850220264316,0.000166850220264316,1.36508810572685,24795.5322265625,9536.7431640625,14712069.8156533,-573479.032845902,22192.5623276654,4574.63429737602,16593.9331054688,5576.81313241302,5576.81313239166
1835.44832,1854.98624,19.53792,26.8288,0.145016506314278,0.00643072,0.118666894733906,0.00393216,0.0457533712405326,0.0497684778909749,0.0407255068892359,0.0859293122108726,0.000329140461215933,0.00020125786163522,1.37316561844864,24414.0625,9536.7431640625,38107849.1322533,-1169101.05757776,24378.1594669118,2511.71278622024,16593.9331054688,9638.39860209923,8294.88157014643
1881.81504,1902.04928,20.23424,25.4668799999999,0.165301322937012,0.00395264,0.165301322937012,0.00395264,0.0490482857112702,0.0567300609084498,0.0567300609084498,0.0921174842862303,0.000195344129554656,0.000195344129554656,1.25860323886639,26321.4111328125,9536.7431640625,21380345.3621791,-647193.372656566,23304.2473886527,5889.36650977181,17547.607421875,5453.59932016534,4341.82949514989
1927.51616,1947.37152,19.85536,25.2825600000001,0.145709723234177,0.00679936,0.123815670609474,0.00453632,0.0449464268497175,0.0500063842633493,0.0424925246228825,0.0844137916139175,0.000342444559051057,0.000228468282619907,1.27333677153172,24795.5322265625,9155.2734375,5053536.17651502,-826096.330464135,23755.8402267157,2427.19969680041,17738.3422851562,14410.1575806911,14410.157580691
1972.65408,1993.13408,20.48,26.34752,0.186588674783707,0.00782336,0.159907728433609,0.00480256,0.0551483528324543,0.0640357058082355,0.0548790234257667,0.103574007771852,0.000382,0.0002345,1.2865,26321.4111328125,9918.212890625,45520698.9438397,-1448374.1339797,26416.3110770431,2108.45986965217,17547.607421875,12472.200013626,10569.9372976298
2019.4816,2039.552,20.0703999999998,27.0028800000002,0.188550710678101,0.01010688,0.161827862262726,0.00439296,0.0511298507776362,0.0647090604663585,0.0555379976380885,0.0960268673464353,0.000503571428571433,0.00021887755102041,1.34540816326533,26321.4111328125,9536.7431640625,33197845.3441836,-1198821.0163134,25389.2412372664,3729.09041903257,16593.9331054688,10957.5339990247,10688.0295218394
2066.55488,2088.2944,21.7395200000001,26.1119999999996,0.225706353783607,0.00877568,0.200833424925804,0.00367616,0.0665002439727246,0.0774605730315134,0.0689243874523308,0.124893971121612,0.000403674046161091,0.000169100329722091,1.20113047574185,28610.2294921875,14114.3798828125,56026734.679226,-1761322.37106192,28959.8116564677,1239.7243005484,21171.5698242188,15873.8134894789,11811.6910523436
2114.4064,2137.22112,22.8147200000003,23.94112,0.200774684548378,0.00596992,0.183549702167511,0.00352256,0.0629464220155602,0.0689042282356351,0.0629927552827785,0.118219545429708,0.000261669658886891,0.000154398563734289,1.04937163375223,28610.2294921875,14877.3193359375,56198595.8285488,-1558286.36085809,27940.9843578673,3596.46301942504,17547.607421875,15304.3932450836,6299.85447442734
2161.16224,2182.38976,21.2275199999999,26.3372800000002,0.234325140714645,0.0091648,0.226514533162117,0.00352256,0.0704239928177935,0.0804184701545814,0.0777379335786232,0.132263155739122,0.000431741437530151,0.00016594307766522,1.24071394114811,28991.69921875,9918.212890625,40616518.2899502,-1428160.10135984,28267.3397792505,3155.00075574477,22506.7138671875,13094.335997646,12014.1850705317
2208.72704,2232.1152,23.38816,25.9891199999997,0.263843595981598,0.00564224,0.263843595981598,0.00564224,0.0722569893037436,0.0905489623700349,0.0905489623700349,0.135705702660847,0.000241243432574431,0.000241243432574431,1.11120840630472,30517.578125,14114.3798828125,53592035.06382,-1811368.04443502,30611.2724438048,1728.66978320622,22506.7138671875,17562.0095717125,13049.3993995108
2258.10432,2282.0864,23.9820800000002,26.4703999999997,0.338976472616196,0.00508928,0.338976472616196,0.00508928,0.0842564460101011,0.116333950608344,0.116333950608344,0.158241857565384,0.000212211784799315,0.000212211784799315,1.10375747224592,31280.517578125,14877.3193359375,42752506.8601047,-1424281.30691301,30211.8287050634,4388.43860274189,22506.7138671875,14156.3094914783,9568.54456084399
2308.5568,2332.80512,24.2483200000001,27.7913600000002,0.339649528264999,0.0052736,0.339649528264999,0.0052736,0.0881448390898781,0.116564937797515,0.116564937797515,0.165544640592982,0.000217483108108107,0.000217483108108107,1.14611486486486,31661.9873046875,9918.212890625,48808566.4076693,-1804077.06936446,31770.4050164473,2891.18546514204,23174.2858886719,18294.0963502586,15047.3272837547
2360.59648,2384.56832,23.9718399999997,26.2963199999999,0.432999432086945,0.00591872,0.432999432086945,0.00591872,0.106034719761509,0.148601860645584,0.148601860645584,0.199143588604184,0.00024690303289193,0.00024690303289193,1.09696710807348,31661.9873046875,13732.91015625,56485031.0774202,-1925448.15179548,31758.3586040296,1635.25069334245,22029.8767089844,19119.6463020152,13697.4620175547
2410.86464,2435.44064,24.576,26.0812800000003,0.393829017877579,0.00603136,0.393829017877579,0.00603136,0.101473852688652,0.135158895130098,0.135158895130098,0.190577833556419,0.000245416666666666,0.000245416666666666,1.06125000000001,32806.396484375,15258.7890625,64210598.9326918,-2052573.06536944,33210.2381197133,3502.20259232005,23174.2858886719,21144.4188989941,11662.1324943521
2461.52192,2486.72256,25.20064,25.62048,0.435716092586517,0.00596992,0.435716092586517,0.00596992,0.105306034478375,0.149534196290999,0.149534196290999,0.197775046276042,0.000236895570906136,0.000236895570906136,1.01665989435189,32424.9267578125,14114.3798828125,51400619.4130398,-1891026.19146263,32935.2044439935,2667.66145858098,22506.7138671875,19773.47720325,15011.9629301517
2512.34304,2537.73824,25.3951999999999,25.53856,0.392104178667068,0.00690176,0.348863452672958,0.00628736,0.102534380795491,0.134566944432239,0.119727081230986,0.192569609207702,0.000271774193548388,0.000247580645161291,1.00564516129032,32806.396484375,14877.3193359375,51995065.5529051,-1892919.36612551,33690.9603762936,2168.42376732382,21266.9372558594,19917.9725454427,14538.6066733587
2563.2768,2588.54912,25.27232,28.3647999999998,0.560350000858307,0.0065024,0.469379246234894,0.00497664,0.119332957795876,0.192307533381658,0.161087115063286,0.224118982043548,0.000257293354943274,0.000196920583468395,1.1223662884927,34332.275390625,14114.3798828125,55713515.8746162,-2047231.3366333,34365.7159186029,2526.12492096703,23174.2858886719,21458.8481220229,16154.6111865878
2616.91392,2641.43872,24.5248000000001,25.7638400000001,0.524579703807831,0.00620544,0.363852590322495,0.00607232,0.112399180048774,0.180031460242424,0.124871230574227,0.211096668350002,0.000253027139874738,0.00024759916492693,1.05052192066806,32806.396484375,14114.3798828125,58612835.7833213,-2083895.188668,33663.4126820958,1511.55886806991,23174.2858886719,21191.4544087732,15853.4956768428
2667.20256,2694.01088,26.8083199999996,25.3849600000003,0.512313902378082,0.00786432,0.483606427907944,0.00610304,0.11824965941643,0.175821937597129,0.165969767352616,0.222084441590221,0.000293353705118415,0.000227654698242937,0.946906035141354,33187.8662109375,11444.091796875,42885907.0821652,-1837839.12654086,34709.8679545234,1939.69228436697,26321.4111328125,20931.6396968909,18447.8774854526
2719.39584,2745.93792,26.5420799999997,26.0915199999999,0.54976487159729,0.00813056,0.442528277635574,0.00528384,0.119553089560087,0.188674803667026,0.151872082436652,0.224532411056133,0.00030632716049383,0.000199074074074076,0.983024691358033,33569.3359375,14877.3193359375,51421515.7620822,-1994693.9738516,34670.8809299566,1299.35519831399,23174.2858886719,21970.3318272039,16717.7942108373
2772.02944,2798.61248,26.58304,27.2588800000003,0.478228330612183,0.00801792,0.447479426860809,0.00538624,0.116674216047897,0.164124048384738,0.153571276321637,0.219125604647397,0.000301617873651772,0.000202619414483821,1.02542372881357,33187.8662109375,10299.6826171875,44832566.9666457,-1822346.60637262,33813.5971853384,2865.85705156258,23174.2858886719,20275.0017595981,16762.2199223197
2825.87136,2853.39648,27.5251199999998,25.3132800000003,0.583083271980286,0.00898048,0.536877691745758,0.0067072,0.13990157213344,0.200109405940716,0.184252029033854,0.262748854230798,0.000326264880952384,0.000243675595238097,0.919642857142875,34332.275390625,11444.091796875,46342878.0888847,-2004092.88762662,36632.0251947335,1749.67812626421,21266.9372558594,23281.3592817131,20052.0391049782
2878.70976,2906.83904,28.1292799999997,25.27232,0.643457412719727,0.0065024,0.643457412719727,0.0065024,0.145244217976157,0.220829316831864,0.220829316831864,0.272782866374678,0.000231161266836552,0.000231161266836552,0.898434655988363,35095.21484375,14114.3798828125,45715987.6176113,-1940659.35540585,36042.4810718642,1405.58221267494,24223.3276367188,22774.5543913064,18416.2829135525
2932.11136,2961.29536,29.1840000000002,25.4463999999998,0.654483497142792,0.00745472,0.481743901968002,0.0062976,0.14365744517428,0.22461337874854,0.165330563696293,0.269802751646446,0.000255438596491226,0.000215789473684209,0.871929824561391,35476.6845703125,14114.3798828125,42440484.9052079,-1894460.51668677,37392.3260232677,2845.1739329729,24223.3276367188,23141.3830924208,19141.1261937635
2986.74176,3016.36608,29.6243199999999,26.10176,0.596471071243286,0.0073728,0.596471071243286,0.0073728,0.151730481975084,0.204703989057933,0.204703989057933,0.284964705420283,0.000248876598686485,0.000248876598686485,0.881092291738683,35095.21484375,14495.849609375,42590938.6183135,-1949414.33320134,37412.2287916101,1596.73480332472,21266.9372558594,24240.7189181421,20372.2520002744
3042.46784,3073.82272,31.3548800000003,25.2415999999998,0.610462307929993,0.00795648,0.521322548389435,0.00754688,0.154428801299846,0.209505666959349,0.178913631165253,0.290032413381804,0.000253755715218809,0.000240692357935987,0.805029392553873,35095.21484375,14877.3193359375,40233348.2228861,-1896457.4467555,38353.259746845,2675.14664636898,24986.2670898438,24787.495923887,19908.6443872732
3099.06432,3128.33024,29.2659199999998,26.1632000000004,0.61004114151001,0.00980992,0.513066589832306,0.006912,0.150935343224631,0.209361126091594,0.17608025377007,0.283471356972156,0.000335199440167952,0.000236179146256125,0.893981805458382,35095.21484375,14114.3798828125,41362233.2946177,-1873146.19251828,37423.8387398098,2725.82572981616,24127.9602050781,23021.1890492058,19392.8389372195
3154.49344,3183.90272,29.4092799999999,26.6239999999998,0.691460788249969,0.00746496,0.639549374580383,0.00714752,0.170252928428144,0.237303682367822,0.219488110132859,0.319751673921614,0.000253830083565461,0.000243036211699166,0.905292479108633,35095.21484375,14877.3193359375,37770150.8942212,-1766402.01932138,36239.6240234375,1215.25663010969,24127.9602050781,22023.7975055066,19280.9908875588
3210.52672,3240.46848,29.9417600000002,25.9072000000001,0.811951994895935,0.00871424,0.625753879547119,0.00714752,0.183233149517762,0.278655278171825,0.214753609164603,0.344129800392607,0.000291039671682625,0.000238714090287276,0.865253077975375,35476.6845703125,14877.3193359375,42653627.6654409,-1920162.60072648,37586.378014606,1586.92900127864,24127.9602050781,23966.8385267238,19253.6870128313
3266.37568,3296.6656,30.2899199999997,27.1872000000003,0.712661504745483,0.01019904,0.667713224887848,0.0075264,0.177372504872882,0.244579594724262,0.229153713014741,0.333122935766186,0.000336713995943208,0.00024847870182556,0.897565922920911,35095.21484375,13351.4404296875,35203757.7495159,-1715981.84210446,36935.3661170373,2635.56450724778,24127.9602050781,22143.9241879839,19678.2353346539
3323.8528,3357.4912,33.6383999999998,26.1120000000001,0.982277631759644,0.00883712,0.71319854259491,0.00804864,0.228367285143568,0.337109642491889,0.244763901718101,0.428896127471952,0.000262709284627094,0.000239269406392695,0.776255707762564,36621.09375,14114.3798828125,31944329.1517605,-1740666.69595347,38806.2771714505,1344.65226799088,24127.9602050781,25018.1508432268,22406.8939396955
3383.6032,3417.53856,33.9353599999999,24.63744,0.866103529930115,0.0086528,0.748329699039459,0.00846848,0.206293417304017,0.297239641721932,0.256820627033258,0.38743924178555,0.000254978877489439,0.000249547374773688,0.726010863005432,35476.6845703125,14114.3798828125,29558501.8949348,-1581892.68559854,36987.8915640024,2166.37791696136,24127.9602050781,22687.0825402523,19642.271057724
3442.176,3474.72896,32.55296,26.4089600000002,0.94161468744278,0.00897024,0.730564594268799,0.00785408,0.216225045338159,0.323154452861062,0.250723788497558,0.406091811923419,0.000275558351682919,0.000241270839886757,0.811261402956911,36239.6240234375,14114.3798828125,31710048.9307654,-1719286.88335578,38520.2261117789,1431.04630868413,23746.4904785156,24244.1140249697,22364.8903477414
3501.13792,3537.60256,36.4646399999997,22.9478400000003,1.16076266765594,0.0096768,0.816024899482727,0.00851968,0.259281047276057,0.398364245768733,0.280053065686031,0.486955200407369,0.000265374894692504,0.000233642235327157,0.629317607413661,37002.5634765625,14114.3798828125,29925678.0920815,-1695131.77974094,39095.9490696198,1238.4465717522,23746.4904785156,25989.0416551395,22021.0946000521
3560.5504,3595.76576,35.2153599999997,27.3203200000003,1.22442007064819,0.00951296,0.813961923122406,0.0082432,0.263177542592257,0.420210945388917,0.27934506908628,0.494273200228492,0.000270136667635943,0.000234079674323933,0.775806920616473,37002.5634765625,12969.970703125,29761138.2812657,-1675542.96943058,38692.5557955537,1006.85602453441,23746.4904785156,25069.0455767798,22097.4190381285
3623.08608,3660.32896,37.2428799999998,25.1187200000004,1.35061275959015,0.01164288,1.19058799743652,0.0093184,0.26456181146886,0.463519243245711,0.408600054805249,0.496872992752109,0.000312620291448998,0.000250206213912567,0.674456970030259,36621.09375,12207.03125,31616764.9490247,-1758617.59583845,39092.6271975372,1144.97858027219,23651.123046875,27267.2289230552,21642.5158671574
3685.44768,3724.60544,39.1577599999996,24.2585600000002,1.35856187343597,0.0119296,1.28983020782471,0.00965632,0.292087106136011,0.466247314047744,0.44265916903361,0.548568191925859,0.000304654811715484,0.000246600418410044,0.619508368200849,37002.5634765625,14495.849609375,27289160.2141744,-1620138.56877688,38835.3101668819,1008.56559895836,23651.123046875,26495.5504046338,21597.7046212271
3748.864,3790.5408,41.6768000000002,25.3951999999999,1.74043560028076,0.01319936,1.07244324684143,0.01028096,0.302220939183158,0.597303251159007,0.368053743510287,0.567600522881828,0.000316707616707615,0.000246683046683046,0.609336609336605,37002.5634765625,12207.03125,25003718.2609484,-1573764.71772351,39364.8836064466,1303.46528661945,23651.123046875,27368.2090232915,22159.1274772651
3815.936,3855.11424,39.1782399999997,26.3372800000002,1.55089151859283,0.01118208,1.04231989383698,0.00801792,0.34570250671889,0.532253273893612,0.357715655342894,0.649263165237811,0.000285415577626766,0.000204652378463148,0.672242550967077,37765.5029296875,10299.6826171875,20929150.6737745,-1463401.97794676,39493.6530820785,1371.49974300215,23651.123046875,25953.1407047715,25208.638703435
3881.45152,3921.94048,40.4889600000001,25.61024,1.76616406440735,0.01262592,1.47835719585419,0.00984064,0.32254998736958,0.606133049439195,0.507360088081151,0.605780466374461,0.000311836115326251,0.00024304501770359,0.632524026302476,37384.033203125,11062.6220703125,28304287.8244322,-1687183.76486235,39616.4980801669,1728.76035769925,23651.123046875,28373.9579501145,21911.5152407456
3947.55072,3987.48672,39.9359999999997,27.6787200000003,1.95985126495361,0.01405952,0.891319692134857,0.00772096,0.320206145815754,0.67260491118203,0.305893622176145,0.601378502383814,0.000352051282051285,0.000193333333333335,0.693076923076937,37384.033203125,12207.03125,24005808.2961345,-1547381.85685424,39993.9125933605,1305.39211949579,24890.8996582031,26361.3080148062,23509.7599722351
4015.16544,4060.27264,45.1071999999999,25.7228799999998,1.6981018781662,0.01391616,1.63612616062164,0.01046528,0.367116654218105,0.582774664264662,0.561505105324185,0.689481031512975,0.000308513053348468,0.000232009080590239,0.57026106696935,37384.033203125,11444.091796875,25065386.616428,-1576654.48110647,39569.260684373,1235.19371942337,23651.123046875,29468.1578814383,20118.942214462
4085.99552,4129.00352,43.0080000000003,29.50144,1.69319427013397,0.01441792,1.18049097061157,0.0078336,0.383495157675215,0.581090413360698,0.405134837851166,0.720241465093137,0.000335238095238093,0.000182142857142856,0.685952380952377,37765.5029296875,9918.212890625,20219046.6247517,-1479830.964554,40216.0597903934,1680.31396543928,23651.123046875,27908.7340822318,26245.6409163111
4158.50496,4201.8304,43.3254399999996,27.3510400000005,2.20551991462708,0.01362944,1.25025498867035,0.00717824,0.385787984056109,0.756916380755584,0.429077277774655,0.724547617592663,0.000314582840935952,0.000165681871897898,0.631292838572458,37765.5029296875,12207.03125,22366315.0078069,-1509127.54629675,39548.6869064032,1023.25984107916,23651.123046875,27512.9269440639,23399.9448210855
4229.18144,4273.47968,44.2982400000001,28.18048,2.14494228363037,0.01579008,1.29155206680298,0.00830464,0.413526338747338,0.736126633673874,0.44325009694016,0.776642964358432,0.000356449375866851,0.000187471104946833,0.636153490522421,37765.5029296875,9918.212890625,17107810.2311255,-1358694.76029961,39803.854891566,1560.99032967905,23651.123046875,27336.9117995189,26616.547748553
4301.66016,4347.3408,45.6806399999996,29.1532800000004,1.90319049358368,0.01219584,1.58833050727844,0.00820224,0.418576359327496,0.653159398261598,0.545102028342447,0.786127397599918,0.00026698049764627,0.000179556153328852,0.638197713517164,37384.033203125,10681.15234375,20942327.6546476,-1489110.03730837,40235.5807781833,1391.0463313321,23651.123046875,28619.1879280463,24322.7073344273
4376.49408,4423.56736,47.0732799999996,27.9859200000001,2.1098427772522,0.01538048,1.28794181346893,0.008704,0.41546407748745,0.724080770402416,0.442011087548727,0.780282227491784,0.00032673482706113,0.000184903197737657,0.59451816402002,37765.5029296875,10681.15234375,22788522.9775762,-1558022.54067851,41043.7640447422,1878.05694977047,23651.123046875,30415.7273864593,22844.2870342366
4451.55328,4500.55168,48.9983999999995,25.6409600000006,2.19101238250732,0.01593344,1.56694841384888,0.00828416,0.421625002883014,0.751937514487839,0.537763868906956,0.791853048777065,0.000325182863113901,0.000169070010449323,0.523301985370969,37765.5029296875,10681.15234375,19800536.2901152,-1455333.50180315,40396.7946164521,1533.12545084944,23603.4393310547,29712.2635588951,23771.0300956368
4526.19264,4577.08544,50.8927999999996,25.2928000000002,2.10604763031006,0.01584128,1.86838531494141,0.01252352,0.436491861247424,0.722778307038187,0.641214545859794,0.819774464824731,0.000311267605633805,0.000246076458752517,0.496981891348096,37765.5029296875,10299.6826171875,15765238.6536241,-1321878.34145998,39743.491453704,1452.5852590949,23603.4393310547,28977.2942879258,26440.9065721614
4602.37824,4650.5984,48.2201599999999,30.3206399999999,2.17299914360046,0.01661952,1.47763633728027,0.0089088,0.470767923043096,0.745755518347771,0.507112695319388,0.884148265826529,0.000344659163304312,0.000184752601401572,0.628795922701211,37765.5029296875,10681.15234375,19709569.4912977,-1433500.77627496,40650.7981894431,1771.33393084902,23603.4393310547,28834.851055313,23295.2645063377
4680.91904,4734.44352,53.52448,28.6003200000005,2.16495275497437,0.0134144,2.00226426124573,0.01313792,0.469063520724887,0.742994063637421,0.687160704325188,0.880947231346155,0.00025062177157069,0.000245456284675722,0.534340922135076,37765.5029296875,9536.7431640625,15611202.9398683,-1309388.28561728,40050.7047297879,2020.42201582008,21886.8255615234,29552.1326982916,25360.2607753103
4763.04384,4816.11776,53.0739199999998,31.0271999999995,2.10759854316711,0.01913856,1.65603518486023,0.01251328,0.494410441719301,0.723310567635266,0.568337719471582,0.928551231415635,0.000360601967972218,0.000235770789118272,0.584603511479831,38528.4423828125,10299.6826171875,15920880.3775025,-1318880.73158783,40607.716679602,1728.64085678637,23603.4393310547,29476.2556648919,25151.5820865305
4847.14496,4902.59456,55.4495999999999,29.4297600000009,2.436199426651,0.01391616,1.96438217163086,0.01363968,0.49038012439396,0.836083700985897,0.674159881264566,0.920981900755006,0.000250969529085873,0.000245983379501385,0.53074792243769,38528.4423828125,9918.212890625,15787268.7442616,-1324021.5788275,41038.5078069944,1966.92268670795,23603.4393310547,30644.4621646306,24876.0125819778
4932.02432,4986.5216,54.4972799999996,31.5084800000004,2.22311949729919,0.01436672,1.78339648246765,0.01362944,0.481675196748663,0.762956413461996,0.612047074256367,0.904633194088706,0.000263622698233749,0.000250093949642993,0.578166102968821,38528.4423828125,9536.7431640625,14435859.8930504,-1249252.8884164,40073.1585890604,2702.41082965083,25653.8391113281,28846.9777888284,25207.051440502
5018.03008,5072.18944,54.1593599999997,33.9865600000003,2.33054494857788,0.01803264,2.19557094573975,0.0131072,0.499833873071185,0.799823948977606,0.75350197607372,0.938736966657751,0.000332955190017019,0.000242011722442807,0.627528833427878,38528.4423828125,9155.2734375,13214828.0216348,-1214977.08275551,39842.3872624809,1784.33379232145,22649.7650146484,28812.664461693,27040.1682877585
5106.176,5161.32864,55.1526399999993,36.0960000000005,2.33074116706848,0.01492992,1.54642593860626,0.0126464,0.506128541196542,0.799891289557374,0.530720723396564,0.950558969888159,0.000270701819532124,0.000229298180467882,0.65447456368364,38528.4423828125,9918.212890625,12820153.1183435,-1190303.59447254,40160.2402970016,2190.55495201917,23603.4393310547,28605.7896193051,26651.8682584425
5197.42464,5255.54688,58.1222399999997,32.9318400000002,2.28852391242981,0.01891328,2.16607785224915,0.01422336,0.516563619416439,0.785402673347376,0.743380187812304,0.970157068782083,0.0003254052149401,0.000244714587737845,0.566596194503178,38146.97265625,9536.7431640625,10602762.0098591,-1091596.4378657,39450.3687253676,1202.76745172361,22268.2952880859,28564.2628807956,27627.8348417942
5288.47872,5350.10304,61.6243199999999,31.8054400000001,2.33740091323853,0.01437696,2.33740091323853,0.01437696,0.505320586763613,0.802176859927585,0.802176859927585,0.949041552333191,0.000233300099700898,0.000233300099700898,0.516118311731475,38528.4423828125,9536.7431640625,12302182.4477239,-1178654.03462418,39904.6528096102,1468.45855960471,25606.1553955078,30547.0423665987,25915.5165996287
5381.90848,5440.06144,58.1529600000003,38.8198399999992,2.89318823814392,0.01475584,2.33387589454651,0.0144384,0.532453595441945,0.992918520271356,0.800967102367582,1,0.000253741855960555,0.000248283148441626,0.667547103363251,38528.4423828125,9536.7431640625,9522097.13461454,-1039357.4054889,39511.7708830197,927.830955156807,22268.2952880859,28483.8545163673,28240.1980826654
5478.88128,5540.87424,61.9929600000005,37.3964800000003,2.64787364006042,0.01557504,2.42467522621155,0.0152576,0.523344859036051,0.908728558305282,0.832128689729874,0.982892900932834,0.000251238850346876,0.000246118268913113,0.603237528906509,38909.912109375,9918.212890625,10006815.3653878,-1063552.10494601,39921.6827081174,2308.83024127916,22602.0812988281,29043.3527226963,27475.2798889404
5578.27072,5640.51968,62.2489599999999,39.2601599999998,2.4309356212616,0.01613824,2.21690201759338,0.01531904,0.508876570413424,0.834277206064711,0.760822625322005,0.955720037895599,0.00025925316663925,0.000246093107418984,0.63069583813127,38528.4423828125,9155.2734375,8359527.27116567,-991122.954450136,39486.7877570951,578.782948274839,25606.1553955078,29451.0394210459,29303.7648830424
5679.77984,5743.12448,63.3446400000003,39.2294399999992,2.91382241249084,0.01550336,2.91382241249084,0.01550336,0.507829127180756,1,1,0.953752836919524,0.000244746201099255,0.000244746201099255,0.619301648884562,38528.4423828125,9536.7431640625,8744307.21752736,-1000243.8884448,39480.3490243754,790.280898522171,21839.1418457031,28934.7777581876,28273.1766662563
5782.35392,5844.736,62.3820800000003,41.3286399999997,2.37282824516296,0.01595392,2.2630341053009,0.01524736,0.523433332256631,0.814335230243006,0.776654780195193,0.983059062306026,0.000255745239658567,0.000244418910045961,0.662508207485219,38528.4423828125,9155.2734375,9818595.78863285,-1055685.07622205,39983.5742249781,2369.41560839862,21219.2535400391,29106.5883443357,27646.530653522
5886.06464,5950.45376,64.3891200000007,40.2534399999995,2.60165691375732,0.0181248,2.39091062545776,0.01577984,0.526209608295501,0.892867356158926,0.820540955141437,0.988273180611615,0.000281488549618317,0.000245069974554705,0.625159033078866,38909.912109375,9155.2734375,8493272.77841993,-994136.012779797,39666.119743796,680.696301577012,21266.9372558594,29382.967295516,28798.7842244264
5990.7072,6058.06592,67.3587200000002,42.9875199999997,2.39918518066406,0.01666048,2.39918518066406,0.01666048,0.509485204893089,0.823380714754386,0.823380714754386,0.95686311305722,0.000247339616904834,0.000247339616904834,0.638187899057458,39291.3818359375,9918.212890625,9860855.63008371,-1062663.76595096,41124.0790394348,2948.70198388524,21219.2535400391,30420.4189728363,26839.0249045562
6101.05344,6169.4976,68.44416,43.7043200000007,2.28975653648376,0.01844224,1.86027860641479,0.01590272,0.520174423080907,0.785825699832679,0.638432389853354,0.976938511701012,0.000269449431478157,0.000232345900658288,0.638539796529035,38146.97265625,9155.2734375,8194353.50763619,-957938.747604899,39591.7883368249,2275.29884360299,21219.2535400391,28814.6082129195,27178.0195741717
6213.20192,6281.29792,68.0959999999995,46.2028799999998,2.17593479156494,0.01861632,1.45499002933502,0.01691648,0.494555676151763,0.746763008698554,0.49934066781072,0.928823995903856,0.000273383458646618,0.000248421052631581,0.678496240601506,39291.3818359375,9155.2734375,9230531.7921466,-1019696.29492107,40892.7887952091,2951.06601902966,24175.6439208984,29688.2441003141,26634.6610004873
6327.5008,6398.38208,70.8812800000005,45.2403199999999,2.32253003120422,0.01806336,2.12984824180603,0.0173056,0.475408704799737,0.797073294943475,0.730946482076564,0.892864108477171,0.000254839641722044,0.000244149089858421,0.638254839641716,37765.5029296875,9536.7431640625,7423696.03225957,-908746.317144135,39207.5262897567,2173.86171506164,25129.3182373047,28505.2485416792,27115.2962725067
6443.6224,6515.46624,71.8438399999995,45.4860800000006,2.41228532791138,0.01842176,2.28141450881958,0.01717248,0.51200984286167,0.827876578054482,0.7829627842245,0.961604630421723,0.000256413911060435,0.000239025085518816,0.633124287343228,39291.3818359375,9155.2734375,6687658.2787236,-880483.612664961,39475.5459288091,832.082664587223,24175.6439208984,29222.6270838678,28738.7258284592
6560.95232,6631.41376,70.46144,45.6704,2.31686162948608,0.02422784,1.94193685054779,0.01708032,0.485830612410609,0.795127945874211,0.666456830801761,0.912437471677436,0.000343845371312309,0.000242406626943758,0.648161604417962,38909.912109375,9536.7431640625,6913069.80250077,-886560.327234507,39369.6299190989,597.231778475699,20885.4675292969,28701.8505225964,28146.2079231557
6677.08416,6749.9008,72.81664,47.0323199999993,2.52803063392639,0.02044928,1.91571497917175,0.01810432,0.48575277258546,0.867599419610935,0.657457699192494,0.912291280862283,0.000280832513008016,0.000248628884826325,0.645900717198697,38909.912109375,9536.7431640625,9419114.66080149,-1028544.67928673,40894.6030616513,2924.14911814288,24175.6439208984,31204.7631605093,24952.5439033921
6796.93312,6872.2176,75.2844800000003,48.8447999999999,2.29006147384644,0.01915904,2.07250332832336,0.01855488,0.505153829421721,0.785930351839392,0.711266177183293,0.948728365713138,0.00025448857453754,0.000246463547334058,0.648803046789985,38146.97265625,9536.7431640625,8555132.35821044,-963155.460701646,40153.0887284939,3112.90166020122,21171.5698242188,30194.8074615398,24022.2815380806
6921.0624,6994.65728,73.5948800000006,49.6127999999999,2.14876055717468,0.017664,2.14876055717468,0.017664,0.462015093892273,0.737437033898659,0.737437033898659,0.867709595441444,0.00024001669681369,0.00024001669681369,0.674133852789753,38909.912109375,9536.7431640625,6672844.01473956,-876091.867644154,39269.4974027024,817.701921268676,20885.4675292969,29177.6274099317,28334.3756616463
7044.27008,7117.55776,73.2876799999995,56.9036800000003,2.02974152565002,0.0172032,2.02974152565002,0.0172032,0.461495311141154,0.696590676545358,0.696590676545358,0.866733392528048,0.000234735224255975,0.000234735224255975,0.77644264356575,38909.912109375,9155.2734375,10205821.7495473,-1074784.28045285,40947.6770030608,2880.66266168396,20885.4675292969,32641.1245870592,23952.1201031141
7174.46144,7247.58528,73.1238400000002,58.2758399999993,1.88951444625854,0.01980416,1.69894754886627,0.01805312,0.401650702319608,0.648465890768998,0.583064891526436,0.754339356063942,0.000270830415908135,0.000246884189889371,0.79694720627362,38909.912109375,9918.212890625,7848317.26749131,-938183.765507769,39538.7140679057,2013.76329046626,15926.3610839844,29437.1266261037,26637.8938776014
7305.86112,7381.54496,75.6838400000006,61.35808,1.62813365459442,0.01932288,1.44812834262848,0.01860608,0.376233756055517,0.558762142680697,0.496985793101428,0.70660384167983,0.000255310512785819,0.000245839534569069,0.810715735353802,38528.4423828125,9536.7431640625,8328758.35038576,-972330.540995745,40355.0826339677,2471.26237149075,23889.5416259766,30874.5407242348,25882.2178176955
7442.90304,7519.62112,76.7180799999996,62.9964799999998,1.36432576179504,0.01801216,1.36432576179504,0.01801216,0.324846923507205,0.468225433350541,0.468225433350541,0.610094337399631,0.000234783769353979,0.000234783769353979,0.821142552055527,38528.4423828125,9536.7431640625,8361401.9877846,-965180.060017167,39708.2321111876,2460.5060436703,15926.3610839844,30873.4893067312,24834.3600714798
7582.6176,7659.93984,77.3222400000004,68.3827199999996,1.34901368618011,0.0214528,1.12946438789368,0.0183808,0.322592580334594,0.462970454341082,0.387622932355774,0.605860460134252,0.000277446695801879,0.000237716858694211,0.884386174016677,39672.8515625,9536.7431640625,7354200.14037124,-928816.776515589,40571.7160826572,1884.75388734238,15926.3610839844,30804.1752174409,27849.4255398368
7728.32256,7799.87968,71.5571200000004,72.74496,0.857836246490479,0.02004992,0.624517440795898,0.01713152,0.223595490185125,0.294402377719776,0.214329273506424,0.419934229197077,0.000280194619347451,0.000239410417859186,1.01659988551803,40435.791015625,9918.212890625,7137171.87920255,-937770.78310994,41126.7909625582,592.266459059065,22602.0812988281,31049.1729140016,30558.8486718549
7872.62464,7944.0384,71.4137600000004,88.2483199999997,0.912237107753754,0.03105792,0.800894439220428,0.01579008,0.234285010945335,0.313072307990774,0.274860415578928,0.440010196101454,0.000434901061084024,0.000221106968741037,1.23573272153713,36239.6240234375,9155.2734375,6923273.0875395,-862008.785301817,37127.6427847184,803.631976130063,15926.3610839844,27412.7492426412,26251.1141982024
8032.28672,8097.4336,65.1468800000002,0,0.642072319984436,0.02623488,0.576773166656494,0.01492992,0.183743342036659,0.220353964343204,0.197943829446849,0.345087991910635,0.000402703552342029,0.00022917321596982,0,36239.6240234375,9155.2734375,11990593.207594,-1140951.18451512,38935.5275425976,2682.87876088191,15926.3610839844,30843.0123879394,23439.9417366542
