note.starts,note.ends,note.durs,INI,pk.amps,pk.times,qpk.amps,qpk.times,note.rmss,rel.pk.amps,rel.qpk.amps,rel.note.rmss,rel.pk.tm,rel.qpk.tm,rel.INI,max.Hz,min.Hz,FMa,FMb,FMc,FM.resid,note.DF,arcL,chordL
1561.9072,1568.77824,6.87103999999999,42.51648,0.0501538142561913,0.00451584,0.0370021983981133,0.0004096,0.0155127242827942,0.0179817773456817,0.0132664943387327,0.0330288440103828,0.000657228017883756,5.96125186289121e-05,6.18777943368108,38528.4423828125,25177.001953125,103092138.000906,-2812677.32914004,39318.6296735491,1848.56398563598,28610.2294921875,14458.9158506815,14458.9158506814
1611.29472,1624.9344,13.63968,32.13312,0.0398885235190392,0.0033792,0.0398885235190392,0.0033792,0.011313330021309,0.0143013359842079,0.0143013359842079,0.0240877234520467,0.000247747747747748,0.000247747747747748,2.35585585585585,28991.69921875,16021.728515625,-136384040.554186,1668551.7717561,19390.9331635162,4148.80922819314,20790.1000976562,12821.2164864793,2614.49339718475
1657.06752,1666.7136,9.64607999999998,33.8432,0.0289101712405682,0.00425984,0.02362110465765,5.12e-05,0.0106305077243152,0.0103652388154955,0.00846893603033339,0.0226338955670739,0.000441613588110404,5.30785562632697e-06,3.50849256900213,35476.6845703125,20599.365234375,174463618.155382,-2993536.84697833,34427.6428222656,1444.14297120287,25177.001953125,13039.7253432782,12642.6041658473
1700.5568,1710.5408,9.98399999999992,33.8943999999999,0.0428798943758011,0.0032768,0.0290101114660501,7.168e-05,0.0123446264225677,0.0153738399503049,0.0104010706442237,0.0262835033385894,0.000328205128205131,7.17948717948724e-06,3.39487179487181,37002.5634765625,20599.365234375,182393782.61699,-3558289.7475078,38401.2858072917,2001.99192998493,25177.001953125,17364.1334353417,17344.9058950508
1744.4352,1754.75712,10.3219200000001,28.14976,0.0395884700119495,0.00157696,0.0395884700119495,0.00157696,0.0136215765432099,0.0141937570206476,0.0141937570206476,0.0290023156873985,0.000152777777777776,0.000152777777777776,2.72718253968252,28610.2294921875,16021.728515625,-277555756.156289,2317912.21137558,20503.9978027344,4422.77203355496,25177.001953125,15324.679293651,5646.04997635863
1782.90688,1798.47168,15.5648000000001,24.6681599999999,0.0932752788066864,0.00529408,0.076157346367836,0.00379904,0.0226330222336479,0.0334422280784191,0.0273048912816304,0.0481889929332278,0.000340131578947366,0.000244078947368419,1.58486842105262,30899.0478515625,17166.1376953125,-125108049.128589,1801762.610793,19153.1338534512,4053.47068812416,28610.2294921875,15239.1550776126,2264.97650151852
1823.13984,1837.91616,14.7763199999999,25.64096,0.0857841745018959,0.003584,0.0857841745018959,0.003584,0.022288863260926,0.0307564229870268,0.0307564229870268,0.0474562284737052,0.000242550242550243,0.000242550242550243,1.73527373527374,28228.759765625,9918.212890625,34049797.0589333,-1093356.18813733,21500.6398630666,5606.28907729799,16403.1982421875,8721.36072511523,8721.36072510918
1863.55712,1881.72288,18.1657600000001,23.5008,0.121817082166672,0.00305152,0.121817082166672,0.00305152,0.0276453750959541,0.0436753950005167,0.0436753950005167,0.0588610204763028,0.000167981961668545,0.000167981961668545,1.29368658399098,28991.69921875,9536.7431640625,-68931429.5509027,568803.983157155,20310.5381556919,6367.98830506349,18119.8120117188,14761.0657284814,12414.2591708607
1905.22368,1921.66912,16.44544,23.5110399999999,0.12604033946991,0.00304128,0.12604033946991,0.00304128,0.0269059307890198,0.0451895704152206,0.0451895704152206,0.0572866361049395,0.000184931506849315,0.000184931506849315,1.42963885429638,28991.69921875,9918.212890625,-88396378.683941,678750.171840608,20477.7979588771,6259.04175557456,18119.8120117188,15350.5661928198,12744.6760966005
1945.18016,1962.17856,16.9984000000002,24.8627199999999,0.1513931453228,0.00310272,0.1513931453228,0.00310272,0.0302600184142099,0.0542793777747613,0.0542793777747613,0.0644279760108148,0.000182530120481926,0.000182530120481926,1.46265060240961,28610.2294921875,9918.212890625,-31831569.2375044,28929.3819225268,20347.8467333448,6070.73871818929,17356.8725585938,8718.98629881253,8705.83874810597
1987.04128,2004.62336,17.5820800000001,24.6988799999999,0.180517971515656,0.00359424,0.180517971515656,0.00359424,0.0362257537238534,0.0647215773880631,0.0647215773880631,0.0771298933115686,0.000204426324985438,0.000204426324985438,1.4047757716948,28610.2294921875,9536.7431640625,-2897560.09174157,-562767.337004724,21516.2549700056,5117.41020524113,18119.8120117188,10790.3417505745,10790.3417505744
2029.32224,2048.50176,19.1795200000001,22.4563199999998,0.175057455897331,0.0036352,0.175057455897331,0.0036352,0.0326752764407906,0.0627638045347411,0.0627638045347411,0.0695704112884944,0.000189535504538173,0.000189535504538173,1.17084890549918,28991.69921875,9536.7431640625,-65325178.291212,555319.710060927,20224.6273265165,5938.18907134487,18119.8120117188,15739.760574553,13379.3618285304
2070.95808,2088.2944,17.3363200000003,25.4566399999999,0.158582597970963,0.00330752,0.158582597970963,0.00330752,0.0329262115143731,0.0568570309138867,0.0568570309138867,0.0701046885212358,0.000190785587714113,0.000190785587714113,1.46839929119902,28610.2294921875,9536.7431640625,-39650822.3080414,92908.3818426521,20386.8321010045,5812.54139732427,18119.8120117188,10415.1430944305,10306.2855535347
2113.75104,2133.52448,19.7734399999999,22.3641600000001,0.249832034111023,0.00448512,0.249832034111023,0.00448512,0.0414508374950555,0.089572928357061,0.089572928357061,0.0882548558696689,0.000226825479026412,0.000226825479026412,1.13102019678924,28228.759765625,9536.7431640625,-8124531.2376281,-500665.369107066,22859.6668617398,5562.56356252096,18119.8120117188,13076.4784068817,13076.4784068814
2155.88864,2176.19456,20.3059199999998,22.7942400000002,0.232902497053146,0.00470016,0.232902497053146,0.00470016,0.0450455690475834,0.0835031374457421,0.0835031374457421,0.095908561662618,0.000231467473524965,0.000231467473524965,1.12254160363088,28610.2294921875,9536.7431640625,1827047.69458623,-679201.471908879,23003.6529840208,4733.12184753033,18119.8120117188,13038.4634694187,13038.4634694187
2198.9888,2219.43808,20.4492799999998,23.73632,0.244333446025848,0.00504832,0.244333446025848,0.00504832,0.0491242105300965,0.0876015052832711,0.0876015052832711,0.104592582009039,0.00024687030545819,0.00024687030545819,1.16074111166751,28228.759765625,9536.7431640625,-2410148.02264564,-548387.091105976,22639.4802916284,5276.32501835571,18310.546875,12221.9801300795,12221.9801300795
2243.1744,2262.272,19.0976000000001,24.6271999999999,0.280696749687195,0.00493568,0.219941273331642,0.0046592,0.049890901910883,0.100638935031917,0.0788561162262366,0.106224979359657,0.000258445040214476,0.00024396782841823,1.28954423592492,24795.5322265625,9536.7431640625,40207010.3132672,-1350021.717917,24039.3245921415,3383.0437348921,18119.8120117188,11546.8079322287,11117.9412748382
2286.8992,2307.30752,20.40832,23.25504,0.267255812883377,0.00577536,0.181238621473312,0.00100352,0.0602670962469717,0.0958199210345164,0.0649799538899292,0.12831740477124,0.000282990466633216,4.91721023582539e-05,1.13948820873056,25558.4716796875,9918.212890625,44548865.0637406,-1455374.95033956,25493.9584171071,3699.92809284213,17356.8725585938,12625.7777259616,11147.1765582879
2330.56256,2352.01536,21.4528,22.6713600000003,0.359775334596634,0.0061952,0.238667592406273,0.00114688,0.0731596093239056,0.128991185558458,0.0855701120628072,0.155767438405382,0.000288782816229117,5.34606205250596e-05,1.05680190930789,25558.4716796875,9536.7431640625,33197845.3441835,-1229066.17345471,25102.2039675245,4004.34600942338,18119.8120117188,11663.0194875227,11088.5111829839
2374.68672,2396.5696,21.8828799999997,20.4492800000003,0.403063297271729,0.00627712,0.326638966798782,0.0011264,0.0865767176743088,0.144511331296439,0.117110717509868,0.184334411600889,0.000286850725315868,5.14740290126353e-05,0.934487599438492,32424.9267578125,9918.212890625,27841506.1902902,-1100329.02867125,24876.2353162893,6288.45823552258,20217.8955078125,10996.9756770751,10746.172271303
2417.01888,2439.99744,22.97856,22.4665599999998,0.416190057992935,0.00673792,0.403882503509521,0.00156672,0.0950887638649227,0.149217702926582,0.144805043437513,0.202457794748412,0.000293226381461675,6.81818181818181e-05,0.977718360071294,27084.3505859375,9918.212890625,35732797.2966945,-1072227.61342761,25334.2745596902,4536.89698833286,20217.8955078125,10316.2517006527,5770.82146747986
2462.464,2484.67456,22.21056,22.6611200000002,0.416559278964996,0.00166912,0.416559278964996,0.00166912,0.0926238452941044,0.149350080681084,0.149350080681084,0.19720962495633,7.51498386353159e-05,7.51498386353159e-05,1.020285846012,27084.3505859375,9918.212890625,13204664.9729669,-608619.963279296,24670.7376926922,4300.63783814542,17929.0771484375,7003.8104618608,7003.81046183321
2507.33568,2532.43392,25.0982399999998,19.4252799999999,0.562571227550507,0.0023552,0.562571227550507,0.0023552,0.122048908302517,0.201700124007044,0.201700124007044,0.259859859588457,9.38392492860064e-05,9.38392492860064e-05,0.773969808241537,27465.8203125,9918.212890625,14747323.3847451,-757647.836977675,25798.2526506696,4204.12695666005,24890.8996582031,9725.96895222166,9725.96895219005
2551.8592,2575.36,23.5008000000003,25.12896,0.480839461088181,0.00228352,0.480839461088181,0.00228352,0.111384611214007,0.172396621404281,0.172396621404281,0.237154021555388,9.71677559912843e-05,9.71677559912843e-05,1.06928104575162,27465.8203125,10681.15234375,30190275.2310349,-1010900.07595203,26167.4847519189,3967.76129199014,25558.4716796875,9841.40017633075,7083.24583496278
2600.48896,2625.82272,25.33376,22.7225599999997,0.557090997695923,0.00268288,0.557090997695923,0.00268288,0.12270541199984,0.19973528295737,0.19973528295737,0.261257651350615,0.000105901374292644,0.000105901374292644,0.896928051738065,28610.2294921875,9918.212890625,47543043.3990198,-1564534.79290192,28677.3582557579,3935.18345140527,21934.5092773438,16620.2222234878,9122.45243004467
2648.54528,2674.09408,25.5488,22.5792000000001,0.528281629085541,0.00518144,0.528281629085541,0.00518144,0.124097201215027,0.189406185170802,0.189406185170802,0.26422097281793,0.000202805611222445,0.000202805611222445,0.883767535070144,28610.2294921875,10681.15234375,30468526.6156527,-1155947.2510353,27899.0609305245,4321.38669856969,21934.5092773438,12282.7817843261,9645.00306744738
2696.67328,2722.68288,26.0095999999999,22.35392,0.552711486816406,0.00303104,0.552711486816406,0.00303104,0.13006192337057,0.198165085541951,0.198165085541951,0.276920732966392,0.000116535433070867,0.000116535433070867,0.859448818897643,28610.2294921875,10681.15234375,14494367.5805471,-746971.79071763,26520.0726397626,3750.18670285494,21934.5092773438,9624.70293720391,9623.00807933745
2745.0368,2770.70848,25.6716799999999,22.7840000000001,0.539735615253448,0.00335872,0.539735615253448,0.00335872,0.120426101919743,0.193512812593788,0.193512812593788,0.256404669004354,0.00013083366573594,0.00013083366573594,0.887514958117278,28991.69921875,10681.15234375,27003032.0981397,-1158486.95644996,28170.0530609527,3554.05602805962,21934.5092773438,12906.4067628794,11944.3590123157
2793.49248,2819.69664,26.2041600000002,21.5961600000001,0.634507358074188,0.00627712,0.634507358074188,0.00627712,0.150391543734519,0.2274915718036,0.2274915718036,0.320205448632739,0.000239546697928876,0.000239546697928876,0.824150058616642,28991.69921875,10681.15234375,46145737.5327868,-1574803.60407305,29752.0538967656,3409.24274455904,22220.6115722656,17291.4129349202,9580.06570670642
2841.2928,2869.54496,28.25216,21.23776,0.723528981208801,0.00673792,0.723528981208801,0.00673792,0.145767941405983,0.259408725661149,0.259408725661149,0.31036112746185,0.000238492207321493,0.000238492207321493,0.751721638274736,28991.69921875,10299.6826171875,27880953.7098836,-1141454.36687558,29099.8828269748,3302.7269012296,21934.5092773438,13371.3340136206,9994.40506394141
2890.78272,2919.18848,28.4057599999996,21.8316800000002,0.741265058517456,0.0068608,0.741265058517456,0.0068608,0.156275860603908,0.265767687544306,0.265767687544306,0.33273401424402,0.000241528478731077,0.000241528478731077,0.768565248738302,28991.69921875,11062.6220703125,40810569.6798971,-1535798.12271827,30698.5123826581,3047.74343560101,21934.5092773438,18201.8680675482,10695.986534948
2941.02016,2971.07456,30.0544,21.3196800000001,0.851279199123383,0.00850944,0.660348474979401,0.0068096,0.183248981108412,0.305211343238111,0.236756454593565,0.39016370701595,0.000283134582623509,0.000226575809199319,0.709369676320275,31661.9873046875,11062.6220703125,43675459.1336165,-1726172.67038966,33488.0663001019,2974.33866663136,25558.4716796875,21683.0284004368,12428.4847347216
2992.39424,3020.78976,28.39552,21.3196800000001,0.671311259269714,0.0069632,0.671311259269714,0.0069632,0.160094208963309,0.240686970131031,0.240686970131031,0.340863832710518,0.000245221781464118,0.000245221781464118,0.750811395600434,29373.1689453125,11444.091796875,46201827.7328482,-1618294.58172041,30769.3783002409,2693.86367291389,21934.5092773438,19642.1869700187,8699.525759577
3042.10944,3072.33792,30.2284799999998,20.7155200000002,0.908828616142273,0.00845824,0.736080825328827,0.00754688,0.183519754864101,0.325844685259147,0.263908970948399,0.390740223685472,0.000279810298102983,0.000249661246612468,0.685298102981042,30517.578125,10299.6826171875,31796125.8147056,-1424837.79391476,31360.4795015775,3447.08295207152,21839.1418457031,17908.0662361347,14016.6209371593
3093.05344,3123.61984,30.5663999999997,23.0707200000002,0.710125863552094,0.0088064,0.629730463027954,0.00709632,0.180214256626449,0.254603271060832,0.22577889921032,0.383702337645747,0.00028810720268007,0.000232160804020103,0.754773869346746,30899.0478515625,10681.15234375,29814669.7020423,-1343086.0278945,31154.779287485,3451.35031841864,24223.3276367188,17054.2934060106,13197.315482898
3146.69056,3177.10336,30.4128000000001,22.5075200000001,0.868826866149902,0.0085504,0.802301526069641,0.00685056,0.204713659491656,0.311502753893246,0.287651250853847,0.435865126130292,0.000281144781144781,0.000225252525252525,0.740067340067342,31280.517578125,11062.6220703125,28277100.2653844,-1388980.08732665,31766.1578838642,3390.40055549401,24223.3276367188,18025.3728020991,16088.1976151883
3199.61088,3230.89408,31.2831999999999,23.5007999999998,1.0519415140152,0.00929792,0.844924032688141,0.00744448,0.228138365102493,0.377155324400187,0.302932808902726,0.485739728005837,0.000297217675941082,0.000237970540098201,0.751227495908344,32424.9267578125,10681.15234375,34005432.5025048,-1616587.26150086,33678.2015286959,3034.40221906755,21839.1418457031,21132.5951561026,17292.993686194
3254.39488,3288.05376,33.65888,23.3676800000003,0.977183222770691,0.00949248,0.905952632427216,0.00606208,0.223772209523607,0.35035203998725,0.324813551344789,0.47644354837219,0.000282020079099483,0.000180103437785215,0.694250076057205,32424.9267578125,10681.15234375,39149256.3506405,-1797657.25528801,34615.466591785,2977.22308212323,21839.1418457031,25118.3110639535,16154.1463905371
3311.42144,3344.128,32.7065600000001,21.7702399999998,1.01649296283722,0.00840704,0.90918892621994,0.00541696,0.235105558026612,0.364445863236309,0.325973868167528,0.500573894080471,0.000257044458359423,0.000165623043206011,0.665623043206004,32806.396484375,10681.15234375,40365745.3472038,-1727398.3188231,33947.9364900508,2987.12408175756,21839.1418457031,23643.6289465505,13317.2493056002
3365.89824,3400.07936,34.1811200000002,22.7532799999999,1.13305592536926,0.01005568,0.832507729530334,0.00516096,0.232360153052469,0.406237485071841,0.298481159468853,0.494728527980793,0.000294188136608746,0.000150988615937686,0.6656680647094,32424.9267578125,10681.15234375,28650494.5582607,-1553473.77729388,35058.6755979107,3159.41277100358,21839.1418457031,22490.1699713623,19625.6979503147
3422.83264,3457.06496,34.2323200000001,20.9510399999999,1.08792591094971,0.01030144,0.976397275924683,0.00644096,0.249599756709786,0.390056903735504,0.350070252422334,0.531434149096607,0.000300927310798683,0.000188154352378103,0.612025127131316,33187.8662109375,10299.6826171875,29719068.4432731,-1555952.7065606,34213.0530513436,2873.17844320179,21839.1418457031,22293.7072362878,18437.5291098958
3478.016,3513.27232,35.25632,21.7702399999998,1.27869248390198,0.01118208,0.962169229984283,0.00878592,0.261844134799617,0.458452938826753,0.344969034140959,0.557504209168632,0.000317165262852164,0.000249201277955272,0.617484751670051,33569.3359375,10299.6826171875,30574488.4824563,-1603405.27000791,35277.4934815656,3305.82951006346,21839.1418457031,23517.5809360466,18525.8324538299
3535.04256,3569.6128,34.57024,21.52448,1.20050966739655,0.01051648,0.983920812606812,0.00841728,0.272446211719573,0.430421850473679,0.352767685578247,0.580077571422203,0.000304206161137441,0.000243483412322275,0.622630331753555,33569.3359375,10681.15234375,24108821.8256355,-1354990.33450322,33581.6548832401,3206.6462706908,21839.1418457031,20047.4733500565,18029.8520873479
3591.13728,3626.22976,35.0924800000003,22.9273599999997,1.28864514827728,0.01093632,1.1228164434433,0.00482304,0.284691326156719,0.462021293446381,0.402566297010505,0.606149199284652,0.000311642836299969,0.000137437992413188,0.653341114677547,33569.3359375,10299.6826171875,29383444.6246209,-1562105.30361855,34930.6838396278,2707.39473108652,25558.4716796875,22889.9767465023,18632.961489487
3649.15712,3684.46464,35.3075200000003,23.2038399999997,1.40994417667389,0.01183744,0.98067045211792,0.00709632,0.286956321698861,0.505510949282598,0.35160232538638,0.610971703899692,0.000335266821345705,0.000200986078886309,0.657192575406018,33187.8662109375,10681.15234375,20338429.4562083,-1274651.2146247,34237.2733514428,3197.88869279368,25558.4716796875,20292.0717231822,19650.4606259251
3707.66848,3746.52928,38.8608000000004,21.7395199999996,1.53439176082611,0.01309696,1.40567827224731,0.00883712,0.322109912589831,0.550129464995129,0.503981483483949,0.685818806753861,0.00033702239789196,0.00022740447957839,0.559420289855057,33950.8056640625,11062.6220703125,24347325.0106746,-1469598.04609461,36245.6229425246,2856.81135379661,25558.4716796875,24010.9148975505,20341.3561551585
3768.2688,3808.33792,40.0691200000001,22.8863999999999,1.47449493408203,0.0127488,1.42314088344574,0.00804864,0.335423181672976,0.528654500065778,0.510242398852027,0.71416469106144,0.000318170201891131,0.000200868898543317,0.571173013033473,33569.3359375,10299.6826171875,25198660.9239677,-1505566.98951383,36294.8588262205,2545.65428695106,25558.4716796875,25107.8061957658,19869.427988638
3831.22432,3872.43008,41.2057600000003,22.2617599999999,1.55366671085358,0.00694272,1.55366671085358,0.00694272,0.339334135745317,0.55704016291279,0.55704016291279,0.722491680546478,0.000168489065606361,0.000168489065606361,0.540258449304168,33950.8056640625,11062.6220703125,22826411.3761446,-1468492.70634821,36810.5536476176,2213.48822554547,25558.4716796875,25483.2513993514,21753.0595732521
3894.69184,3934.73024,40.0383999999999,21.6883200000002,1.36990678310394,0.00610304,1.36990678310394,0.00610304,0.326503812847378,0.491156238532212,0.491156238532212,0.695174058839702,0.000152429667519182,0.000152429667519182,0.541687979539648,34332.275390625,10299.6826171875,24658368.8513609,-1484673.90321682,36130.2730974214,2788.61129247514,25558.4716796875,24781.1209290804,19914.7905750634
3956.41856,3997.20448,40.7859199999998,21.80096,1.57586288452148,0.0105472,1.55721914768219,0.00868352,0.370908652042419,0.56499821473281,0.558313827319657,0.789718413547653,0.000258599045945269,0.000212904845593775,0.534521717298522,34332.275390625,11062.6220703125,26637596.1596604,-1529786.71878372,36568.3101715251,3078.98555171738,25558.4716796875,25845.1883291664,18082.3500574773
4019.00544,4060.35456,41.3491200000003,23.2447999999999,1.46071338653564,0.0093696,1.46071338653564,0.0093696,0.369241070376207,0.523713366013795,0.523713366013795,0.786167889879225,0.000226597325408616,0.000226597325408616,0.562159484893506,34332.275390625,10681.15234375,24010224.7401199,-1476426.66306179,36607.7703588149,2735.62987440268,25272.3693847656,25396.4977043966,19997.4681209929
4083.59936,4126.6176,43.0182399999994,22.9888000000001,1.45740580558777,0.01583104,1.34185183048248,0.01002496,0.351441962629453,0.522527490422086,0.481097623470438,0.748271003260566,0.000368007617233997,0.000233039752439898,0.534396572244713,33569.3359375,11062.6220703125,18872614.9581417,-1289608.30645515,35976.7625311843,2628.67755161495,20790.1000976562,23509.3306111365,20551.6039579209
4149.6064,4195.10272,45.4963200000002,23.2038400000001,1.60295212268829,0.01045504,1.60295212268829,0.01045504,0.372729495950402,0.574710589681831,0.574710589681831,0.793595254797951,0.000229799684897591,0.000229799684897591,0.510015755120415,34332.275390625,11062.6220703125,23016082.6624815,-1441957.90202295,36952.6827504123,2877.41717526754,24604.7973632812,27206.9071444597,17962.4403190888
4218.30656,4262.15424,43.8476799999999,23.6851200000001,1.61361408233643,0.01580032,1.38974070549011,0.00795648,0.355290078861105,0.578533249778669,0.498267346262081,0.756464201852385,0.000360345632881832,0.000181457262961234,0.5401681457263,33950.8056640625,11062.6220703125,18070809.2577691,-1249781.90126087,35671.9073127298,2726.21968817875,20503.9978027344,23160.9865820619,20056.7549041499
4285.83936,4330.11712,44.2777599999999,25.1187200000004,1.67070662975311,0.01637376,1.54854154586792,0.010752,0.393512610203906,0.599002789154089,0.555202624193178,0.837845524848217,0.000369796484736356,0.000242830712303423,0.567298797409815,34332.275390625,11062.6220703125,18657443.5272107,-1301880.87048756,36460.9192065498,2606.23552592061,20694.7326660156,24355.318831481,21066.0769768726
4355.23584,4399.872,44.63616,27.2076799999995,1.65197765827179,0.01598464,1.45614838600159,0.00836608,0.372945852941552,0.592287842343255,0.522076664510555,0.794055910268969,0.000358109658178481,0.00018742830924524,0.609543473273676,33950.8056640625,11062.6220703125,16087265.26711,-1198071.33213497,35725.7936298464,2402.13777117394,20408.6303710938,23186.9067239306,21425.2490354031
4427.07968,4474.24512,47.1654399999998,27.8835200000003,1.67406690120697,0.00856064,1.67406690120697,0.00856064,0.370570352789909,0.60020755600982,0.60020755600982,0.788998125283884,0.000181502388189319,0.000181502388189319,0.591185410334356,34713.7451171875,11062.6220703125,19560762.6789052,-1355448.94056965,37030.237667252,2782.92309891689,20503.9978027344,26546.5411145683,20415.8890737863
4502.12864,4548.90496,46.7763199999999,26.6547200000005,1.46095263957977,0.01641472,1.35861277580261,0.01051648,0.346571517039369,0.523799146029385,0.487106968747951,0.737901116919304,0.000350919439579685,0.000224824868651489,0.569833625218925,34332.275390625,11062.6220703125,15935974.371181,-1204293.54556595,36248.2156839457,2484.69143816922,20408.6303710938,24040.5714069522,21464.1240771894
4575.55968,4622.60224,47.0425599999999,26.4089599999998,1.51832139492035,0.01660928,1.40905630588531,0.00877568,0.353041605266143,0.544367714949461,0.505192618661714,0.751676874863546,0.000353069220722683,0.000186547670875055,0.561384414453632,34332.275390625,11062.6220703125,16438507.8734479,-1217833.3770065,36307.1816065912,2433.22053871658,20408.6303710938,24199.5554365026,20911.5414873484
4649.0112,4697.72288,48.7116800000003,25.8457600000002,1.72832250595093,0.01729536,1.62588119506836,0.01175552,0.372341429027929,0.619659958957233,0.582931409581495,0.792769003933546,0.000355055707378597,0.000241328568425477,0.530586504099222,34332.275390625,11062.6220703125,13386292.3137273,-1101622.76224418,36043.0976157246,2393.3742706699,20456.3140869141,23430.4077585015,21898.5293569773
4723.56864,4768.12288,44.5542399999995,28.7641599999997,1.74454295635223,0.00903168,1.74454295635223,0.00903168,0.392763539004378,0.62547551918707,0.62547551918707,0.836250643423726,0.000202712020225238,0.000202712020225238,0.645598712939555,34713.7451171875,10299.6826171875,13728502.6623998,-1147167.32073006,36012.5096148045,2093.03526986451,20408.6303710938,24070.2433016289,23858.9879172288
4796.88704,4846.10048,49.2134400000004,26.7776000000003,1.8548389673233,0.00940032,1.8548389673233,0.00940032,0.383711861634045,0.665020234595307,0.665020234595307,0.816978307085702,0.000191011235955054,0.000191011235955054,0.544111527257597,34713.7451171875,10681.15234375,16686550.4202653,-1247152.52977768,37150.4409110498,2594.94493493533,20456.3140869141,25643.61661082,20962.4638754726
4872.87808,4923.0848,50.2067199999992,26.3680000000004,1.68302524089813,0.01840128,1.66214978694916,0.01196032,0.396253313264435,0.603419412816774,0.595934882069361,0.843680879890619,0.000366510299816445,0.000238221497042631,0.525188660004095,34332.275390625,10299.6826171875,11137815.5521257,-1012040.59773567,35591.2686288916,2327.72459043324,20456.3140869141,23243.6918441229,22735.9831617587
4949.4528,5003.0592,53.6063999999997,26.23488,1.77471947669983,0.01078272,1.77471947669983,0.01078272,0.393327115008695,0.636294785438409,0.636294785438409,0.837450578624999,0.000201146131805159,0.000201146131805159,0.489398280802295,33950.8056640625,9536.7431640625,10127317.2314155,-986534.373031344,36125.8105939583,2420.99801455729,20456.3140869141,24268.5044091917,23782.2303367393
5029.29408,5081.6512,52.3571200000006,27.5660799999996,2.15309643745422,0.01268736,2.15309643745422,0.01268736,0.41911426194833,0.771955260357948,0.771955260357948,0.892355161354332,0.000242323489145313,0.000242323489145313,0.526501075689406,35095.21484375,9918.212890625,13410881.4623781,-1123788.68640947,36423.314323824,2130.48017110325,24461.7462158203,25009.4205767466,22075.5187073699
5109.21728,5162.7008,53.4835199999998,29.4502400000001,2.17457127571106,0.01355776,1.93368303775787,0.01040384,0.424761736951725,0.779654689918707,0.693288404037807,0.904379456219586,0.00025349416044419,0.000194524219797052,0.550641393834965,35095.21484375,9536.7431640625,10434226.6025681,-996490.13504652,36064.8545692616,2431.17878162143,24127.9602050781,24134.6033174168,23448.8314384098
5192.15104,5246.04416,53.8931200000006,28.6207999999997,2.08676028251648,0.0135168,2.07146883010864,0.01001472,0.423196155267605,0.748171586359276,0.74268910219396,0.901046105333714,0.000250807524225724,0.000185825574767241,0.531065931977947,35095.21484375,9918.212890625,9789109.83583977,-966569.679963908,35606.5294455272,1957.60137278057,24127.9602050781,24059.9070648149,23659.2957315334
5274.66496,5329.152,54.48704,30.3001599999998,2.17845582962036,0.01375232,1.85915911197662,0.01086464,0.434704389869485,0.781047429125491,0.666569147283389,0.925548808957602,0.000252396166134185,0.000199398609283969,0.556098477729746,34713.7451171875,9536.7431640625,10683415.4965182,-1022694.63680174,36406.6826472719,1562.04046981042,24127.9602050781,24943.6263132543,24006.2787303938
5359.45216,5418.84416,59.3919999999998,25.9481599999999,2.38352680206299,0.01415168,2.38352680206299,0.01415168,0.419689928532172,0.85457205773478,0.85457205773478,0.893580839156188,0.000238275862068966,0.000238275862068966,0.436896551724138,34713.7451171875,9918.212890625,9106362.15079531,-932614.881610782,35974.6066648358,2408.19935363937,19979.4769287109,24488.2168604177,23267.9931941042
5444.79232,5504.99328,60.2009600000001,28.8256000000001,2.28039908409119,0.010496,2.28039908409119,0.010496,0.425659027449638,0.817597409041769,0.817597409041769,0.906289918066731,0.000174349379146113,0.000174349379146113,0.478822929069571,34332.275390625,9918.212890625,10416996.7238485,-1006293.61518228,36378.5287608271,2079.53523842413,24127.9602050781,25777.5260566656,22827.0248210775
5533.81888,5595.09504,61.2761600000003,28.25216,2.19100069999695,0.01406976,2.19100069999695,0.01406976,0.440557908889146,0.785545174098385,0.785545174098385,0.938011801471859,0.000229612299465239,0.000229612299465239,0.461062834224596,34713.7451171875,9536.7431640625,8358444.34487029,-913927.620627459,36021.5585023695,1431.22132948918,24127.9602050781,25347.3188431816,24617.9575566991
5623.3472,5685.38112,62.0339199999999,27.1872000000003,2.1567234992981,0.01545216,2.1567234992981,0.01545216,0.43473479789907,0.773255680265442,0.773255680265442,0.925613552070902,0.000249092109607132,0.000249092109607132,0.438263453284918,34713.7451171875,10299.6826171875,8207515.85909269,-901021.560738511,36214.4197736468,1377.91588459445,20027.1606445312,25147.4244662506,24309.6775432582
5712.56832,5772.63616,60.0678399999997,31.2115199999998,2.33068323135376,0.01673216,2.21729016304016,0.0123392,0.456597814336432,0.835625915018888,0.794970803594195,0.972163090781325,0.000278554381179681,0.000205421070576203,0.519604500511422,35476.6845703125,10299.6826171875,8169972.29702889,-903481.782521816,36611.4334967487,1535.07540442423,26702.880859375,25164.3131880752,24791.7511753459
5803.84768,5866.48576,62.6380799999997,34.3142400000006,2.30030655860901,0.01496064,2.30030655860901,0.01496064,0.441895834370228,0.824734887608519,0.824734887608519,0.940860439222817,0.000238842569887201,0.000238842569887201,0.5478175576263,35095.21484375,9536.7431640625,9317497.84528437,-956589.593954779,36769.2052101603,1812.47315166662,24127.9602050781,25743.1500951081,23361.4618942204
5900.8,5965.62944,64.8294399999995,31.3651200000004,2.51776218414307,0.01673216,1.85076904296875,0.01327104,0.447555607276768,0.902699818071144,0.663561034041117,0.95291091811076,0.000258095087663878,0.000204706997314802,0.483809824672257,34713.7451171875,9536.7431640625,7356034.90782667,-853595.271055026,36152.7663010817,1435.64527087702,24080.2764892578,25103.9139494992,24421.7458221635
5996.99456,6059.43808,62.4435199999998,35.7785599999997,2.41942119598389,0.01671168,2.12597560882568,0.01276928,0.459475426194483,0.867441368055762,0.762231559198597,0.978289944546619,0.000267628730731388,0.000204493276484094,0.572974745818299,34713.7451171875,9536.7431640625,6278107.99837591,-786885.839330428,35697.9759372011,2621.13120917374,24080.2764892578,24656.3656928788,24656.3656927338
6095.21664,6160.55808,65.3414400000001,34.4473600000001,2.65472865104675,0.01698816,2.11044836044312,0.01632256,0.462369237375608,0.951806761345807,0.756664534489764,0.984451289024513,0.000259990597085096,0.000249804105939507,0.527190095596302,34713.7451171875,9536.7431640625,6126269.90825341,-771678.429577176,35550.7690982042,2532.49423592113,24080.2764892578,24334.7171603949,24266.4472672086
6195.00544,6262.21056,67.2051200000005,35.8809599999995,2.58525633811951,0.01746944,2.0322630405426,0.01680384,0.446766953037575,0.92689867247412,0.728632548587946,0.951231758643373,0.000259942099649548,0.00025003809233582,0.533902178881597,34713.7451171875,9536.7431640625,6567584.71741984,-807608.725397761,36026.8043944998,1428.28697483865,24080.2764892578,25042.6255890914,24612.7600220803
6298.09152,6365.58336,67.4918399999997,37.5705600000001,2.30315637588501,0.01768448,1.98525667190552,0.01374208,0.449374692182177,0.825756640001491,0.711779233098452,0.956784014188994,0.000262023972083145,0.000203610984676074,0.556668183887123,35095.21484375,9536.7431640625,5853217.70109112,-764713.312003256,36232.4418607902,2536.47428256293,24080.2764892578,25004.636834346,24949.6328639682
6403.15392,6472.25344,69.0995200000007,36.1983999999993,2.34349131584167,0.0180736,2.06730937957764,0.01441792,0.469672032055306,0.840218030831056,0.741197803587101,1,0.000261558980438646,0.000208654416123294,0.523858921161811,35095.21484375,9536.7431640625,5465295.91265493,-737952.885701624,36059.1765560603,2531.3390423318,23603.4393310547,24924.3287094606,24896.8031525995
6508.45184,6578.44224,69.9904000000006,39.0144,2.78914666175842,0.01801216,2.27043986320496,0.01473536,0.460963346274809,1,0.814026703699243,0.981457942593713,0.000257351865398681,0.000210534016093634,0.557425018288218,34713.7451171875,9536.7431640625,5537315.14186772,-757520.054661477,36422.1019662304,2209.25280682917,23603.4393310547,25921.6929102629,25893.7290799531
6617.45664,6686.80192,69.3452799999995,39.9257600000001,2.33742594718933,0.0182784,1.92796647548676,0.0141824,0.468455747710324,0.838043398447788,0.691238830112743,0.997410353902361,0.000263585351447137,0.000204518606024809,0.57575310100414,34713.7451171875,9536.7431640625,5270746.19917605,-715024.452323667,35668.3282141507,3177.82491563273,24080.2764892578,24262.0120219922,24237.7759415897
6726.72768,6799.04256,72.3148799999999,41.5334400000002,2.4366569519043,0.02018304,1.84122371673584,0.01526784,0.46304835812131,0.873620948411548,0.660138723424116,0.985897235768946,0.00027909940526763,0.000211129991503824,0.574341546304166,34713.7451171875,9536.7431640625,5425320.49245189,-751694.304376867,36575.4251873243,809.101150099059,24080.2764892578,26087.4551669962,25987.2852795774
6840.576,6911.78496,71.2089599999999,43.3561600000003,2.46413493156433,0.0203776,1.52754890918732,0.01569792,0.438264521089624,0.883472699858247,0.547676079616506,0.933128845615436,0.000286166235260282,0.000220448662640207,0.608858211101529,34713.7451171875,9536.7431640625,3809053.04529016,-616389.657030294,35501.0381400056,3659.63711046172,23603.4393310547,24577.8402702938,24577.8402702578
6955.14112,7031.08096,75.93984,41.1238400000002,2.47448539733887,0.018688,2.47448539733887,0.018688,0.443009796417861,0.887183679247194,0.887183679247194,0.94323222628188,0.00024608953613808,0.00024608953613808,0.541531823085224,34713.7451171875,9536.7431640625,4144498.26825569,-643596.584022728,35277.3660808053,2947.68942897504,23603.4393310547,24973.8832365482,24973.8832364333
7072.2048,7145.80992,73.6051199999993,44.0934400000006,2.39191150665283,0.01872896,2.34178423881531,0.01813504,0.44379252965263,0.857578247658317,0.839605988069098,0.944898779070522,0.000254451864218144,0.000246382860322763,0.599053978853659,34332.275390625,9536.7431640625,4788360.23369278,-671028.28824364,35278.5981802635,3320.77576841569,24080.2764892578,23568.9158213487,23449.1528879277
7189.90336,7266.74432,76.8409599999995,42.1683199999998,2.45209360122681,0.02002944,2.3311972618103,0.0190976,0.421782509490439,0.879155490403964,0.835810211694137,0.898036248070169,0.000260660980810236,0.000248534115138594,0.548773987206823,34713.7451171875,9536.7431640625,4884468.70366904,-698748.252615248,36013.476813492,2358.02898110905,23603.4393310547,25127.7788618029,24851.9792279569
7308.91264,7387.92448,79.0118400000001,45.4144000000006,2.52531599998474,0.0217088,1.59882771968842,0.017408,0.435905651128891,0.905408107292806,0.573231856757375,0.928106468723183,0.000274753758424054,0.000220321410057024,0.574779678589949,34713.7451171875,9536.7431640625,4485957.80438409,-683151.642509718,36467.0207489591,2029.18537137976,24080.2764892578,26045.6378255192,25971.8130168236
7433.33888,7507.95776,74.61888,45.5680000000002,2.30329489707947,0.01741824,2.30329489707947,0.01741824,0.415248195798834,0.825806304365275,0.825806304365275,0.884123744779287,0.00023342939481268,0.00023342939481268,0.610676547275974,34713.7451171875,9536.7431640625,4661424.02475974,-660239.715073988,33988.3201589968,2097.50957670034,23603.4393310547,23446.2192652007,23311.6451365529
7553.52576,7631.67744,78.1516799999999,45.2812799999992,2.18464708328247,0.02123776,1.52303063869476,0.01084416,0.397520487122489,0.783267195388412,0.54605613235647,0.846378877155877,0.000271750524109015,0.00013875786163522,0.579402515723261,35095.21484375,9536.7431640625,4569498.81156838,-675445.518309426,35597.3185716263,2005.76734671222,23174.2858886719,25042.73597684,24878.1422588062
7676.95872,7755.60192,78.6432000000004,51.1795199999997,2.33882570266724,0.02207744,1.42096483707428,0.0128512,0.408635763318924,0.838545256416426,0.509462215292196,0.870044915237373,0.000280729166666665,0.000163411458333332,0.650781249999992,35476.6845703125,9536.7431640625,4862247.72954031,-721409.25544068,37095.3492560409,639.313886876779,23126.6021728516,26855.4362209733,26662.1315814552
7806.78144,7884.8,78.0185600000004,51.1590399999995,2.28767919540405,0.01795072,2.28767919540405,0.01795072,0.389676365588581,0.82020756626752,0.82020756626752,0.829677602652514,0.000230082688016799,0.000230082688016799,0.655729098306855,34332.275390625,9536.7431640625,4344400.34794432,-637271.595008255,33899.8690665178,1962.81750521348,23174.2858886719,23464.9647403952,23275.1003551621
7935.95904,8015.2064,79.2473600000003,52.1523200000001,2.06953644752502,0.0198656,1.90900051593781,0.01947648,0.37347832331385,0.741996280045124,0.68443891535423,0.795189617059999,0.000250678382219924,0.000245768187104276,0.658095361157772,35095.21484375,9536.7431640625,5186129.05915154,-711066.140101298,35364.993892396,1244.13718872097,23174.2858886719,24966.3973806343,23780.4767471808
8067.35872,8142.71488,75.3561600000003,57.4156799999992,1.77734220027924,0.01902592,1.38206088542938,0.01860608,0.324880587498948,0.637235117338257,0.49551388042035,0.691717976216842,0.00025247995651583,0.000246908547356977,0.761924174480214,33569.3359375,9536.7431640625,4807642.38492744,-674841.767464326,34673.7253533547,2323.63642537726,23174.2858886719,23810.2333212079,23553.0424526809
8200.13056,8271.2576,71.1270400000012,59.1769599999989,1.39575171470642,0.0145408,1.39575171470642,0.0145408,0.30264354983966,0.500422489015499,0.500422489015499,0.644372091979329,0.000204434206737687,0.000204434206737687,0.831989634321882,30899.0478515625,9536.7431640625,5173980.29190463,-669551.91748878,31947.0596574222,524.791406968542,23126.6021728516,21874.7359988991,21447.7909134314
8330.43456,8397.21984,66.7852800000001,0,1.16729915142059,0.00809984,1.16729915142059,0.00809984,0.303911415766759,0.418514797886127,0.418514797886127,0.647071562760143,0.000121281815394051,0.000121281815394051,0,30899.0478515625,9536.7431640625,6191120.62688729,-726778.918903348,31834.5654726253,660.718182120103,14591.2170410156,21734.4397370967,20924.0415578562
